n=32
J=1
eta=0
mu=0.2
-0.777861
-0.761663
-0.75212
-0.747648
-0.741829
-0.722137
-0.699345
-0.684656
-0.682367
-0.677286
-0.665586
-0.66419
-0.653139
-0.642453
-0.63498
-0.631172
-0.624844
-0.607087
-0.599833
-0.597958
-0.582301
-0.576129
-0.574459
-0.566546
-0.562667
-0.553688
-0.549708
-0.543383
-0.542853
-0.531793
-0.527158
-0.525245
-0.515993
-0.507107
-0.502467
-0.49175
-0.482727
-0.475805
-0.471291
-0.470558
-0.465521
-0.462303
-0.454512
-0.445902
-0.43457
-0.429997
-0.41677
-0.407892
-0.406869
-0.399266
-0.3982
-0.391418
-0.389141
-0.381713
-0.37459
-0.366803
-0.361982
-0.351281
-0.350511
-0.346876
-0.34038
-0.337807
-0.331113
-0.326708
-0.31976
-0.318155
-0.30407
-0.303484
-0.300623
-0.297652
-0.296563
-0.292536
-0.281111
-0.279384
-0.279367
-0.273956
-0.26106
-0.255184
-0.251805
-0.244716
-0.241505
-0.232307
-0.231874
-0.225667
-0.214826
-0.210343
-0.206183
-0.205492
-0.200421
-0.193881
-0.192308
-0.185415
-0.18068
-0.179861
-0.173271
-0.166949
-0.161292
-0.155316
-0.142281
-0.139868
-0.137272
-0.129876
-0.126754
-0.119015
-0.117572
-0.114121
-0.111422
-0.0974569
-0.09089
-0.089776
-0.087993
-0.0839818
-0.0751515
-0.0738215
-0.070626
-0.0602307
-0.0579906
-0.0513642
-0.0412002
-0.0391213
-0.0358594
-0.031729
-0.0282616
-0.0241162
-0.0203466
-0.013746
-0.0107979
-0.0094976
-0.00403571
-0.00165228
0.00113152
0.00674621
0.0165499
0.0262513
0.0309379
0.0397065
0.0443423
0.0473484
0.0478497
0.0557975
0.0583191
0.0653152
0.0718596
0.0722742
0.0852871
0.086516
0.0911496
0.0915294
0.0980248
0.0994778
0.10647
0.115432
0.122649
0.128804
0.135383
0.135498
0.141506
0.143432
0.150214
0.155403
0.160514
0.16923
0.171437
0.175154
0.184871
0.185262
0.190057
0.199351
0.209725
0.210932
0.217034
0.217447
0.227822
0.229507
0.236961
0.242409
0.249439
0.252995
0.258069
0.262268
0.265068
0.270803
0.271111
0.276382
0.281296
0.283972
0.295046
0.298259
0.313111
0.316063
0.320753
0.328097
0.328633
0.339792
0.344805
0.346646
0.346936
0.354665
0.363079
0.370141
0.370192
0.375317
0.386721
0.392547
0.39352
0.399224
0.405847
0.409628
0.4173
0.422053
0.426945
0.437734
0.438406
0.441033
0.447604
0.460361
0.463225
0.472893
0.479724
0.485918
0.496474
0.501562
0.513543
0.514771
0.523344
0.530603
0.533019
0.545084
0.547811
0.550304
0.556275
0.56449
0.566585
0.575111
0.587416
0.58744
0.589389
0.603421
0.616609
0.61732
0.628418
0.64167
0.643367
0.643918
0.66465
0.667589
0.696373
0.699501
0.703669
0.712094
0.716679
0.733465
0.742095
0.747977
0.754873
0.769296
