n=16
J=0.707107
eta=0.987469
mu=0
beta-optimal=0
max-overlap=0
1.0383e-13, 4.12616e-16, 5.37869e-15, 2.27552e-13, 3.59258e-15, 1.0686e-13, 3.2512e-15, 2.20431e-13, 2.7357e-13, 2.64824e-15, 3.25159e-13, 2.09556e-15, 5.21831e-13, 2.04139e-14, 7.59124e-12, 9.68655e-13, 6.44768e-12, 2.16529e-12, 1, 1
8.11188e-15, 6.10732e-14, 3.41395e-14, 2.38346e-15, 1.46115e-14, 7.83067e-15, 8.43806e-15, 4.75938e-15, 8.36601e-15, 7.33882e-15, 2.41202e-15, 3.17927e-14, 5.34167e-15, 6.0623e-15, 6.54011e-15, 6.32159e-15, 1.32567e-14, 6.33507e-15, 8.07498e-16, 1.76191e-15
3.01822e-16, 1.89688e-14, 1.2172e-14, 8.70737e-16, 3.73121e-15, 5.72184e-16, 1.16697e-15, 3.30247e-15, 4.00184e-16, 2.96545e-15, 1.33145e-15, 1.42822e-14, 3.7208e-15, 1.06962e-14, 5.02961e-15, 7.40545e-15, 7.58904e-15, 3.07101e-15, 6.67671e-17, 2.268e-16
1.58495e-17, 5.13749e-15, 2.8509e-15, 1.36642e-16, 5.78683e-16, 1.02504e-16, 7.43814e-17, 5.369e-17, 1.18842e-16, 7.53232e-16, 5.16399e-17, 2.56433e-15, 1.06136e-16, 1.68362e-16, 1.13425e-16, 1.21859e-16, 5.89049e-17, 1.73777e-16, 2.50752e-17, 3.29035e-17
4.78171e-17, 6.31449e-17, 4.21695e-17, 1.9408e-17, 7.62885e-17, 3.84108e-17, 9.90655e-17, 8.63616e-17, 1.56162e-16, 2.81815e-17, 1.52483e-16, 1.80311e-16, 1.00296e-16, 1.48939e-17, 4.73459e-17, 2.11706e-17, 7.16978e-17, 4.54435e-17, 8.75133e-17, 3.36822e-17
9.8823e-17, 3.9739e-15, 2.29072e-15, 1.2495e-17, 5.7487e-16, 2.38826e-17, 1.97216e-16, 4.79912e-17, 8.28686e-17, 5.99466e-16, 7.11369e-17, 2.32155e-15, 2.51364e-17, 4.65083e-17, 1.59488e-17, 4.12481e-17, 3.0941e-17, 5.35667e-17, 3.72652e-17, 2.02754e-17
9.79785e-17, 1.56366e-17, 4.25042e-18, 2.91067e-17, 1.05605e-17, 4.65009e-17, 6.60524e-17, 4.61437e-17, 4.80286e-17, 1.94578e-17, 5.65999e-17, 8.27538e-17, 1.20015e-16, 4.76298e-17, 5.80135e-17, 5.31503e-17, 6.59423e-17, 2.81893e-18, 5.44593e-17, 4.50214e-17
8.99879e-17, 1.75621e-16, 1.1024e-16, 2.33612e-17, 5.96987e-17, 3.23668e-17, 1.13937e-17, 7.53881e-18, 9.5147e-17, 4.46835e-17, 1.28257e-16, 7.87922e-17, 1.5625e-17, 5.75814e-17, 1.22521e-16, 7.02757e-17, 2.2545e-17, 5.9663e-17, 2.59032e-17, 3.05448e-17
6.67071e-18, 1.71404e-15, 9.6827e-16, 3.77574e-17, 2.86358e-16, 1.3101e-17, 2.58279e-17, 5.04062e-17, 1.22216e-17, 1.807e-16, 3.0962e-18, 8.52792e-16, 1.88268e-17, 8.066e-17, 8.21105e-17, 3.4995e-17, 1.42023e-17, 9.77745e-18, 8.57547e-17, 2.86022e-17
1.316e-16, 6.99558e-17, 7.62724e-17, 8.11043e-17, 4.6975e-17, 7.49049e-17, 9.91461e-17, 9.39317e-17, 2.08163e-17, 8.48493e-18, 1.59257e-16, 7.56459e-17, 5.57995e-17, 1.72721e-17, 6.56752e-17, 2.20068e-17, 8.67405e-17, 5.74296e-17, 4.77148e-17, 8.52048e-17
9.07793e-17, 1.21234e-15, 7.66566e-16, 5.52642e-17, 2.2907e-16, 4.93861e-17, 8.02075e-17, 4.86032e-17, 3.87142e-17, 1.84902e-16, 7.68827e-17, 6.57927e-16, 1.19612e-16, 3.50239e-17, 1.55389e-16, 2.93006e-17, 6.65216e-17, 6.13869e-17, 6.09688e-17, 2.28538e-17
1.05464e-16, 4.22699e-16, 8.49274e-17, 4.16208e-17, 2.2119e-16, 1.42627e-18, 1.56344e-16, 7.2794e-18, 3.6393e-17, 2.33251e-17, 3.62539e-17, 2.6456e-16, 1.43853e-16, 1.13768e-16, 6.92404e-17, 7.00919e-17, 6.51549e-17, 8.43102e-17, 7.59159e-18, 2.14782e-16
4.91439e-17, 4.44215e-15, 2.49507e-15, 8.18879e-17, 7.91839e-16, 4.62249e-17, 1.47562e-16, 1.64533e-17, 5.58473e-17, 3.64257e-16, 2.96374e-17, 2.30286e-15, 7.39152e-17, 6.75081e-17, 3.80472e-18, 2.36436e-17, 6.82885e-17, 1.4275e-16, 3.63755e-17, 1.24642e-16
4.07823e-17, 3.49052e-17, 2.46561e-17, 3.31408e-17, 9.10117e-18, 4.46212e-17, 2.55136e-17, 8.24546e-17, 8.52254e-17, 9.08458e-18, 4.63082e-17, 2.25524e-17, 4.30303e-17, 1.15718e-16, 1.09062e-16, 1.06835e-16, 8.00625e-17, 1.19085e-16, 1.16882e-16, 1.72432e-17
9.23486e-17, 4.10123e-16, 2.13798e-16, 1.16545e-16, 1.51661e-17, 3.16572e-17, 1.59361e-16, 2.29263e-16, 2.86681e-17, 9.90472e-17, 1.93978e-16, 2.01417e-16, 2.81901e-17, 6.30851e-17, 2.05683e-17, 1.21511e-16, 6.74886e-17, 6.63078e-17, 4.2924e-17, 4.89008e-17
7.32767e-17, 1.20263e-16, 8.66814e-17, 4.84493e-17, 5.21164e-17, 6.18878e-17, 6.13808e-17, 1.76435e-16, 3.35457e-16, 3.4239e-17, 2.57984e-16, 5.55112e-17, 1.43446e-16, 2.54216e-16, 3.30423e-16, 2.65075e-17, 2.5139e-16, 7.58731e-17, 9.82773e-17, 4.32574e-17
