n=16
J=0.707107
eta=0.115288
mu=0
beta-optimal=0
max-overlap=0
1.24918e-16, 4.65155e-15, 2.98352e-16, 5.83945e-15, 1.11782e-16, 5.71065e-16, 1.3321e-16, 6.85472e-16, 3.20563e-16, 1.91543e-15, 1.48564e-15, 9.21544e-15, 1.25758e-15, 7.74912e-15, 2.99848e-15, 6.23056e-15, 8.99319e-15, 3.63376e-15, 1, 1
1.12522e-16, 1.26711e-15, 8.1941e-14, 9.80525e-15, 1.60697e-14, 3.36282e-14, 8.35234e-15, 2.36597e-14, 1, 1, 2.39848e-14, 6.64216e-14, 1.40811e-14, 2.25727e-14, 7.10924e-14, 1.217e-13, 1.1912e-14, 5.73452e-15, 1.7835e-15, 1.70207e-15
5.63481e-17, 1.5187e-15, 1, 1, 6.74405e-14, 4.54598e-14, 5.94378e-15, 3.60989e-13, 8.3443e-14, 1.17932e-14, 1.05594e-14, 4.61461e-14, 1.55033e-14, 1.27844e-14, 7.11799e-15, 1.43577e-14, 3.38651e-14, 2.80424e-15, 1.15928e-15, 6.19514e-15
1.07371e-16, 1.19581e-16, 3.48675e-17, 5.36521e-17, 8.43479e-18, 3.38637e-17, 5.97919e-18, 1.37749e-17, 3.01843e-17, 2.33282e-17, 7.98847e-18, 1.77439e-17, 1.52332e-17, 6.49627e-17, 3.4861e-17, 9.19865e-18, 4.17546e-17, 1.01788e-16, 5.472e-17, 3.18227e-17
3.28946e-18, 6.46578e-17, 5.17711e-17, 1.53727e-16, 2.60557e-17, 4.63899e-17, 5.07713e-17, 1.75865e-17, 4.33768e-17, 1.07724e-16, 3.3901e-17, 3.49121e-17, 2.22384e-17, 5.24584e-17, 5.79398e-17, 1.44608e-16, 1.14823e-17, 4.51362e-17, 1.30854e-16, 1.80761e-16
9.08989e-17, 8.66212e-18, 5.76649e-17, 4.81757e-17, 2.07842e-17, 9.44331e-18, 4.01024e-17, 2.8053e-17, 3.4938e-17, 1.11845e-17, 1.09687e-17, 3.01685e-17, 2.69957e-17, 5.85823e-18, 9.84249e-18, 1.05199e-16, 2.73789e-17, 6.94571e-17, 5.59279e-17, 3.88008e-17
9.77015e-17, 3.75343e-17, 5.73299e-17, 3.31097e-17, 5.70419e-17, 1.26893e-16, 6.5843e-17, 6.63715e-17, 4.30896e-17, 7.09502e-17, 3.83604e-17, 3.11222e-17, 4.96743e-17, 7.35196e-17, 4.69999e-17, 1.10397e-17, 7.33729e-17, 8.84074e-18, 9.47967e-17, 1.59984e-16
5.73507e-17, 1.1812e-16, 1.7814e-17, 9.93947e-17, 5.38449e-18, 1.10497e-16, 5.56851e-17, 5.20185e-17, 5.85096e-18, 2.98849e-17, 3.59603e-17, 5.28536e-17, 1.53397e-17, 1.92466e-17, 2.48436e-17, 5.8028e-17, 2.57203e-17, 6.99272e-17, 3.95627e-17, 8.90307e-17
5.00519e-17, 1.37631e-17, 4.34156e-17, 7.30195e-17, 1.69519e-17, 2.14477e-17, 6.61784e-18, 1.13534e-16, 4.47226e-17, 9.06889e-17, 8.25506e-18, 7.34848e-17, 4.39429e-17, 5.215e-17, 3.93967e-17, 3.39708e-17, 3.90355e-17, 9.20442e-17, 2.05917e-17, 3.63152e-17
2.0512e-17, 4.28164e-17, 2.31076e-17, 9.67417e-17, 5.88894e-17, 3.8493e-17, 8.74553e-17, 5.62548e-17, 7.12082e-17, 1.43049e-16, 3.07749e-17, 1.30542e-17, 3.65717e-17, 1.64106e-17, 4.29957e-17, 7.47191e-17, 6.6957e-17, 9.24341e-17, 6.74761e-17, 7.81649e-17
7.83717e-17, 1.56079e-17, 3.22191e-17, 7.52391e-17, 8.62115e-17, 2.5448e-17, 5.96676e-17, 3.35425e-17, 2.70138e-17, 8.70003e-17, 4.0913e-17, 1.39703e-17, 7.42456e-18, 3.21586e-17, 9.86545e-17, 1.09964e-16, 6.4961e-17, 8.07264e-17, 4.93578e-17, 4.78722e-17
8.3345e-18, 6.82439e-17, 9.16561e-17, 1.16762e-16, 2.1355e-17, 9.96861e-17, 9.82631e-18, 6.39196e-17, 1.23036e-17, 2.66437e-17, 2.97503e-17, 2.41294e-17, 3.00203e-17, 4.64794e-17, 2.59079e-17, 7.44216e-17, 5.49943e-17, 9.96851e-17, 1.17624e-16, 6.41998e-17
1.83832e-17, 1.24113e-17, 2.63283e-17, 2.78758e-17, 5.15321e-17, 6.05207e-17, 4.00932e-17, 1.43857e-16, 1.18797e-17, 5.42806e-17, 1.07524e-17, 4.00002e-17, 7.74775e-18, 1.95595e-17, 3.17467e-17, 1.63594e-17, 6.35565e-18, 1.18668e-17, 1.13717e-17, 9.67994e-17
9.98074e-17, 1.3773e-16, 2.79716e-17, 2.25013e-17, 2.21945e-17, 1.32051e-16, 8.30174e-17, 3.03039e-17, 4.72307e-17, 6.29412e-17, 9.11402e-18, 3.13341e-17, 6.16253e-17, 9.38074e-17, 8.00675e-17, 5.08542e-18, 1.65831e-16, 2.45486e-17, 1.53527e-17, 1.40988e-17
5.22745e-17, 1.55249e-16, 5.70751e-17, 1.12438e-16, 3.23743e-17, 9.98929e-17, 3.53582e-17, 1.11899e-16, 1.46792e-16, 2.47283e-16, 7.6983e-17, 2.10577e-16, 1.86906e-16, 4.01984e-17, 6.47972e-17, 3.15215e-16, 1.95579e-16, 1.01851e-16, 5.42293e-17, 3.38634e-17
1.02834e-16, 3.28427e-16, 1.83314e-16, 1.15576e-16, 8.71107e-17, 2.68393e-16, 1.45652e-16, 2.29456e-16, 9.64957e-17, 3.07602e-16, 1.30539e-16, 2.95423e-16, 1.04508e-16, 7.16207e-17, 2.04505e-16, 2.43435e-16, 2.56129e-17, 5.07555e-16, 8.98934e-17, 1.67798e-16
