n=16
J=0.707107
eta=0.87218
mu=0.1
beta-optimal=0
max-overlap=0
5.11272e-15, 1.98246e-15, 3.54525e-15, 1.28554e-15, 8.21281e-16, 1.17123e-15, 9.86812e-17, 1.07385e-15, 4.23078e-17, 2.17e-15, 1.3902e-16, 1.54554e-15, 4.4666e-15, 1.24708e-16, 8.15775e-15, 2.35859e-16, 8.85573e-16, 6.12131e-15, 0.540724, 0.540724
3.16602e-15, 1.08444e-15, 2.12225e-15, 3.972e-16, 2.70617e-15, 3.08328e-15, 4.22076e-17, 1.60653e-15, 3.23146e-17, 8.23089e-16, 4.22629e-16, 1.74923e-15, 2.31469e-15, 1.00687e-16, 7.16341e-15, 1.76559e-16, 1.55158e-16, 5.25486e-15, 0.4653, 0.4653
7.39372e-16, 6.92668e-17, 3.46981e-15, 1.02841e-15, 3.17165e-15, 2.21944e-15, 1.17757e-16, 7.16859e-16, 2.47192e-16, 1.16914e-15, 3.57647e-16, 6.06386e-16, 2.86481e-15, 2.51437e-16, 7.69656e-15, 5.28376e-16, 3.10317e-17, 5.2073e-15, 0.498829, 0.498829
5.73822e-16, 5.69761e-16, 1.29076e-15, 7.58898e-17, 4.40512e-16, 5.31071e-16, 1.48177e-16, 3.06143e-16, 1.75479e-16, 7.80451e-16, 2.69584e-17, 1.12821e-16, 1.52827e-15, 5.27088e-17, 3.61335e-15, 2.91756e-16, 2.84231e-17, 2.63842e-15, 0.23626, 0.23626
4.04219e-16, 4.49288e-16, 7.92407e-16, 5.70813e-17, 3.09326e-16, 3.94888e-16, 1.62752e-16, 2.86238e-16, 2.15723e-16, 3.89378e-16, 1.67785e-16, 9.77755e-17, 1.20278e-15, 2.12428e-16, 2.53364e-15, 1.28967e-16, 4.93406e-17, 1.79253e-15, 0.168934, 0.168934
4.23857e-16, 2.67865e-16, 1.04614e-15, 9.60043e-17, 1.79459e-16, 4.3016e-16, 1.22249e-16, 2.13957e-16, 2.39849e-16, 6.97375e-16, 1.44753e-16, 2.43485e-16, 1.11366e-15, 1.7018e-16, 2.82918e-15, 1.8894e-16, 3.75278e-17, 1.98771e-15, 0.18784, 0.18784
3.02255e-16, 2.36533e-16, 7.26843e-16, 1.7416e-17, 2.14607e-16, 4.48127e-16, 1.96262e-17, 2.35028e-16, 5.08112e-17, 3.97956e-16, 1.68252e-17, 5.84496e-17, 7.88759e-16, 1.17564e-16, 2.35359e-15, 5.82287e-17, 4.26178e-17, 1.63914e-15, 0.151683, 0.151683
3.14306e-16, 8.91144e-17, 7.86451e-16, 2.5156e-17, 7.30788e-17, 3.85632e-16, 5.89806e-17, 1.8052e-16, 8.16411e-17, 4.4832e-16, 1.18474e-17, 4.04833e-17, 1.0114e-15, 3.13605e-17, 2.26396e-15, 7.89217e-17, 3.10317e-17, 1.59322e-15, 0.149647, 0.149647
3.30997e-16, 1.73809e-16, 7.64536e-16, 1.93897e-17, 4.06456e-17, 4.04645e-16, 8.53371e-17, 1.74943e-16, 5.99662e-17, 3.54506e-16, 4.3311e-17, 8.86955e-17, 9.91161e-16, 4.42076e-17, 2.22895e-15, 1.15741e-16, 2.46551e-17, 1.46885e-15, 0.138532, 0.138532
4.00479e-16, 2.72122e-16, 5.31119e-16, 1.07571e-16, 5.98847e-17, 2.25036e-16, 3.87896e-17, 2.11117e-16, 1.81197e-16, 3.60043e-16, 1.06866e-16, 8.00895e-17, 8.2782e-16, 1.96934e-16, 1.81093e-15, 9.25017e-17, 4.50554e-17, 1.18227e-15, 0.117673, 0.117673
2.82983e-16, 2.68413e-16, 5.74047e-16, 1.1206e-16, 1.14188e-16, 2.56677e-16, 8.57461e-17, 1.67248e-16, 1.34884e-16, 2.96041e-16, 6.44652e-17, 4.69042e-17, 7.12058e-16, 1.41113e-16, 1.6934e-15, 1.17716e-16, 4.29322e-17, 1.20534e-15, 0.112874, 0.112874
2.15793e-16, 1.56646e-16, 5.33201e-16, 6.98304e-17, 7.51669e-17, 2.05907e-16, 1.0769e-16, 1.47295e-16, 2.62896e-17, 3.30028e-16, 5.69893e-17, 6.72158e-17, 6.31597e-16, 3.09737e-17, 1.62744e-15, 3.71213e-17, 4.82464e-17, 1.11926e-15, 0.104793, 0.104793
2.31173e-16, 3.4362e-17, 4.96653e-16, 2.75299e-17, 1.34568e-16, 2.64663e-16, 4.46423e-17, 1.42654e-16, 1.7855e-16, 2.244e-16, 3.13633e-17, 8.9156e-17, 5.88988e-16, 3.73761e-17, 1.38298e-15, 1.04907e-16, 5.14328e-17, 9.07341e-16, 0.085877, 0.085877
2.22149e-16, 1.13253e-16, 5.33944e-16, 5.34432e-17, 1.24044e-16, 2.06579e-16, 8.37891e-17, 1.05123e-16, 1.03038e-16, 1.566e-16, 4.00519e-17, 1.50894e-16, 7.4329e-16, 1.95023e-16, 1.38286e-15, 1.41656e-16, 2.58759e-17, 7.79841e-16, 0.0764768, 0.0764768
1.80164e-16, 1.65207e-16, 1.30349e-16, 1.29118e-16, 1.60198e-16, 8.65428e-17, 2.9643e-17, 1.48484e-16, 2.39006e-16, 1.35609e-16, 8.05388e-17, 1.57639e-16, 3.70255e-16, 1.10379e-16, 8.61688e-16, 2.09579e-16, 3.36822e-17, 6.20992e-16, 0.0667514, 0.0667514
1.0389e-16, 3.17108e-16, 1.64459e-16, 2.61705e-16, 3.08263e-16, 1.6061e-16, 6.44713e-17, 2.02142e-16, 3.5004e-16, 4.33947e-16, 5.16364e-17, 1.42348e-16, 3.65887e-16, 5.1653e-17, 8.16426e-16, 1.76854e-16, 1.69551e-16, 4.35715e-16, 0.052911, 0.052911
