n=16
J=0.707107
eta=0.596491
mu=0
beta-optimal=0
max-overlap=0
1.98637e-15, 1.18337e-16, 4.39183e-15, 1.10288e-16, 2.38257e-15, 3.80114e-17, 1.17662e-15, 1.2944e-15, 5.21544e-15, 3.01583e-16, 2.91563e-16, 2.1966e-15, 3.71646e-15, 4.88272e-15, 1.59248e-15, 1.00985e-13, 5.25109e-15, 9.69367e-14, 1, 1
3.8194e-14, 2.438e-15, 1.03599e-13, 6.46576e-14, 4.17036e-14, 3.32998e-14, 5.56185e-13, 3.86003e-14, 2.53661e-13, 1.2866e-13, 1, 1, 3.48973e-15, 4.13541e-13, 5.81827e-15, 2.79053e-16, 5.17615e-15, 7.68039e-15, 1.18829e-15, 1.45372e-15
2.40678e-14, 7.27186e-15, 1, 1, 9.08367e-13, 2.76009e-13, 7.72735e-14, 2.18598e-14, 1.29582e-14, 8.68712e-15, 6.53803e-14, 1.05405e-13, 6.08929e-16, 2.17866e-14, 1.02827e-14, 5.11798e-15, 7.89041e-15, 5.9278e-15, 4.36753e-15, 1.17542e-15
1.47231e-16, 5.07785e-15, 9.49021e-17, 1.66795e-16, 9.75298e-18, 9.7243e-17, 7.35383e-17, 2.65252e-16, 2.24598e-17, 2.73536e-16, 1.44783e-16, 1.38046e-16, 5.36681e-17, 4.89232e-17, 6.49165e-17, 1.3632e-16, 7.11668e-17, 1.43243e-16, 3.92076e-17, 1.59701e-16
1.12282e-16, 2.01643e-14, 2.3059e-17, 3.09495e-16, 4.4448e-17, 7.72446e-17, 1.04971e-16, 8.012e-16, 1.21148e-16, 2.86471e-16, 9.76697e-17, 7.45237e-17, 1.22946e-16, 9.43642e-17, 7.39586e-17, 1.02168e-16, 3.38773e-16, 2.70972e-17, 3.57622e-17, 7.73656e-17
8.15224e-17, 8.25589e-15, 1.05094e-16, 9.72616e-17, 2.68265e-17, 5.47168e-17, 1.95609e-17, 3.19813e-16, 2.36823e-17, 1.18144e-16, 7.5576e-17, 6.65438e-17, 2.20007e-17, 3.28968e-17, 2.30645e-17, 1.7427e-17, 7.82127e-17, 1.2879e-16, 9.13594e-18, 6.01202e-17
7.52362e-17, 4.7767e-16, 1.04954e-16, 1.36722e-17, 8.38403e-17, 1.62425e-17, 1.16821e-17, 1.30093e-17, 3.71622e-17, 3.13389e-17, 3.82525e-17, 1.80382e-16, 3.17218e-17, 4.98885e-17, 3.01377e-17, 8.34565e-18, 1.34136e-16, 1.77593e-16, 3.61623e-17, 3.6689e-17
1.87704e-17, 2.79195e-15, 1.65737e-16, 1.25408e-16, 1.01576e-17, 8.45667e-17, 2.13389e-18, 8.08169e-17, 1.95448e-17, 6.90295e-18, 2.20072e-16, 7.91593e-18, 1.06851e-16, 2.95898e-17, 1.23285e-16, 2.30209e-17, 7.1197e-17, 2.62129e-17, 4.72643e-17, 7.25662e-17
1.41913e-17, 1.02055e-14, 7.239e-17, 1.13555e-16, 2.02823e-16, 2.50702e-17, 2.38193e-17, 3.79036e-16, 7.87902e-18, 2.05458e-16, 1.22369e-16, 8.31489e-17, 7.34782e-17, 1.10189e-16, 5.54991e-17, 3.75915e-17, 4.28743e-18, 2.95866e-17, 2.30654e-17, 2.63741e-17
1.41231e-16, 1.38776e-15, 6.27754e-17, 2.26364e-17, 1.05255e-16, 1.26542e-17, 1.95629e-16, 5.61932e-17, 1.47145e-16, 1.06183e-17, 1.42366e-16, 1.37744e-16, 5.79057e-17, 4.74519e-17, 1.49188e-16, 6.39093e-17, 9.04898e-17, 6.40689e-17, 3.22006e-17, 2.15666e-17
1.37044e-16, 1.34926e-16, 2.47322e-17, 1.84455e-16, 4.73314e-17, 7.24843e-18, 6.47579e-17, 1.6464e-16, 3.20683e-17, 1.58849e-16, 3.43516e-16, 6.1049e-17, 1.28064e-17, 1.79471e-16, 1.92645e-16, 6.46938e-17, 2.67184e-16, 4.80217e-17, 1.66e-16, 1.03016e-16
3.25607e-17, 6.1821e-15, 2.33509e-16, 2.20805e-16, 2.70524e-16, 1.82941e-17, 1.90634e-16, 2.01905e-16, 3.20043e-16, 2.45221e-16, 4.73809e-17, 9.59026e-17, 7.35526e-17, 3.67606e-17, 2.85379e-16, 1.98854e-16, 1.59597e-16, 1.98872e-16, 5.25777e-17, 5.91903e-18
4.30185e-17, 6.44635e-15, 1.32715e-16, 3.6799e-17, 8.3314e-17, 1.82648e-17, 1.88886e-17, 3.12604e-16, 1.90325e-17, 2.79171e-16, 1.31197e-17, 2.97841e-17, 8.40411e-17, 5.54848e-17, 9.069e-17, 1.86667e-17, 2.70944e-17, 4.93185e-17, 3.98605e-17, 1.05715e-16
8.09475e-17, 4.23835e-16, 6.53924e-17, 2.49227e-16, 6.46001e-17, 1.26672e-16, 1.5624e-16, 1.95654e-16, 6.65711e-17, 4.09495e-17, 2.43378e-16, 5.33959e-18, 7.91208e-17, 1.24136e-16, 1.73187e-16, 1.05788e-16, 2.72324e-17, 4.18389e-17, 4.19163e-17, 3.69536e-17
8.42637e-17, 6.81206e-15, 1.35277e-16, 3.33164e-17, 8.41928e-17, 5.54556e-17, 4.01607e-17, 4.23124e-16, 2.84724e-17, 1.76047e-17, 2.13251e-16, 4.90807e-17, 3.93385e-17, 4.97128e-17, 1.189e-16, 4.03276e-17, 8.03996e-17, 7.12558e-17, 3.86931e-17, 1.5375e-16
2.48731e-16, 1.55832e-16, 3.74375e-16, 2.03807e-16, 1.12996e-16, 1.21559e-16, 3.37514e-16, 1.22277e-16, 1.81169e-16, 8.86793e-17, 1.89802e-16, 1.86767e-16, 2.38511e-16, 1.43501e-16, 1.25797e-16, 7.46101e-17, 1.75734e-16, 1.69564e-16, 2.10514e-16, 2.76615e-16
