n=16
J=0.707107
eta=0.596491
mu=0.6
beta-optimal=0
max-overlap=0
1.55932e-16, 3.33139e-16, 2.71712e-16, 6.84233e-17, 2.19453e-17, 2.74515e-16, 2.58405e-16, 2.9667e-16, 3.59671e-16, 1.51487e-16, 2.42378e-16, 8.58532e-16, 1.33878e-16, 1.91395e-16, 3.87621e-16, 5.99506e-16, 3.04903e-16, 1.06018e-16, 0.302264, 0.302264
1.00074e-16, 2.96998e-16, 2.29216e-16, 1.79456e-16, 1.18608e-16, 2.96231e-16, 2.2257e-16, 1.02323e-16, 4.27092e-16, 2.44569e-16, 1.81475e-16, 7.64353e-16, 3.47164e-16, 1.7142e-16, 7.31781e-16, 1.0518e-15, 2.21689e-15, 1.90168e-15, 0.298885, 0.298885
7.50556e-17, 2.12289e-16, 1.77371e-16, 1.41825e-16, 1.00433e-16, 2.84315e-16, 1.92566e-16, 1.07281e-16, 2.26276e-16, 2.09311e-16, 3.3971e-16, 4.90236e-16, 8.79766e-17, 2.62709e-16, 1.09504e-15, 1.5451e-15, 2.01092e-15, 1.78131e-15, 0.299244, 0.299244
8.93383e-17, 6.88788e-17, 1.13713e-16, 7.95962e-17, 6.23794e-17, 2.51312e-16, 3.57138e-17, 5.83069e-17, 2.61386e-16, 1.61767e-16, 3.53548e-17, 7.47328e-16, 8.6247e-17, 1.98904e-16, 6.06717e-17, 4.57612e-16, 4.60684e-16, 1.19526e-16, 0.273583, 0.273583
9.71828e-17, 1.50996e-16, 1.31408e-16, 7.71814e-17, 3.92833e-17, 2.22103e-16, 9.84436e-17, 1.3549e-16, 9.06148e-17, 2.57186e-16, 1.45209e-16, 5.92684e-16, 5.73754e-16, 9.31814e-16, 1.01274e-16, 4.50225e-16, 3.73186e-16, 1.3016e-16, 0.262046, 0.262046
9.46975e-17, 4.33681e-17, 2.73714e-16, 1.4214e-17, 7.01309e-17, 2.45146e-16, 7.38581e-17, 5.51072e-17, 8.13445e-17, 3.10354e-16, 5.07356e-17, 7.01477e-16, 5.93998e-16, 6.27326e-16, 3.23194e-16, 3.25551e-16, 3.4864e-16, 8.17344e-17, 0.262557, 0.262557
1.60946e-16, 1.36439e-16, 2.11402e-16, 1.31399e-16, 6.74322e-17, 1.62003e-16, 5.7802e-17, 4.39728e-17, 2.44245e-16, 2.68391e-16, 8.00107e-17, 6.68072e-16, 5.59115e-17, 2.12089e-16, 7.28175e-17, 4.45021e-16, 2.40686e-16, 7.82106e-17, 0.256403, 0.256403
8.67362e-17, 4.04604e-17, 2.67636e-16, 7.17682e-17, 4.966e-17, 1.94517e-16, 4.19868e-17, 9.59117e-17, 8.19711e-17, 1.24579e-16, 9.50633e-17, 6.22406e-16, 6.40414e-17, 2.72889e-16, 1.1155e-16, 4.86849e-16, 3.17662e-16, 8.40627e-17, 0.250009, 0.250009
1.68295e-16, 3.46945e-18, 1.50462e-16, 1.80617e-16, 1.82482e-16, 3.5196e-16, 2.41716e-16, 2.30355e-16, 3.57041e-16, 3.11815e-17, 2.12594e-16, 8.11569e-16, 1.03823e-16, 3.36529e-16, 6.64527e-17, 5.1205e-16, 1.49731e-16, 2.40531e-16, 0.245382, 0.245382
5.33498e-17, 1.44212e-16, 9.26691e-17, 1.56095e-16, 2.14156e-16, 4.18728e-16, 1.72369e-16, 2.07378e-16, 1.91247e-16, 5.57342e-17, 2.81446e-16, 6.6225e-16, 1.1826e-16, 2.18828e-16, 6.19036e-17, 3.91003e-16, 2.31268e-16, 1.05999e-16, 0.241673, 0.241673
1.07724e-16, 9.38877e-17, 2.97071e-16, 1.85521e-17, 5.34899e-17, 1.96326e-16, 4.7938e-17, 8.07706e-17, 1.44313e-16, 9.5942e-17, 1.62342e-16, 6.32831e-16, 3.95235e-17, 2.43977e-16, 9.12278e-17, 5.09315e-16, 1.94043e-16, 7.24097e-17, 0.239069, 0.239069
8.57066e-17, 7.09599e-17, 2.0971e-16, 6.09136e-17, 5.02442e-17, 2.56482e-16, 3.75197e-17, 8.498e-17, 1.67856e-16, 9.31434e-17, 4.00715e-17, 5.85759e-16, 4.79051e-17, 1.40408e-16, 1.17549e-16, 3.97761e-16, 3.17299e-16, 4.76713e-17, 0.227156, 0.227156
1.50372e-16, 5.68238e-17, 2.12416e-16, 4.11265e-17, 4.61232e-17, 1.61924e-16, 3.09017e-17, 3.96235e-17, 2.10129e-16, 6.67279e-17, 1.60351e-16, 5.56373e-16, 7.78087e-17, 2.84291e-16, 1.226e-17, 3.43208e-16, 2.4537e-16, 3.96142e-17, 0.212858, 0.212858
1.21634e-16, 3.15635e-17, 1.59271e-16, 5.99447e-17, 3.83363e-17, 1.58637e-16, 3.41683e-16, 3.84005e-16, 2.95387e-16, 2.53445e-16, 5.80002e-16, 5.7424e-16, 3.2851e-16, 4.56446e-16, 4.34938e-16, 6.19794e-16, 4.66988e-16, 2.06618e-16, 0.204109, 0.204109
1.44849e-16, 1.04692e-16, 1.62247e-16, 6.50691e-17, 1.60099e-17, 1.39838e-16, 4.09824e-16, 2.55047e-16, 3.30155e-17, 2.11534e-16, 6.7323e-16, 1.11631e-15, 3.13488e-16, 1.673e-16, 5.23388e-16, 8.21895e-16, 3.40124e-16, 2.33854e-16, 0.20216, 0.20216
2.14708e-16, 1.09703e-16, 2.27091e-16, 1.00191e-16, 1.69472e-17, 1.39325e-16, 5.95501e-17, 7.15511e-17, 2.83093e-16, 1.4385e-16, 1.0877e-16, 4.32958e-16, 1.00502e-16, 1.46182e-16, 7.24178e-17, 3.60063e-16, 2.23831e-16, 7.25045e-17, 0.183977, 0.183977
