n=16
J=0.707107
eta=0.0250627
mu=0
beta-optimal=0
max-overlap=0
1.6989e-16, 2.15125e-15, 4.09473e-15, 1.32403e-16, 7.91423e-17, 1.24737e-14, 1.40581e-16, 9.21592e-15, 1.43167e-15, 6.17915e-16, 1.26866e-15, 4.14546e-15, 1.49368e-15, 6.73654e-16, 3.65918e-15, 5.03603e-15, 3.69764e-15, 4.3555e-15, 1, 1
1.15773e-17, 2.32777e-15, 8.56198e-14, 1.06741e-13, 5.86859e-15, 1.73894e-13, 5.53933e-15, 1.38356e-13, 1, 1, 1.76197e-13, 7.40931e-14, 6.29277e-14, 1.0327e-14, 9.62238e-16, 1.97776e-14, 1.56078e-14, 1.26645e-13, 1.16037e-15, 1.29076e-15
5.38943e-17, 6.96301e-16, 1, 1, 5.03077e-15, 3.51106e-13, 4.4198e-15, 2.2306e-13, 8.78285e-14, 1.08153e-13, 2.694e-15, 2.70918e-14, 2.48933e-15, 1.29301e-14, 2.59358e-14, 1.32347e-14, 1.88247e-14, 3.63146e-14, 4.57773e-15, 1.09083e-16
1.84305e-16, 1.19022e-16, 2.26554e-17, 2.17533e-17, 1.22321e-16, 3.96822e-17, 4.77977e-17, 4.4627e-17, 7.50538e-18, 2.10361e-17, 5.22121e-17, 1.48897e-17, 6.87144e-17, 5.33929e-17, 2.53084e-17, 5.85244e-17, 2.30228e-17, 8.36576e-17, 2.71914e-17, 4.92177e-17
1.92115e-16, 1.38822e-16, 5.58944e-17, 7.97628e-17, 1.1069e-16, 5.82461e-17, 1.63406e-16, 1.6973e-16, 1.91182e-16, 2.36306e-17, 8.28179e-17, 3.92613e-17, 5.35284e-17, 2.87699e-17, 7.85729e-17, 1.06893e-16, 4.40928e-17, 1.03162e-16, 6.07958e-17, 6.36197e-17
1.61271e-16, 5.25928e-17, 1.01308e-16, 1.53871e-16, 2.71392e-16, 6.1335e-18, 2.45498e-16, 9.72618e-17, 1.60552e-16, 7.42953e-17, 1.6144e-16, 2.01055e-17, 7.7777e-17, 6.35331e-17, 1.44736e-17, 5.86938e-17, 5.82798e-18, 6.75816e-17, 8.74814e-17, 8.08163e-18
3.27464e-17, 3.31755e-17, 6.26564e-17, 5.04121e-17, 6.73e-17, 2.66071e-17, 1.68381e-17, 2.05944e-17, 6.28583e-17, 2.55246e-17, 4.59659e-17, 1.07997e-16, 5.17654e-17, 5.73468e-17, 2.59376e-17, 5.00037e-17, 7.81953e-17, 5.6252e-17, 1.20907e-16, 2.96937e-17
6.83463e-17, 7.71347e-17, 6.37766e-18, 1.29116e-17, 3.91614e-17, 2.03128e-17, 1.40323e-17, 1.28452e-17, 4.9886e-17, 5.64167e-18, 1.19221e-17, 8.46581e-17, 1.52238e-17, 3.72454e-17, 1.26096e-17, 3.64987e-17, 1.36121e-17, 2.63065e-17, 4.8011e-17, 2.1856e-17
4.13847e-17, 6.23423e-17, 8.67705e-18, 3.60102e-17, 8.11997e-17, 1.76579e-17, 1.38869e-16, 3.84614e-17, 4.35366e-17, 5.20452e-17, 9.54094e-17, 2.92477e-17, 5.87998e-17, 9.99317e-17, 2.07648e-17, 1.57823e-17, 7.10476e-17, 7.81044e-17, 3.59913e-17, 1.59988e-17
1.76155e-17, 1.65319e-17, 4.11524e-17, 4.48014e-17, 3.70915e-17, 6.66887e-17, 1.57373e-17, 2.33285e-17, 4.44645e-17, 5.47607e-17, 5.33548e-17, 4.63304e-17, 1.63009e-17, 2.73172e-17, 6.38911e-17, 5.00089e-17, 3.93504e-17, 1.30036e-16, 7.26839e-17, 8.41743e-17
5.23468e-17, 6.31632e-17, 6.98993e-17, 1.03199e-17, 5.19639e-17, 2.78002e-17, 5.8212e-17, 1.60278e-17, 8.84539e-18, 6.81031e-17, 2.96958e-17, 4.20445e-17, 3.37916e-17, 5.9079e-17, 3.45641e-17, 2.93497e-17, 2.40693e-17, 1.29283e-16, 7.57391e-18, 9.7447e-17
2.08257e-17, 9.35853e-18, 5.70254e-17, 2.66954e-17, 5.80141e-18, 1.0806e-17, 4.26654e-17, 4.01823e-17, 5.35224e-17, 1.51156e-17, 1.57308e-17, 6.26465e-17, 2.42985e-17, 7.57372e-17, 2.36163e-17, 1.36053e-16, 4.45519e-17, 6.31877e-17, 2.77832e-17, 9.92839e-17
1.03781e-16, 9.54314e-18, 5.51987e-17, 2.73273e-17, 2.15874e-17, 5.70183e-18, 2.27228e-17, 3.85276e-17, 6.81488e-18, 5.16242e-17, 2.36565e-17, 3.04059e-17, 2.41044e-17, 1.31122e-17, 3.78116e-17, 7.63442e-17, 1.03042e-16, 4.37824e-17, 8.9713e-17, 5.03184e-17
1.2833e-16, 2.29258e-16, 5.75669e-17, 8.96199e-17, 2.63407e-16, 1.77886e-17, 1.96436e-16, 3.17326e-16, 1.03281e-16, 4.14251e-17, 1.03546e-16, 1.58212e-16, 1.76527e-17, 3.49305e-17, 6.11461e-17, 1.6436e-16, 5.72152e-17, 1.39977e-16, 8.41119e-17, 1.27109e-16
2.12223e-17, 9.47834e-17, 1.09056e-16, 5.26958e-17, 3.1071e-17, 1.65365e-16, 1.88992e-16, 1.23162e-16, 6.71071e-17, 7.39092e-17, 4.02523e-17, 4.80156e-17, 1.65668e-16, 1.49968e-16, 3.50075e-17, 1.80561e-16, 2.45978e-17, 2.41152e-17, 5.23438e-17, 4.08756e-17
4.7793e-17, 1.17898e-16, 9.28946e-17, 3.79906e-16, 1.37856e-16, 1.77409e-16, 3.33781e-17, 2.33986e-16, 6.24756e-17, 2.47541e-16, 1.88794e-16, 3.26747e-16, 1.29364e-16, 2.36831e-16, 1.68217e-16, 2.10956e-16, 4.14016e-16, 1.09411e-16, 5.37636e-16, 1.56361e-16
