n=16
J=0.707107
eta=0.862155
mu=0.1
beta-optimal=0
max-overlap=0
3.6305e-15, 3.31667e-16, 1.18589e-15, 2.24544e-15, 2.70408e-15, 3.42603e-14, 1.06948e-13, 1.53309e-15, 8.67584e-16, 2.77483e-15, 1.18664e-16, 4.11362e-15, 3.48484e-16, 2.66059e-15, 8.72283e-16, 1.24414e-14, 1.506e-15, 7.59967e-15, 0.540724, 0.540724
6.27689e-15, 4.6422e-16, 1.2006e-16, 1.78205e-15, 8.58059e-16, 5.91292e-14, 1.87245e-13, 1.09046e-15, 1.44424e-15, 1.42178e-15, 2.96892e-16, 7.28116e-15, 7.48713e-16, 1.55397e-15, 1.4241e-15, 1.10604e-14, 8.19847e-16, 6.39734e-15, 0.4653, 0.4653
2.89618e-14, 2.35517e-16, 9.07955e-16, 1.53111e-15, 3.29543e-15, 2.8226e-13, 8.72483e-13, 1.56671e-15, 6.88455e-15, 1.63033e-15, 1.18422e-15, 5.64419e-15, 8.74901e-17, 9.04433e-16, 2.80159e-15, 1.18026e-14, 2.19427e-16, 6.56419e-15, 0.498829, 0.498829
2.24264e-14, 2.95881e-16, 5.28256e-16, 9.11777e-16, 1.17805e-15, 2.21347e-13, 6.92666e-13, 4.07025e-17, 5.51178e-15, 7.49643e-16, 2.67827e-16, 2.33085e-15, 1.63368e-16, 6.70989e-16, 5.31595e-16, 5.49509e-15, 1.23122e-16, 3.19767e-15, 0.23626, 0.23626
1.01752e-14, 2.95123e-16, 2.08826e-16, 6.7949e-16, 6.43894e-16, 1.01355e-13, 3.17461e-13, 2.96973e-16, 2.58757e-15, 6.31883e-16, 2.90873e-16, 1.60088e-15, 2.89019e-16, 5.76466e-16, 3.21027e-16, 3.94461e-15, 5.91907e-17, 2.15405e-15, 0.168934, 0.168934
6.32685e-15, 1.38962e-16, 2.99711e-16, 6.97859e-16, 3.70933e-16, 6.2505e-14, 1.95638e-13, 2.45424e-16, 1.61761e-15, 6.615e-16, 1.71959e-16, 1.89036e-15, 1.66063e-16, 4.62841e-16, 3.23924e-16, 4.31616e-15, 1.0375e-16, 2.52834e-15, 0.18784, 0.18784
9.50176e-15, 1.04261e-16, 9.36057e-17, 5.53107e-16, 6.59717e-16, 9.52142e-14, 2.98089e-13, 2.68299e-16, 2.40872e-15, 4.06459e-16, 8.09575e-17, 1.51864e-15, 1.18514e-16, 4.16094e-16, 1.22545e-16, 3.56536e-15, 9.77506e-17, 2.073e-15, 0.151683, 0.151683
4.87955e-15, 1.02791e-16, 1.77412e-17, 6.46407e-16, 3.14706e-16, 4.7599e-14, 1.48772e-13, 1.43168e-16, 1.2424e-15, 4.14962e-16, 5.14688e-17, 1.44655e-15, 6.78404e-17, 3.84188e-16, 3.07141e-16, 3.4928e-15, 8.39147e-17, 1.98551e-15, 0.149647, 0.149647
7.01608e-15, 2.93986e-17, 1.33725e-16, 6.17994e-16, 2.88305e-16, 6.88416e-14, 2.15432e-13, 7.28883e-17, 1.61037e-15, 4.28288e-16, 1.11687e-16, 1.20134e-15, 1.03728e-16, 3.74016e-16, 2.46889e-16, 3.28664e-15, 5.26239e-17, 1.85556e-15, 0.138532, 0.138532
5.11896e-15, 1.68018e-16, 1.0269e-16, 4.38388e-16, 2.61675e-16, 5.02091e-14, 1.57264e-13, 9.95397e-17, 1.1993e-15, 3.23139e-16, 6.79064e-17, 1.17887e-15, 1.28198e-16, 4.3236e-16, 2.59656e-16, 2.88042e-15, 1.05897e-17, 1.63379e-15, 0.117673, 0.117673
3.3033e-15, 9.7733e-17, 1.54207e-16, 4.79095e-16, 1.47445e-16, 3.29867e-14, 1.0329e-13, 6.59263e-17, 8.15505e-16, 3.51817e-16, 4.88741e-17, 1.20637e-15, 8.71845e-17, 2.75848e-16, 1.15915e-16, 2.71921e-15, 5.55789e-17, 1.46992e-15, 0.112874, 0.112874
2.88183e-15, 5.86115e-17, 1.63295e-17, 3.26213e-16, 1.90955e-16, 2.83662e-14, 8.86543e-14, 4.39037e-17, 6.57043e-16, 3.58134e-16, 2.62652e-17, 1.08301e-15, 4.38087e-17, 3.04558e-16, 1.64418e-16, 2.56144e-15, 5.93035e-17, 1.36858e-15, 0.104793, 0.104793
2.96632e-15, 5.13947e-17, 1.01859e-16, 3.18398e-16, 1.7555e-16, 2.98334e-14, 9.28194e-14, 7.94968e-17, 7.21579e-16, 2.38104e-16, 6.63473e-17, 8.84019e-16, 6.34154e-17, 2.84709e-16, 1.30222e-16, 1.99181e-15, 1.23391e-16, 1.19236e-15, 0.085877, 0.085877
5.81675e-15, 1.47293e-16, 3.28853e-16, 3.08776e-16, 4.12182e-16, 5.95344e-14, 1.86788e-13, 2.88283e-16, 1.71749e-15, 3.66926e-16, 2.22877e-18, 8.47649e-16, 2.56637e-16, 3.57709e-16, 1.24959e-16, 1.96043e-15, 1.3813e-16, 9.92671e-16, 0.0764768, 0.0764768
6.62799e-15, 2.13251e-16, 2.45719e-16, 2.33118e-16, 4.32538e-16, 6.73699e-14, 2.11028e-13, 1.61297e-16, 1.82057e-15, 2.92804e-16, 2.01763e-16, 6.87974e-16, 1.18174e-16, 3.03119e-16, 1.41592e-16, 1.66849e-15, 1.72878e-16, 9.31504e-16, 0.0667514, 0.0667514
6.12996e-15, 1.18962e-16, 2.90448e-16, 3.05758e-16, 3.41122e-16, 6.14498e-14, 1.92566e-13, 1.49234e-16, 1.43983e-15, 2.09351e-16, 1.40618e-16, 4.49997e-16, 1.56331e-16, 1.8301e-16, 4.11058e-16, 1.25342e-15, 6.97026e-17, 6.73867e-16, 0.052911, 0.052911
