n=16
J=0.707107
eta=0.00501253
mu=0.6
beta-optimal=0
max-overlap=0
5.36927e-16, 2.1275e-16, 1.98398e-16, 4.03496e-16, 4.16683e-17, 1.71646e-16, 2.82742e-16, 1.92963e-16, 1.65101e-16, 2.44031e-16, 1.49947e-16, 5.35344e-16, 3.58842e-17, 4.53315e-16, 5.14287e-16, 5.82745e-16, 3.86713e-16, 1.35936e-16, 0.302264, 0.302264
1.04416e-15, 3.92523e-17, 1.53028e-16, 5.93654e-16, 4.34568e-17, 1.17828e-16, 1.28049e-16, 3.70507e-16, 2.34861e-16, 3.58721e-16, 1.73043e-16, 5.47941e-16, 1.20541e-16, 5.75632e-16, 6.72722e-16, 2.67416e-16, 1.95119e-15, 1.96036e-15, 0.298885, 0.298885
2.6981e-15, 1.12369e-16, 4.40032e-16, 5.56838e-16, 5.00606e-17, 1.75395e-16, 2.39579e-16, 5.20682e-16, 1.31913e-16, 4.00574e-16, 1.45631e-16, 8.20016e-16, 1.88396e-16, 6.76624e-16, 9.99875e-16, 8.67702e-16, 1.9415e-15, 1.72065e-15, 0.299244, 0.299244
1.03481e-15, 2.09451e-16, 4.90629e-17, 3.73419e-16, 4.97973e-17, 1.92846e-16, 5.3614e-17, 3.63819e-16, 6.16487e-17, 2.63515e-16, 9.36351e-17, 6.08702e-16, 8.87673e-17, 5.05331e-16, 1.47404e-16, 7.36839e-16, 2.62057e-16, 1.07243e-16, 0.273583, 0.273583
6.38131e-16, 1.04173e-16, 1.34164e-16, 3.44899e-16, 7.50892e-17, 1.87277e-16, 1.69506e-16, 1.65887e-16, 1.65176e-16, 1.58322e-16, 1.36951e-16, 5.46998e-16, 6.55849e-16, 5.92918e-16, 1.38974e-16, 7.37528e-16, 3.42712e-16, 2.07592e-16, 0.262046, 0.262046
7.16497e-16, 1.99455e-16, 6.01211e-17, 2.8598e-16, 2.33615e-17, 1.79224e-16, 1.07749e-16, 3.97852e-16, 2.72857e-16, 5.06218e-16, 1.26726e-16, 4.90864e-16, 6.44106e-16, 8.99052e-16, 3.81136e-16, 7.6027e-16, 1.39655e-16, 1.19829e-16, 0.262557, 0.262557
1.76083e-15, 1.713e-16, 4.04005e-17, 3.94205e-16, 1.88685e-16, 7.2022e-17, 3.69529e-17, 3.10022e-16, 3.29042e-16, 2.99134e-16, 8.9977e-17, 5.12516e-16, 5.2123e-17, 4.53028e-16, 9.76292e-17, 5.36416e-16, 2.3345e-16, 5.11075e-17, 0.256403, 0.256403
3.73558e-16, 1.38821e-16, 7.63552e-17, 1.78848e-16, 1.02721e-16, 2.07568e-16, 9.31392e-17, 2.42568e-16, 1.13097e-16, 2.77591e-16, 7.73794e-17, 5.17422e-16, 6.02372e-17, 4.88097e-16, 1.11808e-16, 6.33355e-16, 2.18865e-16, 1.35484e-16, 0.250009, 0.250009
2.69458e-16, 6.67361e-17, 1.19989e-16, 3.94651e-16, 5.72741e-17, 2.80749e-16, 2.17523e-16, 2.4515e-16, 1.01208e-16, 1.17638e-16, 1.91749e-16, 4.10381e-16, 1.09915e-16, 4.32246e-16, 2.35499e-18, 5.59684e-16, 2.894e-16, 2.59447e-16, 0.245382, 0.245382
7.58981e-16, 2.41031e-16, 1.39303e-16, 4.73296e-16, 2.11638e-16, 3.6556e-16, 9.36915e-17, 1.33964e-17, 1.17597e-16, 1.69651e-16, 1.62366e-16, 3.66206e-16, 1.08169e-16, 3.99207e-16, 9.78629e-17, 4.95266e-16, 2.982e-16, 1.29272e-16, 0.241673, 0.241673
6.87028e-16, 1.80763e-16, 2.20799e-16, 3.13123e-16, 1.38658e-17, 1.0634e-16, 1.37541e-16, 2.79377e-16, 1.84709e-17, 9.83459e-17, 7.55925e-17, 3.90066e-16, 4.54349e-17, 3.20752e-16, 2.09587e-16, 3.64634e-16, 2.70812e-16, 2.12174e-17, 0.239069, 0.239069
2.40527e-16, 1.132e-16, 5.3702e-17, 2.68666e-16, 1.30438e-16, 2.00578e-16, 7.55551e-17, 3.09456e-16, 6.52632e-17, 2.03776e-16, 9.38095e-17, 5.39638e-16, 6.76288e-17, 5.16442e-16, 1.68361e-16, 6.17836e-16, 3.31771e-16, 3.29956e-17, 0.227156, 0.227156
1.0764e-16, 1.22605e-16, 1.09784e-16, 2.09422e-16, 4.1064e-17, 1.58167e-16, 7.02877e-17, 2.96099e-16, 3.59427e-17, 1.85284e-16, 2.49695e-17, 5.36432e-16, 4.59306e-17, 3.88603e-16, 1.07306e-16, 5.47419e-16, 2.78618e-16, 7.98759e-17, 0.212858, 0.212858
1.19031e-16, 1.36018e-16, 7.17561e-17, 2.00475e-16, 7.46706e-17, 1.3838e-16, 3.43744e-16, 1.55248e-16, 3.36776e-16, 3.57443e-16, 4.47807e-16, 6.49541e-16, 3.17274e-16, 1.76634e-16, 3.96935e-16, 2.65516e-16, 1.85912e-16, 2.24674e-16, 0.204109, 0.204109
3.34164e-16, 1.63582e-16, 9.43667e-17, 3.09407e-16, 8.90167e-17, 9.03118e-17, 3.04148e-16, 2.9625e-16, 4.1697e-16, 2.00061e-16, 4.39652e-16, 1.76502e-16, 3.32535e-16, 3.55493e-16, 4.84866e-16, 3.68911e-16, 4.13859e-16, 3.5073e-16, 0.20216, 0.20216
7.41074e-17, 1.48845e-16, 1.60588e-16, 2.0171e-16, 1.5854e-16, 1.25798e-16, 5.64078e-17, 1.26741e-16, 4.30489e-17, 1.38769e-16, 5.28721e-17, 3.59464e-16, 1.20825e-16, 2.85411e-16, 1.55939e-16, 3.4702e-16, 2.17859e-16, 2.74812e-16, 0.183977, 0.183977
