n=16
J=0.707107
eta=0.546366
mu=0.1
beta-optimal=0
max-overlap=0
1.83996e-15, 8.52588e-15, 3.41701e-16, 1.20513e-15, 3.35915e-15, 4.43725e-15, 2.35922e-16, 6.68486e-15, 1.40799e-15, 4.66578e-15, 4.44416e-16, 3.06982e-15, 4.0976e-15, 9.47251e-16, 1.19429e-15, 8.16196e-15, 5.12427e-15, 6.82947e-15, 0.540724, 0.540724
1.64426e-15, 5.52914e-15, 1.31656e-16, 1.73822e-15, 3.62361e-15, 3.74438e-15, 8.12177e-17, 2.74508e-15, 4.30432e-15, 4.25393e-15, 9.12524e-16, 6.42138e-15, 5.02762e-15, 5.00077e-15, 2.32604e-16, 6.62813e-15, 4.94822e-15, 5.84731e-15, 0.4653, 0.4653
4.59103e-16, 6.05887e-15, 3.2398e-16, 2.54024e-15, 5.96348e-16, 1.87149e-16, 1.11886e-16, 3.96064e-15, 3.55661e-15, 1.60197e-15, 4.23806e-16, 4.04687e-15, 5.03737e-15, 5.34021e-15, 1.26069e-15, 7.75952e-15, 6.82697e-16, 5.99625e-15, 0.498829, 0.498829
1.44661e-16, 9.30429e-16, 1.28971e-16, 5.41635e-16, 1.49019e-16, 6.6882e-17, 1.5301e-16, 1.91583e-15, 8.26168e-17, 1.67752e-15, 1.03195e-16, 1.43202e-15, 8.17644e-17, 4.38569e-16, 4.02017e-18, 3.39933e-15, 8.25437e-17, 2.78251e-15, 0.23626, 0.23626
3.94758e-16, 3.63016e-16, 6.78887e-17, 2.24209e-16, 2.24829e-16, 1.67276e-16, 1.70111e-16, 1.33542e-15, 1.15726e-16, 1.0057e-15, 1.03787e-16, 1.18303e-15, 2.56235e-16, 2.18058e-16, 1.80371e-16, 2.39228e-15, 1.17728e-16, 2.0139e-15, 0.168934, 0.168934
2.69499e-16, 3.77893e-16, 7.67995e-17, 3.7368e-16, 1.55281e-16, 1.13387e-16, 1.04606e-16, 1.56056e-15, 1.66253e-16, 1.50081e-15, 1.91844e-16, 9.17642e-16, 7.49662e-17, 4.13162e-16, 4.55731e-17, 2.67982e-15, 8.21433e-17, 2.25715e-15, 0.18784, 0.18784
8.07581e-17, 5.55683e-16, 3.49645e-17, 1.93272e-16, 5.98003e-17, 1.62719e-16, 6.5185e-17, 1.12168e-15, 8.62077e-17, 1.00797e-15, 6.86686e-17, 1.01177e-15, 1.23945e-16, 2.60493e-16, 8.44829e-17, 2.17019e-15, 1.16256e-16, 1.75566e-15, 0.151683, 0.151683
4.47112e-17, 3.66862e-16, 1.08943e-16, 2.57441e-16, 1.78959e-16, 4.18294e-17, 5.72722e-17, 1.24129e-15, 2.29252e-17, 1.15189e-15, 6.47573e-17, 9.92049e-16, 7.00053e-17, 2.57284e-16, 4.40066e-17, 2.12997e-15, 8.35553e-17, 1.80827e-15, 0.149647, 0.149647
1.05236e-16, 2.29793e-16, 1.70905e-16, 1.99329e-16, 3.2781e-16, 4.93835e-17, 6.13317e-17, 1.07148e-15, 2.11017e-16, 1.00915e-15, 2.11901e-17, 8.80211e-16, 7.48836e-17, 2.81007e-16, 9.17407e-17, 1.93715e-15, 7.25116e-17, 1.66574e-15, 0.138532, 0.138532
9.11124e-17, 4.21316e-16, 3.37742e-17, 1.41373e-16, 1.28631e-16, 1.62139e-16, 6.66515e-17, 9.4088e-16, 4.13004e-17, 7.30158e-16, 2.21262e-17, 8.47546e-16, 1.7793e-16, 1.57674e-16, 8.80871e-17, 1.57117e-15, 8.00717e-17, 1.46657e-15, 0.117673, 0.117673
4.13926e-17, 3.85826e-16, 7.21645e-17, 1.78044e-16, 1.34874e-16, 7.368e-17, 5.19621e-17, 8.79984e-16, 4.80835e-17, 8.5174e-16, 8.35728e-17, 8.90006e-16, 7.05358e-17, 1.32634e-16, 3.51242e-17, 1.6027e-15, 1.05559e-16, 1.28611e-15, 0.112874, 0.112874
4.12224e-17, 1.93853e-16, 3.6815e-17, 1.69648e-16, 4.49024e-17, 8.78726e-17, 6.46592e-17, 8.48218e-16, 3.44468e-17, 7.45113e-16, 2.55287e-17, 6.25629e-16, 2.87551e-17, 1.90106e-16, 2.16971e-17, 1.50688e-15, 2.98769e-17, 1.27064e-15, 0.104793, 0.104793
3.96963e-18, 2.6211e-16, 1.75364e-16, 1.54505e-16, 1.2327e-16, 8.22128e-17, 9.38756e-17, 7.07351e-16, 1.93969e-16, 5.76145e-16, 4.09992e-17, 4.66022e-16, 1.14471e-16, 2.49573e-16, 1.30676e-16, 1.2187e-15, 6.05913e-17, 1.02487e-15, 0.085877, 0.085877
2.07362e-16, 2.2233e-16, 5.24826e-17, 1.2466e-16, 7.68887e-17, 7.54561e-17, 1.19897e-16, 4.82403e-16, 2.18483e-16, 6.14193e-16, 2.16937e-17, 3.92529e-16, 1.07104e-16, 2.71416e-16, 8.76437e-17, 1.05434e-15, 1.29199e-16, 9.80845e-16, 0.0764768, 0.0764768
2.4318e-16, 3.34007e-16, 8.24713e-17, 3.67979e-17, 3.61808e-17, 1.13238e-16, 1.69171e-16, 6.71485e-16, 2.21397e-16, 3.31786e-16, 1.16987e-16, 6.0598e-16, 5.03042e-17, 6.33295e-17, 1.21201e-16, 9.1778e-16, 5.25255e-17, 7.95827e-16, 0.0667514, 0.0667514
8.63824e-17, 1.77256e-16, 2.52276e-16, 1.2061e-16, 4.90932e-17, 1.83355e-16, 5.30086e-16, 4.10669e-16, 4.29753e-16, 1.01308e-15, 1.05958e-16, 3.66671e-16, 3.39104e-16, 1.29352e-16, 1.21821e-16, 7.1796e-16, 3.86023e-16, 7.38516e-16, 0.052911, 0.052911
