n=16
J=0.707107
eta=0.586466
mu=0
beta-optimal=0
max-overlap=0
2.69734e-16, 1.30356e-16, 3.26523e-15, 3.31281e-17, 4.44095e-16, 5.32846e-15, 7.37438e-15, 1.14813e-15, 9.89843e-17, 4.84532e-15, 5.54634e-16, 2.22834e-15, 4.12211e-15, 3.37139e-15, 3.78141e-15, 2.09675e-14, 8.98719e-15, 1.12622e-14, 1, 1
1.88243e-14, 4.63446e-15, 3.27513e-14, 1.39009e-14, 8.43903e-14, 1.19279e-14, 9.97502e-15, 1.98383e-14, 8.35e-14, 3.58941e-14, 1, 1, 1.47819e-13, 6.26798e-15, 2.60224e-15, 1.38742e-14, 1.05605e-16, 1.25616e-14, 2.24779e-15, 7.33925e-16
7.58305e-15, 3.51097e-15, 1, 1, 2.89174e-13, 7.0817e-14, 5.35847e-14, 5.40568e-14, 1.26406e-13, 1.00861e-13, 1.3865e-14, 3.45343e-14, 1.9519e-14, 2.87268e-16, 1.16584e-14, 5.4897e-15, 2.07756e-15, 1.25484e-14, 3.16249e-15, 9.38239e-16
2.4716e-16, 2.11273e-16, 1.82248e-16, 8.02559e-17, 2.99786e-17, 2.42198e-16, 1.2643e-17, 1.8605e-17, 5.40424e-17, 6.15003e-17, 5.3377e-17, 1.60464e-16, 1.2591e-16, 7.37151e-17, 4.81443e-17, 6.02148e-17, 6.60802e-17, 7.95493e-17, 6.74551e-17, 2.37262e-17
5.15764e-17, 1.47076e-15, 8.10057e-17, 8.2217e-17, 2.05718e-16, 1.78193e-16, 2.05783e-17, 1.57755e-16, 8.2949e-17, 7.64541e-17, 1.22332e-16, 5.20869e-17, 6.95027e-17, 5.38882e-17, 4.41441e-17, 2.10819e-17, 6.2186e-17, 2.90922e-17, 2.63798e-17, 2.4348e-17
1.05725e-16, 7.22243e-16, 8.48819e-17, 1.35935e-16, 2.36287e-17, 8.86171e-17, 5.49244e-17, 6.06917e-17, 2.2185e-17, 1.48034e-17, 2.13212e-17, 2.41065e-17, 1.32048e-17, 3.1017e-17, 6.7488e-17, 2.5747e-17, 1.6158e-17, 4.70226e-17, 2.79082e-17, 1.21805e-17
2.39563e-17, 8.30504e-17, 2.37384e-17, 1.66582e-17, 4.63641e-17, 1.51708e-16, 1.10625e-16, 2.15378e-17, 2.72929e-17, 2.67111e-17, 2.10369e-17, 6.26665e-17, 4.30264e-17, 1.55676e-17, 5.20725e-17, 3.95824e-17, 1.13583e-16, 2.75227e-17, 9.05552e-18, 2.45978e-17
5.96367e-17, 2.35636e-15, 1.70362e-16, 2.05888e-16, 1.23335e-16, 4.94938e-17, 9.36193e-17, 5.00351e-16, 1.78757e-16, 1.38685e-17, 8.20637e-17, 1.28686e-16, 1.65171e-16, 4.18776e-17, 1.17911e-16, 2.69204e-17, 1.11132e-16, 4.11007e-17, 1.13893e-16, 1.44928e-18
1.04261e-16, 2.92175e-16, 1.51729e-16, 1.4063e-17, 4.06698e-17, 7.79701e-17, 5.69241e-17, 6.81811e-17, 1.9838e-17, 1.38694e-17, 6.90315e-17, 1.01512e-16, 3.30235e-17, 5.46226e-17, 3.08984e-17, 7.01501e-17, 2.57786e-17, 5.2363e-17, 5.33479e-17, 6.69392e-17
4.90724e-17, 9.8072e-16, 4.10025e-17, 9.20314e-17, 1.51733e-16, 5.66721e-17, 5.23354e-17, 1.26878e-16, 1.83352e-17, 7.73955e-17, 1.17338e-16, 9.86355e-17, 8.31232e-17, 1.59879e-16, 9.78837e-18, 3.24798e-17, 6.80091e-17, 9.29818e-17, 1.07287e-17, 7.06141e-17
4.75909e-17, 3.17762e-16, 2.48632e-17, 2.62043e-17, 6.37144e-17, 5.74962e-17, 4.8619e-17, 6.40273e-17, 3.83929e-17, 2.80398e-17, 5.43401e-17, 5.55721e-17, 2.08167e-17, 1.10941e-16, 1.18892e-16, 2.77734e-17, 1.31108e-16, 5.43093e-17, 4.47764e-17, 4.57076e-17
1.59336e-16, 5.27236e-16, 1.08473e-16, 1.23166e-17, 6.08865e-17, 4.98331e-17, 5.85083e-17, 5.47833e-18, 1.29993e-17, 4.03423e-17, 2.25854e-18, 4.5267e-17, 8.86191e-17, 1.21342e-17, 5.14888e-17, 1.29084e-16, 1.23951e-16, 3.04783e-18, 9.43608e-17, 1.43966e-16
1.55288e-17, 2.96466e-17, 6.26999e-17, 3.72967e-17, 2.87625e-17, 2.99255e-17, 2.591e-17, 1.53223e-17, 1.38503e-17, 1.24694e-17, 4.61034e-18, 5.69054e-17, 5.2256e-17, 2.70872e-17, 3.09519e-17, 2.44862e-17, 2.43141e-17, 3.63122e-17, 2.50255e-17, 2.08096e-17
1.29487e-16, 3.98062e-16, 3.80158e-17, 1.48215e-17, 2.83533e-17, 1.20378e-16, 1.35503e-16, 7.56379e-17, 5.30386e-18, 2.92717e-16, 6.97733e-17, 4.73579e-17, 3.23506e-17, 7.14985e-17, 4.63612e-17, 1.11597e-16, 5.92675e-18, 2.15196e-17, 6.02642e-18, 4.5299e-17
3.2433e-17, 3.83494e-16, 9.21538e-17, 1.24013e-18, 8.71571e-17, 4.116e-17, 1.01946e-16, 7.23492e-17, 2.48088e-17, 3.14581e-16, 3.02956e-17, 2.46855e-17, 7.41683e-17, 8.88951e-17, 3.43713e-17, 4.3362e-17, 2.55099e-17, 5.74361e-17, 6.34844e-17, 5.74594e-17
3.70604e-16, 2.69093e-16, 2.45751e-16, 2.03223e-16, 2.15329e-16, 4.87192e-16, 3.54278e-16, 2.04656e-16, 6.84711e-17, 3.09339e-16, 2.04628e-16, 4.24048e-16, 2.09655e-16, 1.20425e-16, 1.06579e-16, 5.61572e-17, 9.21988e-17, 2.89114e-16, 1.67453e-16, 1.16949e-16
