n=16
J=0.707107
eta=1.47368
mu=0.6
beta-optimal=0
max-overlap=0
1.17961e-16, 3.96004e-16, 2.95056e-16, 6.59417e-17, 4.69215e-16, 4.43333e-16, 8.21085e-16, 3.55073e-17, 1.14438e-15, 1.87705e-16, 1.46941e-15, 9.05829e-17, 6.5407e-16, 2.02236e-16, 3.50068e-16, 5.85592e-17, 1.12279e-16, 1.98174e-15, 0.302264, 0.302264
1.11022e-16, 3.70306e-16, 2.17526e-15, 1.94694e-15, 5.72449e-16, 4.46666e-16, 8.73881e-16, 1.17214e-16, 1.2305e-15, 9.65754e-17, 1.373e-15, 1.14275e-16, 3.801e-16, 7.62625e-17, 3.51155e-16, 9.7966e-17, 4.89829e-17, 1.8463e-15, 0.298885, 0.298885
1.38778e-17, 4.03412e-16, 2.03878e-15, 1.78375e-15, 1.03455e-15, 9.06003e-16, 8.67315e-16, 7.6138e-17, 1.43247e-15, 1.4804e-16, 1.48373e-15, 1.77025e-16, 3.4549e-16, 1.06355e-16, 7.58172e-17, 1.64832e-16, 2.67294e-16, 1.75307e-15, 0.299244, 0.299244
1.53327e-16, 2.83477e-16, 4.21493e-16, 8.87732e-17, 2.32136e-16, 3.95639e-17, 7.28299e-16, 8.89036e-17, 1.06322e-15, 1.18471e-16, 1.35188e-15, 8.17108e-17, 4.78348e-16, 4.26403e-17, 1.97218e-16, 1.03471e-16, 1.71778e-16, 1.81889e-15, 0.273583, 0.273583
4.41439e-17, 2.04903e-16, 3.31999e-16, 9.17044e-17, 3.46213e-16, 3.38104e-16, 6.80562e-16, 6.33666e-16, 1.13131e-15, 1.53822e-16, 1.02447e-15, 1.1839e-16, 5.80171e-16, 1.56787e-16, 3.07653e-16, 8.78659e-17, 1.41199e-16, 1.66346e-15, 0.262046, 0.262046
1.2885e-16, 2.08429e-16, 3.22626e-16, 7.72044e-17, 2.11403e-16, 3.65002e-16, 9.04896e-16, 6.17589e-16, 9.92711e-16, 1.45001e-16, 1.51663e-15, 2.48278e-16, 3.8601e-16, 1.06466e-16, 1.97752e-16, 1.21513e-16, 1.02034e-16, 1.75524e-15, 0.262557, 0.262557
8.15735e-17, 2.20452e-16, 2.46515e-16, 5.14125e-17, 1.79911e-16, 3.52272e-17, 6.24936e-16, 7.04052e-17, 1.05004e-15, 1.30656e-16, 1.10067e-15, 2.22633e-16, 3.86203e-16, 8.42665e-17, 3.46964e-16, 2.32091e-16, 9.21165e-17, 1.69178e-15, 0.256403, 0.256403
1.25093e-16, 2.36024e-16, 2.19428e-16, 6.66924e-17, 3.07894e-16, 5.66798e-17, 7.0868e-16, 1.60754e-16, 9.95731e-16, 8.66141e-17, 1.21068e-15, 8.65242e-17, 4.58464e-16, 6.72964e-17, 1.69306e-16, 9.01819e-17, 7.47774e-17, 1.71713e-15, 0.250009, 0.250009
1.07104e-16, 2.61184e-16, 1.38286e-16, 1.95331e-16, 1.93272e-16, 5.55412e-17, 5.43726e-16, 1.0984e-16, 8.57563e-16, 1.75214e-16, 1.14036e-15, 1.04129e-16, 5.24888e-16, 1.78771e-16, 1.26542e-16, 2.06848e-16, 2.82076e-16, 1.39003e-15, 0.245382, 0.245382
8.40368e-17, 1.43377e-16, 2.05529e-16, 6.03653e-17, 2.62163e-16, 1.24744e-16, 6.4319e-16, 1.58767e-16, 9.82084e-16, 1.41096e-16, 1.16369e-15, 1.40124e-16, 6.00536e-16, 2.10018e-16, 3.98364e-16, 1.38231e-16, 1.31513e-16, 1.62253e-15, 0.241673, 0.241673
5.30723e-17, 2.69441e-16, 2.12015e-16, 4.23382e-17, 2.34217e-16, 1.39168e-16, 5.44989e-16, 5.82471e-17, 8.98269e-16, 2.54718e-17, 1.10127e-15, 3.79268e-17, 4.4854e-16, 3.05046e-17, 2.23424e-16, 1.43435e-16, 8.71021e-17, 1.58631e-15, 0.239069, 0.239069
1.02054e-16, 2.81218e-16, 2.68368e-16, 1.21039e-16, 1.03408e-16, 1.72569e-17, 6.57951e-16, 2.06503e-16, 8.98795e-16, 5.99465e-17, 1.13084e-15, 5.54633e-17, 3.48355e-16, 7.40149e-17, 8.75548e-17, 1.23629e-16, 1.53541e-16, 1.47532e-15, 0.227156, 0.227156
1.18312e-17, 1.97516e-16, 2.09517e-16, 5.20736e-17, 8.82382e-17, 8.74081e-17, 5.04607e-16, 6.88537e-17, 9.14829e-16, 7.7484e-17, 1.02305e-15, 3.39967e-17, 3.14706e-16, 5.41965e-17, 9.82924e-17, 1.15361e-16, 1.05232e-16, 1.43027e-15, 0.212858, 0.212858
8.00984e-17, 2.2351e-16, 4.74465e-16, 2.00457e-16, 4.17976e-16, 4.49001e-16, 2.96393e-16, 3.08399e-16, 1.0455e-15, 4.22976e-16, 1.2159e-15, 3.33451e-16, 7.36886e-16, 3.00211e-16, 7.46297e-17, 1.6946e-16, 1.62557e-16, 1.39582e-15, 0.204109, 0.204109
4.17056e-17, 1.9432e-16, 4.02632e-16, 2.68416e-16, 4.85262e-16, 3.54828e-16, 4.30904e-16, 3.10893e-16, 4.38636e-16, 4.02295e-16, 6.58064e-16, 3.72151e-16, 4.71425e-16, 3.27473e-16, 2.92626e-16, 1.26784e-16, 1.33447e-16, 1.37812e-15, 0.20216, 0.20216
1.89586e-16, 1.84404e-16, 1.85422e-16, 3.55743e-17, 1.90986e-16, 6.90935e-17, 4.83255e-16, 1.13812e-16, 7.72473e-16, 7.15703e-17, 8.06339e-16, 1.06928e-16, 3.24491e-16, 5.76847e-17, 3.31255e-16, 1.33512e-16, 8.71344e-17, 1.15065e-15, 0.183977, 0.183977
