n=16
J=0.707107
eta=1.2782
mu=0
beta-optimal=0
max-overlap=0
3.81787e-16, 9.46306e-17, 2.58563e-17, 5.33213e-17, 3.0498e-16, 2.4663e-16, 2.63234e-16, 7.96132e-17, 4.96826e-17, 7.24346e-17, 1.57377e-16, 6.61171e-17, 2.14573e-16, 2.29928e-16, 2.22199e-16, 1.1572e-16, 6.68375e-17, 2.03276e-16, 1.80411e-16, 6.54614e-17
3.58906e-16, 1.62802e-16, 1.16352e-16, 2.63816e-16, 2.65742e-16, 7.10044e-17, 4.8473e-16, 8.32667e-17, 1.52663e-16, 9.20856e-17, 1.24967e-16, 5.9404e-17, 6.78596e-17, 1.7407e-16, 9.63819e-17, 5.756e-17, 1.09714e-16, 9.37393e-17, 4.25007e-17, 8.96199e-17
2.24203e-16, 1.55158e-16, 2.56662e-16, 2.74352e-17, 2.58444e-17, 1.32607e-16, 2.89479e-18, 5.20694e-17, 6.34945e-17, 1.42308e-16, 2.72837e-17, 1.73389e-16, 6.01042e-17, 9.43392e-17, 5.38912e-17, 2.34841e-16, 3.07803e-17, 1.49186e-16, 4.70588e-17, 8.03338e-17
1.88219e-16, 1.11043e-16, 1.00061e-17, 1.69267e-17, 1.39029e-17, 4.29618e-17, 2.07289e-17, 3.27994e-17, 1.64312e-17, 6.2571e-17, 6.63224e-18, 4.6718e-17, 5.45627e-18, 4.33581e-17, 6.40298e-18, 7.67382e-17, 1.75657e-17, 8.00384e-17, 3.69377e-17, 1.27852e-17
1.59928e-16, 3.68675e-17, 2.07369e-16, 1.51371e-16, 1.78601e-16, 4.68897e-17, 4.03399e-17, 1.71009e-16, 2.44793e-17, 2.16994e-17, 1.23958e-16, 8.32819e-17, 5.87714e-17, 9.51502e-17, 2.29384e-17, 5.58147e-17, 2.42745e-17, 6.19299e-17, 3.06123e-17, 1.17222e-16
9.67487e-17, 3.88017e-17, 9.40813e-17, 9.48519e-18, 3.15853e-17, 6.3335e-17, 1.01844e-17, 3.22346e-17, 4.9064e-18, 1.71635e-17, 1.59211e-17, 3.29147e-17, 3.96083e-17, 3.46072e-17, 2.93352e-17, 1.3864e-17, 1.43948e-17, 2.71654e-17, 1.47746e-17, 4.25917e-17
2.6091e-17, 7.56152e-17, 2.65255e-17, 1.17162e-16, 1.04744e-16, 8.71102e-18, 1.33846e-16, 6.43603e-17, 9.04941e-17, 4.27193e-17, 2.27997e-17, 2.40787e-17, 2.04153e-17, 3.4395e-17, 1.87258e-16, 1.85951e-17, 5.31088e-17, 6.01008e-17, 3.22794e-17, 4.56685e-17
4.18001e-17, 1.28136e-16, 2.23985e-16, 2.99834e-18, 2.9921e-17, 3.43097e-17, 1.6913e-17, 1.86318e-16, 3.57813e-17, 1.224e-16, 8.09764e-17, 4.82416e-17, 2.41899e-17, 9.95398e-17, 8.20949e-17, 2.02118e-17, 7.75606e-17, 1.13366e-17, 4.781e-17, 1.36766e-17
2.45327e-17, 5.92097e-17, 4.06488e-17, 7.50626e-18, 7.9857e-18, 1.30026e-16, 4.77204e-18, 5.97154e-17, 8.62065e-18, 1.25781e-17, 3.37783e-17, 5.58834e-17, 3.58667e-17, 4.57643e-18, 6.1915e-17, 4.77119e-17, 2.77347e-17, 4.1878e-17, 4.42225e-17, 4.20752e-18
3.77269e-17, 3.04045e-17, 2.74539e-17, 1.86343e-17, 3.37867e-17, 2.35936e-17, 1.1055e-16, 6.28344e-17, 2.32852e-17, 3.00132e-17, 2.71891e-17, 8.14173e-17, 3.49645e-17, 5.94949e-17, 1.96682e-17, 5.18617e-17, 8.9839e-17, 5.9116e-17, 1.20048e-17, 8.64055e-17
8.96583e-17, 1.60171e-17, 8.05414e-17, 3.61053e-17, 6.2743e-18, 3.90953e-17, 1.20017e-16, 7.80866e-17, 8.17066e-18, 3.6784e-17, 3.9664e-17, 7.08857e-17, 4.16334e-17, 5.58624e-17, 3.1202e-17, 4.15418e-17, 3.77309e-17, 4.56108e-17, 6.84835e-17, 2.0287e-17
3.13116e-16, 1.8743e-16, 4.17085e-17, 6.75041e-17, 8.95806e-17, 1.13766e-16, 1.41829e-16, 2.57905e-16, 5.98022e-17, 2.53685e-16, 1.13103e-16, 1.14619e-16, 4.1539e-17, 3.35815e-17, 4.89812e-17, 6.87059e-17, 4.65972e-17, 5.06967e-17, 2.69976e-17, 1.0292e-16
3.29141e-17, 1.06106e-16, 2.07027e-16, 1.62391e-16, 1.17238e-16, 1.15737e-17, 3.8748e-17, 2.64855e-18, 4.11921e-17, 1.11198e-16, 2.87225e-16, 3.1277e-17, 2.19695e-16, 1.11534e-16, 6.68054e-17, 1.63388e-16, 4.07344e-17, 1.69336e-16, 1.36775e-16, 1.39338e-16
9.7447e-17, 1.43328e-16, 2.28262e-17, 3.99245e-17, 1.16744e-16, 7.14491e-17, 1.80644e-16, 7.25238e-17, 1.65272e-16, 1.03165e-17, 1.33352e-16, 2.71798e-17, 1.39395e-17, 7.10045e-18, 2.60861e-17, 1.3404e-16, 1.39573e-16, 2.32792e-17, 1.49502e-16, 1.26239e-17
6.20791e-17, 2.39251e-17, 2.6712e-17, 1.84915e-17, 4.76831e-17, 1.53672e-17, 2.57827e-16, 1.68958e-16, 1.04077e-17, 3.13621e-17, 2.97725e-17, 4.12792e-17, 3.1708e-16, 2.85936e-16, 2.92431e-17, 5.30839e-17, 3.21392e-17, 3.81738e-17, 1.11267e-17, 3.56101e-17
9.23845e-17, 7.90632e-17, 4.29826e-17, 7.69211e-17, 1.40418e-17, 2.73546e-17, 4.99242e-17, 5.42795e-17, 8.17301e-17, 2.69911e-16, 9.75574e-17, 1.0123e-17, 7.71952e-17, 1.29328e-16, 1.15941e-16, 5.91959e-17, 1.62074e-16, 1.28521e-16, 2.04047e-16, 1.42589e-16
