n=16
J=0.707107
eta=1.05263
mu=0
beta-optimal=0
max-overlap=0
1.0586e-14, 1.09064e-14, 7.21864e-14, 2.79401e-15, 2.44837e-14, 7.42522e-15, 3.30457e-14, 5.71847e-15, 2.9214e-14, 8.07308e-16, 2.88021e-14, 1.0624e-14, 1.67121e-14, 1.04117e-14, 9.67096e-15, 9.3065e-15, 8.98635e-15, 3.79304e-15, 1.89395e-16, 2.394e-15
3.54163e-15, 3.23329e-16, 9.82776e-16, 3.43342e-16, 2.79849e-16, 8.95776e-16, 6.08765e-15, 1.26519e-16, 1.89408e-15, 2.22495e-15, 1.0672e-16, 2.87141e-16, 6.81326e-17, 3.07354e-16, 2.4729e-16, 4.4259e-16, 6.15622e-16, 5.55382e-17, 1.14505e-16, 7.13852e-16
2.75318e-16, 9.31585e-16, 4.32292e-16, 9.67326e-16, 1.39615e-17, 4.28687e-17, 5.48552e-16, 1.53267e-16, 8.15423e-17, 2.08167e-16, 1.53909e-16, 2.77154e-16, 1.44497e-16, 1.00012e-16, 3.28454e-16, 4.87718e-17, 8.98389e-17, 2.62274e-16, 2.02045e-16, 2.02575e-17
8.79643e-18, 1.01135e-16, 3.04717e-17, 3.12211e-16, 7.51866e-17, 2.10455e-16, 1.67944e-17, 4.66985e-16, 2.84085e-16, 3.15341e-17, 1.5501e-16, 1.23801e-16, 1.49192e-16, 3.50576e-17, 4.69492e-17, 8.37791e-18, 1.13655e-16, 4.58081e-17, 5.41008e-18, 4.69324e-16
1.32724e-16, 1.63653e-17, 2.90518e-17, 1.70474e-17, 8.01782e-17, 5.37199e-17, 2.59231e-17, 7.83091e-17, 7.98161e-17, 6.79483e-17, 6.33016e-17, 2.76112e-17, 9.19625e-17, 3.80845e-17, 7.4361e-17, 2.45235e-17, 3.34385e-17, 5.98495e-17, 1.75474e-16, 4.85288e-17
4.55977e-17, 1.0001e-16, 2.93459e-17, 7.66098e-17, 7.38638e-17, 2.78759e-17, 3.54257e-17, 4.75507e-17, 3.8024e-17, 1.33805e-18, 2.87683e-17, 1.18129e-17, 7.90772e-17, 4.94089e-18, 1.38052e-17, 2.03482e-17, 8.28233e-18, 5.27629e-17, 3.12489e-17, 2.99672e-17
7.76057e-17, 5.77245e-17, 4.44422e-17, 2.04723e-17, 3.71154e-17, 1.99985e-17, 1.57862e-17, 6.82703e-17, 2.06637e-17, 1.46004e-16, 1.67143e-17, 8.83564e-17, 6.65628e-17, 1.73222e-16, 4.27455e-17, 5.10031e-17, 4.85204e-17, 4.54212e-17, 7.20511e-17, 7.91004e-17
7.79387e-17, 1.66145e-16, 3.46798e-17, 1.9466e-16, 2.88393e-17, 1.09278e-16, 6.13414e-17, 1.26065e-17, 2.16975e-16, 1.51377e-17, 1.11424e-16, 9.25075e-18, 2.10105e-17, 1.29324e-16, 7.11747e-17, 1.21639e-16, 5.50073e-17, 9.1352e-17, 8.55537e-17, 3.39435e-17
6.33699e-17, 5.94184e-17, 3.56226e-17, 4.21791e-17, 6.60348e-17, 1.6615e-17, 5.60288e-17, 2.56127e-17, 2.29481e-17, 9.07465e-17, 2.37444e-17, 8.91111e-17, 1.58525e-17, 6.73823e-17, 5.06659e-17, 3.47578e-17, 7.26531e-18, 6.75739e-18, 5.71179e-17, 2.80871e-17
3.75478e-17, 1.91551e-16, 1.0932e-16, 1.47489e-16, 7.03734e-17, 1.76742e-16, 1.27676e-16, 1.09198e-16, 1.37454e-16, 9.21406e-17, 7.5322e-17, 2.29114e-17, 4.80863e-17, 1.56198e-17, 5.57858e-17, 7.80983e-17, 5.12551e-17, 7.91916e-17, 5.89842e-17, 6.28995e-17
2.38643e-17, 1.17454e-16, 2.22119e-17, 4.19748e-17, 8.00778e-17, 9.59315e-17, 2.37101e-17, 1.00622e-16, 2.61319e-16, 2.74992e-16, 6.18227e-18, 1.18631e-16, 6.06681e-17, 4.40346e-17, 3.89543e-17, 7.72344e-17, 9.82534e-17, 5.87377e-17, 3.65658e-17, 5.94926e-17
3.68172e-17, 9.59856e-17, 6.06887e-17, 7.27171e-17, 7.53259e-17, 3.07709e-16, 9.52358e-17, 1.05836e-16, 3.46851e-17, 1.84508e-16, 8.20625e-17, 1.59067e-16, 6.29987e-17, 4.62458e-17, 8.04644e-17, 8.74139e-17, 7.52042e-17, 9.42516e-17, 5.84629e-17, 2.3355e-17
1.01261e-16, 5.10464e-17, 7.40284e-17, 5.11293e-17, 2.55247e-16, 1.58343e-16, 1.59652e-16, 2.50212e-17, 1.12912e-16, 1.86587e-16, 1.80639e-17, 5.23879e-17, 6.65992e-17, 1.13885e-16, 8.87373e-17, 3.32002e-17, 8.37685e-17, 4.18914e-17, 8.2927e-18, 2.03529e-17
1.9955e-16, 5.17366e-18, 2.13197e-17, 3.22251e-17, 1.0396e-16, 6.1912e-17, 7.01273e-17, 9.51886e-17, 2.87948e-17, 9.48716e-17, 1.84614e-17, 6.54716e-17, 1.1695e-17, 1.53956e-16, 7.51278e-17, 3.73604e-17, 8.85562e-18, 7.896e-17, 2.12462e-17, 4.82881e-17
5.46162e-17, 5.10197e-17, 1.33409e-16, 1.32847e-16, 4.96779e-17, 8.40001e-17, 3.38716e-17, 1.06148e-16, 1.19633e-16, 4.0246e-17, 6.44405e-18, 5.07581e-17, 2.40395e-17, 2.30787e-17, 2.26069e-17, 8.03251e-17, 3.34674e-16, 2.64665e-16, 1.93948e-17, 5.21085e-17
6.43914e-17, 1.19058e-16, 9.11332e-17, 9.20207e-17, 1.32075e-16, 6.30901e-17, 7.23663e-17, 1.83114e-16, 1.12778e-16, 1.67515e-17, 1.89644e-16, 2.46036e-17, 1.96242e-16, 1.5052e-16, 3.00362e-17, 9.26634e-17, 2.18889e-16, 1.03416e-16, 3.6138e-16, 9.30486e-17
