n=16
J=0.707107
eta=1.07268
mu=0
beta-optimal=0
max-overlap=0
3.26022e-16, 5.59473e-15, 2.59498e-15, 2.15852e-16, 1.39255e-14, 1.49468e-16, 3.98218e-15, 4.71914e-15, 1.81271e-14, 8.26908e-15, 9.3869e-16, 2.63963e-15, 1.24131e-14, 1.09822e-15, 5.1374e-16, 1.7296e-16, 2.88991e-15, 6.76604e-16, 2.66584e-16, 3.64098e-15
2.51254e-16, 6.51465e-16, 4.38622e-15, 1.95029e-16, 2.99395e-16, 8.39909e-17, 3.57927e-16, 4.15251e-15, 6.40862e-16, 7.07784e-16, 1.51921e-16, 1.4574e-16, 6.53419e-16, 2.44644e-16, 2.58745e-16, 1.52707e-16, 3.23125e-16, 2.94772e-16, 1.02746e-16, 2.61438e-16
6.2721e-16, 1.6163e-16, 2.58322e-17, 3.25831e-16, 8.72972e-16, 4.05255e-17, 6.00735e-17, 1.22171e-16, 4.93012e-16, 2.48668e-16, 1.66186e-16, 2.07691e-16, 9.20954e-16, 3.27092e-16, 2.00267e-16, 4.49061e-16, 1.36316e-15, 9.21247e-17, 2.84464e-17, 9.41672e-17
1.69272e-16, 1.8734e-16, 7.29051e-17, 3.54432e-17, 8.68899e-17, 4.5539e-17, 1.22364e-16, 1.84713e-16, 1.86644e-16, 2.34463e-16, 2.37442e-17, 4.76845e-17, 1.33547e-16, 1.66146e-16, 1.40916e-16, 1.99963e-17, 1.87833e-16, 5.15468e-17, 5.72755e-17, 2.52133e-17
2.53147e-17, 4.00425e-17, 1.83653e-17, 6.84386e-17, 1.02106e-16, 5.24467e-17, 4.11174e-17, 5.46162e-17, 7.46952e-17, 6.11413e-17, 8.09865e-17, 6.69248e-17, 7.70995e-17, 5.54841e-17, 2.71944e-17, 1.30973e-16, 3.25029e-17, 4.80525e-17, 4.61055e-17, 7.15594e-17
4.75382e-18, 1.97808e-17, 4.53791e-17, 1.2189e-17, 1.45409e-17, 3.93112e-18, 9.0053e-18, 4.59627e-17, 2.41674e-17, 8.06917e-17, 2.2358e-17, 4.24928e-17, 1.74907e-17, 7.2214e-18, 3.21672e-17, 8.80701e-17, 1.98263e-17, 1.04956e-17, 2.80539e-17, 2.06465e-17
1.84298e-17, 7.51056e-17, 5.24669e-17, 4.34707e-17, 6.92614e-17, 2.37071e-17, 1.92586e-17, 1.04736e-17, 1.69381e-17, 4.8522e-17, 2.09828e-17, 1.57955e-17, 2.62941e-17, 6.78135e-17, 1.13956e-16, 4.84205e-17, 1.87778e-16, 4.0796e-17, 3.96575e-17, 1.1928e-16
2.90244e-17, 4.44745e-17, 9.76234e-17, 1.39884e-17, 5.05869e-17, 6.44773e-17, 1.48723e-17, 1.6341e-17, 1.05092e-17, 5.4572e-17, 3.28403e-17, 1.37914e-17, 9.76655e-18, 1.68594e-17, 3.5918e-18, 4.15427e-18, 5.53587e-18, 2.73342e-18, 5.77477e-17, 2.81129e-18
1.15112e-17, 2.77521e-17, 5.56036e-17, 2.34433e-17, 1.44312e-17, 1.90363e-17, 1.12804e-17, 9.75121e-17, 2.6924e-17, 7.24645e-18, 1.04223e-17, 1.40759e-17, 5.77403e-17, 8.96532e-18, 5.93356e-17, 1.84503e-17, 1.51749e-17, 3.12413e-17, 1.1752e-16, 2.62244e-17
6.72002e-18, 3.8705e-17, 2.81939e-17, 3.102e-17, 2.56276e-17, 6.07153e-17, 3.19867e-17, 1.37142e-17, 6.02879e-17, 1.51183e-17, 8.86178e-18, 6.221e-17, 6.28768e-17, 1.77331e-16, 2.06993e-17, 8.9994e-18, 5.42223e-17, 1.32309e-16, 1.02746e-16, 6.61719e-17
1.2391e-17, 9.36719e-17, 8.60125e-17, 2.037e-17, 9.1753e-17, 1.4112e-16, 3.64395e-17, 5.84746e-17, 5.61194e-17, 1.48787e-16, 7.54841e-17, 4.16418e-18, 9.40863e-17, 7.54887e-17, 6.70588e-17, 6.66454e-17, 3.90409e-17, 9.31677e-17, 3.58386e-17, 4.41759e-17
5.30831e-17, 2.78418e-17, 1.36354e-16, 1.0277e-16, 1.9161e-17, 7.29219e-17, 2.7298e-17, 4.48479e-17, 1.4677e-16, 6.0864e-17, 2.27157e-17, 4.12247e-17, 1.86313e-18, 9.48388e-17, 7.18104e-17, 6.36389e-17, 2.89252e-17, 1.28011e-16, 7.10341e-17, 3.55175e-17
3.96068e-17, 1.14817e-16, 6.66479e-18, 1.63417e-16, 1.07915e-16, 6.49233e-18, 6.60226e-17, 1.35539e-16, 4.0879e-16, 1.14948e-16, 8.22651e-17, 2.3522e-17, 1.32324e-16, 1.0718e-16, 6.66509e-17, 7.27528e-17, 1.91018e-16, 1.07749e-16, 4.47912e-17, 4.48432e-17
1.49047e-17, 9.40254e-17, 1.09546e-16, 7.34883e-18, 3.68443e-17, 3.37453e-17, 1.99544e-16, 8.7648e-17, 6.71136e-17, 8.02883e-17, 1.13957e-17, 4.9417e-17, 1.31607e-17, 5.77704e-17, 8.82481e-17, 9.85703e-17, 8.13047e-17, 1.58533e-17, 5.90183e-17, 1.79578e-17
5.0678e-18, 5.67529e-17, 1.90804e-17, 5.10465e-17, 5.64785e-17, 1.42046e-16, 2.4348e-17, 3.92715e-17, 2.74284e-18, 4.35585e-17, 3.93637e-17, 8.31033e-17, 3.65251e-18, 7.35688e-17, 2.28474e-17, 6.75489e-17, 3.37676e-16, 3.10271e-16, 7.82707e-17, 3.57622e-18
2.41536e-16, 1.75932e-16, 3.77051e-16, 1.31448e-16, 1.48856e-16, 1.87888e-16, 2.97849e-16, 9.63396e-17, 3.02548e-16, 2.41793e-16, 2.4493e-16, 2.2808e-16, 3.65942e-17, 6.147e-17, 2.55233e-16, 1.49406e-16, 1.90922e-16, 1.26816e-16, 2.35694e-16, 1.21789e-16
