n=16
J=0.707107
eta=1.39348
mu=0.1
beta-optimal=0
max-overlap=0
2.25312e-15, 8.93475e-16, 1.75878e-15, 3.27335e-16, 2.39973e-16, 8.94982e-17, 2.06065e-15, 3.90802e-16, 1.6768e-15, 8.12959e-17, 1.12279e-15, 2.48762e-16, 9.9718e-16, 4.21782e-17, 1.38795e-16, 1.22626e-15, 9.42463e-17, 2.33191e-16, 4.51028e-17, 9.02056e-17
2.52046e-15, 7.11947e-16, 1.07671e-15, 3.10739e-16, 2.50448e-16, 1.76886e-17, 1.54941e-15, 4.91487e-16, 1.66623e-15, 5.439e-17, 1.01693e-15, 4.44753e-16, 8.47665e-16, 4.37911e-17, 6.9735e-17, 1.22591e-15, 1.29395e-16, 1.84758e-16, 1.02452e-16, 2.29515e-16
1.90242e-15, 6.16274e-16, 3.21137e-15, 2.40597e-16, 3.263e-17, 1.91636e-16, 1.61771e-15, 3.68023e-16, 1.52842e-15, 4.09939e-17, 1.02764e-15, 2.87279e-17, 7.44183e-16, 1.09697e-17, 7.92676e-17, 1.21493e-15, 6.37355e-17, 1.70007e-16, 1.13648e-16, 1.96262e-17
1.85685e-15, 2.75122e-16, 3.66686e-16, 2.0977e-16, 1.0174e-16, 6.46672e-17, 8.2285e-16, 1.67319e-16, 6.09967e-16, 1.40288e-16, 4.22419e-16, 9.04721e-17, 4.72177e-16, 3.9508e-17, 7.14877e-17, 4.82319e-16, 3.81324e-17, 5.50387e-17, 3.54904e-17, 3.34532e-17
6.44582e-16, 1.51907e-16, 5.43913e-16, 2.3894e-16, 1.64958e-16, 7.3904e-17, 5.05085e-16, 6.83691e-17, 4.89261e-16, 4.2019e-17, 3.5302e-16, 4.61009e-17, 3.21239e-16, 6.44588e-17, 1.26171e-16, 4.35502e-16, 9.39535e-17, 4.83433e-17, 2.60897e-17, 9.36078e-17
1.73554e-15, 3.41701e-16, 2.37076e-16, 7.9043e-17, 5.20013e-17, 6.77779e-17, 6.45593e-16, 1.35447e-16, 6.19814e-16, 1.28747e-16, 3.48438e-16, 1.00278e-16, 3.16081e-16, 3.92729e-17, 6.61075e-17, 3.89043e-16, 5.1904e-17, 1.12255e-16, 1.85421e-17, 3.80158e-17
2.47636e-16, 2.07049e-16, 7.12723e-16, 9.18263e-17, 5.78589e-17, 1.94442e-17, 5.64229e-16, 1.52293e-16, 4.44045e-16, 4.49688e-17, 3.38925e-16, 2.17111e-17, 2.36264e-16, 3.80075e-17, 7.2745e-17, 4.10713e-16, 1.27938e-16, 5.05797e-17, 4.76291e-17, 1.17016e-16
7.11865e-16, 1.71747e-16, 6.50444e-16, 1.38157e-16, 6.22812e-17, 1.06584e-17, 4.96726e-16, 1.5359e-16, 4.13628e-16, 1.29446e-16, 3.23284e-16, 6.3708e-17, 3.05423e-16, 2.13918e-17, 7.38393e-17, 3.49032e-16, 9.03392e-17, 6.09802e-17, 4.25206e-17, 7.97313e-17
2.73872e-16, 1.89103e-16, 7.29197e-16, 1.51505e-16, 2.48318e-17, 2.07464e-17, 4.93821e-16, 9.81308e-17, 4.32306e-16, 7.95845e-17, 2.53953e-16, 8.05716e-17, 3.69759e-16, 4.60056e-17, 7.1129e-17, 3.32159e-16, 8.11576e-17, 4.82566e-17, 2.96691e-17, 1.13598e-16
2.98471e-16, 1.29845e-16, 7.23809e-16, 1.35452e-16, 1.3417e-16, 4.28463e-17, 4.61652e-16, 9.92172e-17, 3.1745e-16, 4.60329e-17, 1.36747e-16, 7.02991e-17, 2.25591e-16, 4.42493e-17, 9.18953e-17, 3.14513e-16, 7.59141e-17, 3.26887e-17, 4.69679e-17, 3.97948e-17
1.44318e-15, 2.70194e-16, 5.18307e-16, 1.00992e-16, 2.12523e-17, 7.3996e-18, 3.40724e-16, 1.1995e-17, 3.69777e-16, 3.50717e-17, 2.97252e-16, 8.84539e-17, 3.04529e-16, 1.3357e-16, 6.56507e-17, 2.60196e-16, 1.10146e-16, 5.35361e-17, 4.45764e-17, 3.55221e-17
1.39628e-15, 1.40218e-16, 9.04179e-16, 1.26118e-16, 1.69922e-16, 3.33411e-17, 3.69828e-16, 8.32848e-17, 3.44447e-16, 2.52515e-17, 2.34551e-16, 8.97981e-17, 3.57712e-16, 1.00883e-16, 1.85908e-16, 2.03342e-16, 6.746e-17, 1.11951e-17, 1.20047e-16, 7.55402e-17
1.28974e-15, 9.43642e-17, 1.07059e-15, 5.30688e-17, 3.68926e-17, 4.96915e-17, 2.25947e-16, 2.36232e-16, 1.6991e-16, 1.40706e-16, 2.17676e-16, 1.51083e-16, 2.75736e-16, 1.39253e-16, 1.26958e-16, 2.07444e-16, 1.24146e-16, 7.99059e-17, 9.3647e-17, 3.82499e-16
1.51241e-15, 1.36419e-16, 1.91584e-16, 1.82219e-16, 1.14614e-17, 6.69897e-17, 3.55183e-16, 9.7447e-17, 1.66461e-16, 8.31928e-17, 1.55983e-16, 1.03968e-16, 1.65436e-16, 1.51305e-16, 6.21879e-17, 1.10777e-16, 1.72376e-16, 6.6546e-17, 7.0117e-17, 1.73565e-16
5.70985e-16, 7.18707e-17, 3.9488e-16, 1.75062e-16, 4.56822e-17, 1.29006e-16, 4.68635e-16, 1.85688e-16, 2.09702e-16, 9.52619e-17, 7.41074e-17, 3.00022e-16, 9.10316e-17, 1.34861e-16, 8.55176e-17, 1.91509e-16, 7.39674e-17, 1.11478e-16, 3.13842e-17, 1.25487e-16
1.89174e-16, 3.49312e-16, 2.52419e-16, 5.12313e-17, 1.12189e-16, 6.98319e-17, 3.41113e-16, 5.08869e-17, 3.51306e-16, 3.46976e-17, 2.9181e-16, 1.33472e-16, 1.24016e-16, 1.42948e-16, 4.73082e-16, 2.08144e-16, 5.80036e-16, 1.49401e-16, 3.88254e-16, 2.32171e-16
