n=32
J=0.707107
eta=0.886076
mu=0.00759494
beta-optimal=0
max-overlap=0
0.966106
0.221652
0.0394165
0.0940288
0.0299885
0.00945221
0.0245224
0.00782747
0.0183352
0.0080495
0.00569154
0.00429937
0.0122105
0.0112024
0.0060796
0.00575788
0.00326921
0.00331387
0.007484
0.00244124
0.0026808
0.00673193
0.00761781
0.00161147
0.00382427
0.00207368
0.00464374
0.00177319
0.00451166
0.00169365
0.00449005
0.00146715
0.00168721
0.00279768
0.00142754
0.00135398
0.00191128
0.00329949
0.00200119
0.000819399
0.00212566
0.00195509
0.00091713
0.000857404
0.00103862
0.00214083
0.000867229
0.00265399
0.00118431
0.000746718
0.00105324
0.000828328
0.00175232
0.000520794
0.000507099
0.00125605
0.00149719
0.000538107
0.00132147
0.000485684
0.0010002
0.000972182
0.000440694
0.00043916
0.00112245
0.000410721
0.000629658
0.000709796
0.000459204
0.000455524
0.00042106
0.000757724
0.000376185
0.000403856
0.000872747
0.000578224
0.000480889
0.000285414
0.000312081
0.000397958
0.000274307
0.000367994
0.000285453
0.000486993
0.000292035
0.000581171
0.000334028
0.000585405
0.000383936
0.000306225
0.000163674
0.000250795
0.000536853
0.000219246
0.000245092
0.000451669
0.000367472
0.000473635
0.000209653
0.000277143
0.000273824
0.000165462
0.000237306
0.000400336
0.000268861
0.000206959
0.000192361
0.000210769
0.000309271
0.000189677
0.000319152
0.0003533
0.000172231
0.00050633
0.000141521
0.000175742
0.000315029
0.000202861
0.000179693
0.000241231
0.000140524
0.000129874
0.000251051
0.000116856
0.000320061
0.000380641
0.000228523
0.000119155
0.000151255
0.000102292
0.000118352
0.000148857
8.14354e-05
0.000175977
0.000161802
0.000104293
0.000115704
0.000116399
0.000166232
0.00023396
0.00022264
0.000101676
0.000109487
0.000131692
0.000221391
8.77695e-05
0.000168328
0.000106409
0.000207071
9.6374e-05
0.000186769
0.000143486
6.99245e-05
9.01687e-05
0.000128667
7.82744e-05
0.000187298
7.02802e-05
6.2951e-05
0.000213534
8.17584e-05
0.000123577
6.82032e-05
0.000119697
8.73347e-05
6.79263e-05
9.09389e-05
0.000186268
0.000122885
6.52466e-05
0.00011594
6.93562e-05
0.000128634
6.58335e-05
4.5657e-05
6.51158e-05
0.000102402
0.000108342
7.16574e-05
0.00012645
4.13614e-05
8.23066e-05
0.000138441
6.00483e-05
7.54187e-05
0.000198572
0.000135417
5.29927e-05
6.70092e-05
4.65797e-05
0.000189094
5.691e-05
0.000125634
4.28493e-05
6.23613e-05
4.4678e-05
2.93172e-05
9.87599e-05
5.95538e-05
8.34088e-05
9.75902e-05
4.28177e-05
5.76682e-05
4.6965e-05
9.68309e-05
0.000121122
4.08172e-05
6.44965e-05
4.65058e-05
0.000116411
4.23543e-05
4.78332e-05
5.19335e-05
5.44383e-05
4.28234e-05
4.32988e-05
7.36816e-05
3.32141e-05
6.39261e-05
3.13634e-05
5.24014e-05
7.1648e-05
4.13534e-05
7.82098e-05
4.32427e-05
4.47691e-05
8.60005e-05
7.85431e-05
4.1185e-05
6.52298e-05
4.15221e-05
3.371e-05
4.29351e-05
2.65697e-05
4.87883e-05
2.79763e-05
3.52256e-05
3.94657e-05
2.97197e-05
4.9806e-05
5.7195e-05
2.84089e-05
4.07241e-05
2.28453e-05
5.54825e-05
2.37832e-05
4.7841e-05
2.48493e-05
2.71993e-05
2.72274e-05
2.52618e-05
3.06804e-05
3.19693e-05
2.2557e-05
2.51536e-05
2.67302e-05
