n=32
J=0.707107
eta=0.860759
mu=0.00253165
beta-optimal=0
max-overlap=0
0.996161
0.0777302
0.00461574
0.0309658
0.00958946
0.0010734
0.00799338
0.000887295
0.00592268
0.000915812
0.000644542
0.000484566
0.00395532
0.00360777
0.00186204
0.00178463
0.000365974
0.000375052
0.0023862
0.000274659
0.000303131
0.00215809
0.00245725
0.000179955
0.00121814
0.000235781
0.0015182
0.000199048
0.00145425
0.000190785
0.00144512
0.000164934
0.000191382
0.000864426
0.000161459
0.000152627
0.000586845
0.00104845
0.000616821
9.12976e-05
0.000681952
0.000614339
0.00010298
9.64736e-05
0.00011766
0.000675217
9.82627e-05
0.000855275
0.000363697
8.39111e-05
0.000119352
0.000243275
0.000562953
5.78912e-05
5.656e-05
0.000389948
0.000462946
6.01508e-05
0.000415243
5.44133e-05
0.000305871
0.000294463
4.93777e-05
4.92772e-05
0.000344205
4.54817e-05
7.13729e-05
0.000215517
0.00013339
5.13166e-05
4.70579e-05
0.000228824
4.19116e-05
4.52604e-05
0.000274818
0.000170605
0.00013882
3.16837e-05
3.49443e-05
0.000109198
3.05808e-05
0.00010306
3.17673e-05
0.000144583
3.27509e-05
0.000179087
3.75058e-05
0.000180083
0.000112845
3.41777e-05
1.78514e-05
2.77944e-05
0.000165326
2.44086e-05
2.74645e-05
0.000137138
0.000109909
0.000147901
2.3235e-05
7.85505e-05
3.07157e-05
1.8161e-05
6.83654e-05
0.000121687
7.58444e-05
2.30082e-05
2.13495e-05
5.76396e-05
9.34374e-05
2.10043e-05
9.74109e-05
0.000107016
1.9041e-05
0.000157876
1.54548e-05
1.93361e-05
9.88726e-05
5.52666e-05
1.98975e-05
7.09977e-05
1.53159e-05
1.43884e-05
7.28091e-05
1.2939e-05
9.82078e-05
0.0001209
6.96929e-05
1.30461e-05
1.67821e-05
1.11812e-05
1.30705e-05
4.12468e-05
8.92178e-06
5.26474e-05
4.66518e-05
1.141e-05
1.28191e-05
1.28681e-05
4.68598e-05
7.05065e-05
6.73964e-05
1.12197e-05
1.20717e-05
1.46389e-05
6.57874e-05
9.61002e-06
5.05698e-05
1.16436e-05
6.26483e-05
1.06907e-05
5.68533e-05
4.11461e-05
7.64064e-06
9.92206e-06
3.63556e-05
1.9713e-05
5.72315e-05
7.66346e-06
6.85395e-06
6.59604e-05
8.9918e-06
3.67511e-05
7.52972e-06
3.49525e-05
9.70202e-06
1.7519e-05
9.93188e-06
5.78013e-05
3.66864e-05
7.13436e-06
3.37016e-05
7.62618e-06
3.85514e-05
7.2482e-06
4.93964e-06
7.1183e-06
2.89682e-05
3.15356e-05
7.8244e-06
3.79886e-05
4.46728e-06
2.32862e-05
4.22374e-05
6.5358e-06
8.40842e-06
6.25476e-05
4.18201e-05
5.7815e-06
1.88219e-05
5.09535e-06
6.03113e-05
6.29388e-06
3.82995e-05
4.65747e-06
1.76867e-05
4.87922e-06
3.12638e-06
2.98788e-05
6.62681e-06
2.32371e-05
3.00035e-05
4.62216e-06
1.58321e-05
5.13734e-06
2.98141e-05
3.74472e-05
4.41904e-06
1.81706e-05
5.08478e-06
3.56105e-05
4.66916e-06
5.28014e-06
1.41488e-05
5.98291e-06
1.12733e-05
4.71255e-06
2.20896e-05
3.56107e-06
1.8363e-05
3.41209e-06
1.45225e-05
2.11012e-05
4.57133e-06
2.34408e-05
4.78755e-06
4.96073e-06
2.61782e-05
2.37386e-05
4.49725e-06
1.92086e-05
4.53728e-06
3.6604e-06
1.137e-05
2.84473e-06
1.41904e-05
3.01766e-06
3.83306e-06
1.09338e-05
3.2165e-06
1.45376e-05
1.73107e-05
3.10935e-06
1.14662e-05
2.473e-06
1.65942e-05
2.57939e-06
1.43056e-05
2.72465e-06
2.9648e-06
6.83866e-06
2.72227e-06
3.37088e-06
9.03624e-06
2.43147e-06
6.59512e-06
7.4857e-06
