n=32
J=0.707107
eta=0.987342
mu=0.00759494
beta-optimal=0
max-overlap=0
0.831227
0.418694
0.273911
0.0316234
0.0236029
0.0245247
0.0217354
0.0127568
0.0190775
0.0088043
0.00843141
0.00835456
0.00691531
0.00702708
0.00720678
0.00718246
0.00572097
0.00693505
0.00472327
0.00404836
0.00419196
0.00615459
0.0051667
0.00383339
0.00428708
0.00284485
0.00239795
0.00356082
0.00328958
0.00280945
0.00198513
0.00213242
0.00220685
0.00199523
0.00295289
0.00342536
0.00245606
0.00158341
0.00263875
0.00198069
0.00259103
0.00186089
0.00295045
0.00150155
0.00227399
0.00153466
0.00170752
0.00165069
0.00147225
0.00120402
0.00104293
0.000969214
0.000928554
0.00119999
0.000729138
0.00113838
0.00121019
0.0012038
0.00105786
0.00107164
0.00158159
0.00113826
0.00108945
0.000804053
0.000685218
0.00106529
0.00100612
0.000668895
0.000624905
0.000524862
0.000655218
0.000565147
0.000932488
0.000675491
0.0006146
0.00121042
0.000401058
0.000705867
0.000637846
0.000555221
0.000665179
0.000900802
0.000516832
0.00044138
0.000673571
0.000220279
0.000493828
0.000606734
0.000548622
0.000291193
0.000351076
0.000545167
0.000409849
0.000428462
0.000377072
0.000510854
0.000265819
0.000278494
0.000421875
0.000326215
0.000517953
0.000278786
0.000365135
0.000356414
0.00019178
0.000365987
0.000199445
0.000281545
0.000368099
0.000232897
0.000452412
0.000245055
0.000291144
0.000265388
0.000191247
0.000311647
0.000124224
0.000265299
0.000288475
0.000208342
0.000197163
0.000199033
0.000364598
0.00019179
0.000371055
0.000235193
0.000179135
0.000213801
0.000252847
0.000200991
0.00014102
0.000155614
0.000166695
0.000217617
0.000223718
0.00025241
0.000198321
0.000248896
0.000152612
0.000151131
0.000277125
0.000178281
0.00016271
0.000159994
0.000212007
0.000146222
0.000152675
0.000191597
0.000169047
0.000104623
0.000104932
0.00016104
0.000203674
0.000144627
9.98095e-05
0.000108398
0.000132007
0.00018764
0.000169682
0.000112441
7.49189e-05
0.000120319
0.000124685
0.000104722
0.000107195
0.000131958
8.78643e-05
9.71778e-05
0.000229354
0.000132079
0.000122883
9.0747e-05
6.6568e-05
9.10363e-05
8.04373e-05
0.000104628
8.49418e-05
0.00013671
8.68679e-05
0.000111129
0.00011289
7.86768e-05
6.91379e-05
0.000128873
9.66438e-05
9.55887e-05
8.70756e-05
9.2879e-05
0.000103977
0.00010576
6.52612e-05
0.000125325
9.41807e-05
7.91422e-05
8.90112e-05
8.7783e-05
7.89688e-05
6.72751e-05
8.27106e-05
8.56708e-05
8.56473e-05
5.75202e-05
4.59145e-05
5.34159e-05
5.20032e-05
4.91653e-05
5.51271e-05
8.615e-05
4.73999e-05
8.99022e-05
6.3163e-05
3.83038e-05
6.23007e-05
5.5606e-05
8.80759e-05
5.79439e-05
7.06191e-05
6.2217e-05
5.82551e-05
7.81136e-05
4.38775e-05
7.13994e-05
4.25342e-05
4.86683e-05
6.79018e-05
6.32851e-05
3.75689e-05
4.94343e-05
4.75388e-05
4.63321e-05
4.06385e-05
3.26814e-05
5.87354e-05
4.17125e-05
4.7855e-05
2.70245e-05
5.30078e-05
3.57539e-05
3.66751e-05
2.5191e-05
4.01018e-05
4.71103e-05
4.40668e-05
4.50921e-05
3.41612e-05
3.89719e-05
4.04736e-05
4.16619e-05
2.84003e-05
5.06198e-05
4.24097e-05
3.50419e-05
3.19215e-05
2.62019e-05
2.4245e-05
3.09854e-05
