n=32
J=0.707107
eta=0.911392
mu=0
beta-optimal=0
max-overlap=0
1
9.73532e-15
1.91306e-15
2.91363e-16
1.52347e-11
2.49894e-14
1.86574e-13
1.60257e-17
6.72606e-17
3.88921e-17
1.4333e-17
6.79555e-17
5.47268e-17
6.88917e-17
2.0696e-17
4.9504e-17
9.61061e-17
8.19576e-17
2.12195e-16
2.5977e-13
1.4372e-13
2.00002e-13
4.60609e-13
2.04319e-13
8.38901e-17
4.39419e-17
3.32766e-17
5.72273e-17
9.70949e-18
7.06995e-17
3.88605e-17
5.5817e-17
1.46383e-17
3.55688e-18
5.00646e-18
8.65388e-18
1.38949e-17
4.56787e-18
8.53269e-18
3.34575e-18
6.05572e-18
7.16899e-18
1.91275e-17
1.03395e-17
9.99757e-18
2.22947e-18
1.70604e-17
7.24549e-18
1.05814e-17
1.78662e-16
1.05862e-15
9.26444e-16
2.59876e-14
6.66177e-14
2.86514e-13
7.87237e-13
2.25143e-12
8.8065e-13
1.55299e-12
7.14963e-13
1.11457e-14
1.19401e-14
2.35748e-14
2.83822e-15
3.61129e-18
1.5627e-17
5.07824e-18
3.98125e-18
2.82269e-18
6.03132e-18
1.50834e-17
3.56732e-18
6.4267e-18
1.78245e-18
7.20165e-18
4.24664e-18
6.43713e-18
8.09331e-18
1.78073e-17
4.64264e-18
2.50458e-18
1.55152e-19
5.25104e-18
2.02901e-18
3.19616e-18
2.81377e-18
1.0253e-17
1.59621e-18
3.16189e-18
1.01157e-17
1.05367e-17
1.77288e-17
3.01878e-18
4.04651e-18
1.73621e-17
3.05529e-18
7.90376e-18
7.75059e-17
2.07673e-16
4.73468e-15
1.72268e-14
1.31785e-13
2.69284e-13
2.85749e-13
8.83287e-13
1.0944e-12
7.82591e-13
3.76827e-13
2.82894e-13
2.94548e-13
1.69663e-13
1.5085e-14
8.24755e-15
7.96301e-17
2.97024e-17
1.01459e-17
8.02955e-18
1.0448e-18
3.79012e-18
1.00307e-17
1.65279e-17
6.56979e-18
8.70077e-18
6.40878e-18
1.46746e-17
2.18438e-17
4.38722e-18
1.4569e-17
1.7069e-17
6.56884e-18
3.22004e-18
3.55237e-18
7.58677e-18
1.90574e-18
3.76265e-18
1.9207e-18
1.2993e-17
3.2553e-17
2.05969e-18
1.17499e-18
6.71303e-19
1.13542e-17
5.27461e-18
1.82225e-17
3.31585e-18
2.56037e-18
9.99034e-19
9.97279e-18
4.30904e-18
1.58903e-17
4.02934e-17
7.44588e-17
9.6485e-16
1.10451e-15
2.80011e-15
3.32831e-14
4.21494e-14
3.39228e-14
3.66221e-13
9.88734e-13
6.27067e-13
1.22541e-13
1.38832e-13
2.16166e-13
3.15857e-14
1.08961e-14
1.65373e-15
5.07987e-16
1.74046e-17
1.00573e-17
4.93858e-18
2.32393e-17
3.5633e-18
4.90025e-18
1.00269e-17
1.03151e-17
3.55656e-18
1.38871e-17
8.12366e-18
5.77861e-18
7.3409e-18
4.50225e-18
5.16317e-18
2.7253e-18
8.87794e-18
1.05908e-18
1.54817e-18
9.33938e-18
1.21657e-18
3.51377e-18
3.4535e-18
7.38301e-18
5.09583e-18
3.38139e-18
1.84909e-18
7.42989e-18
3.86532e-18
2.61266e-18
6.14161e-18
9.29682e-18
2.6367e-18
9.95824e-18
4.2705e-15
5.61197e-15
2.47371e-13
6.6314e-14
5.55384e-13
5.42684e-13
2.36772e-13
8.36623e-14
2.69306e-13
3.47715e-14
6.14074e-16
1.30407e-15
7.38293e-16
7.96143e-17
4.79916e-18
8.2675e-18
5.70305e-18
2.85879e-18
4.12922e-18
3.74508e-18
2.47028e-18
2.64455e-18
2.42891e-18
1.14807e-17
1.21953e-18
2.13151e-18
6.09449e-19
3.32968e-18
8.16049e-18
2.47149e-17
8.97715e-18
1.02585e-17
1.04354e-17
1.79554e-17
5.24811e-16
1.15451e-14
2.27961e-13
5.15947e-13
7.19408e-15
2.88248e-15
1.38222e-16
6.60117e-18
1.44836e-18
1.39419e-17
6.27327e-18
1.13118e-17
7.67499e-18
2.47528e-18
9.20516e-18
1.5405e-17
1.1254e-17
7.68359e-15
8.49184e-13
6.94108e-12
