n=32
J=0.707107
eta=0.759494
mu=0
beta-optimal=0
max-overlap=0
1
1.70389e-12
1.60954e-09
1.08361e-14
3.57518e-11
5.45321e-11
3.42963e-14
3.62871e-17
1.06754e-17
8.9227e-17
4.43188e-17
1.7349e-17
6.67485e-18
6.34298e-17
9.17794e-17
8.09214e-17
3.19201e-17
1.03334e-15
2.89861e-15
2.80828e-14
1.39913e-12
3.34486e-13
6.58179e-13
1.64044e-12
6.20337e-12
3.54779e-13
1.38508e-15
5.61526e-17
3.57723e-17
4.67375e-18
1.3875e-17
4.49059e-18
6.0484e-18
9.61542e-18
3.35821e-18
1.11899e-18
2.7729e-18
1.16809e-17
1.2265e-17
8.91195e-18
3.2418e-18
2.21696e-17
3.85476e-18
8.8634e-18
6.11633e-18
9.0399e-18
1.54928e-18
2.42411e-18
5.23507e-18
1.23943e-17
7.47337e-18
3.63697e-16
3.24674e-15
1.17719e-13
5.21832e-14
5.1828e-13
2.60258e-13
9.6235e-13
4.56166e-13
2.42587e-13
1.69916e-13
2.84775e-14
4.37083e-16
5.37789e-18
1.34668e-18
2.65289e-18
5.08186e-18
1.3818e-17
3.02948e-18
2.4458e-17
5.73222e-18
4.56438e-18
1.77397e-18
9.01847e-18
3.01601e-18
1.38225e-18
3.31594e-18
3.78576e-18
8.04395e-18
2.7589e-17
7.78826e-18
9.21156e-18
5.50525e-18
1.17995e-17
2.25494e-17
4.66176e-18
7.71378e-18
9.42089e-18
4.38616e-18
1.40412e-17
3.61039e-18
2.08206e-17
5.22112e-18
6.59307e-18
9.3427e-18
2.7204e-16
2.35928e-16
8.74558e-17
1.83975e-17
5.23516e-15
7.83533e-15
1.32166e-13
3.92472e-13
3.66923e-13
6.66169e-13
1.14267e-12
5.85311e-13
4.25574e-13
1.89049e-13
7.73012e-14
3.02983e-14
4.72686e-15
1.59438e-16
1.1619e-16
6.4416e-18
1.82812e-17
2.04172e-18
2.67762e-18
1.04766e-17
1.7599e-18
1.5161e-17
1.49663e-18
8.17421e-19
9.90212e-18
1.33358e-18
3.92099e-18
5.24313e-18
5.04658e-18
3.2248e-18
1.31947e-17
5.48556e-18
2.38296e-18
5.94509e-18
4.07768e-18
1.69154e-18
4.72047e-18
8.55155e-18
4.79003e-18
1.05245e-18
1.49847e-18
9.07431e-18
2.25006e-18
3.33182e-18
1.73005e-18
2.84879e-18
2.94967e-18
2.0855e-18
1.97582e-18
4.96896e-19
3.3407e-18
7.75359e-17
1.25357e-16
8.44033e-16
1.02011e-14
7.29218e-14
2.83596e-13
4.24057e-13
2.66632e-13
3.35519e-13
3.51906e-13
1.35002e-13
2.69196e-13
1.4732e-13
3.82411e-15
1.5168e-15
7.07899e-17
1.54644e-18
4.69287e-18
1.01936e-18
2.08079e-18
6.57126e-18
4.26865e-18
1.30518e-17
3.12931e-18
3.35224e-18
7.7755e-19
8.00811e-18
5.5924e-19
1.49702e-17
8.79209e-19
5.84748e-19
2.7875e-18
9.52849e-18
2.80346e-18
4.94835e-18
2.70623e-18
1.83801e-18
9.78561e-18
1.10668e-17
1.57308e-18
9.73905e-18
3.1079e-18
3.32132e-18
6.5445e-18
8.64902e-18
6.63261e-18
4.88658e-18
8.77031e-16
2.51379e-15
1.93393e-14
2.00409e-14
4.65457e-14
3.13714e-13
7.01963e-13
1.09166e-12
5.05319e-13
8.56759e-15
7.83433e-15
3.88741e-16
3.68505e-17
2.45069e-16
2.60565e-18
8.43754e-18
2.61441e-18
7.60151e-19
2.84565e-18
2.94044e-18
3.35667e-18
1.57633e-18
6.53765e-18
7.74994e-18
2.8123e-18
2.57771e-18
3.82276e-18
6.4134e-18
3.11974e-18
5.06032e-18
4.11083e-18
1.32433e-17
6.62558e-18
1.65851e-18
6.8674e-17
2.81786e-16
4.08234e-15
3.6786e-13
3.38888e-13
3.54612e-13
1.84155e-13
2.68607e-16
4.07294e-16
5.87573e-18
4.66348e-18
6.31028e-18
3.32735e-17
1.85271e-18
5.58004e-18
1.08038e-17
1.57049e-17
3.35344e-18
9.36804e-18
1.94966e-14
1.16853e-12
1.48097e-17
9.7483e-18
3.62681e-13
6.32552e-12
