n=32
J=0.707107
eta=0.936709
mu=0
beta-optimal=0
max-overlap=0
1
2.21335e-14
5.65109e-16
1.16905e-16
1.12176e-11
5.4501e-15
3.58163e-14
2.97429e-17
7.07434e-17
7.08833e-17
3.19951e-17
7.43697e-17
7.59586e-17
8.76218e-17
9.6726e-18
1.525e-17
5.83865e-17
3.15547e-17
1.05143e-16
3.84536e-13
1.12862e-13
8.64873e-13
1.98176e-13
6.93955e-14
1.23819e-17
1.0617e-17
1.68867e-17
2.59634e-17
1.7153e-18
2.25049e-17
1.24257e-17
1.22875e-17
1.53643e-17
1.19023e-17
5.70561e-18
9.26382e-18
2.58465e-17
1.93474e-17
1.23844e-17
3.88647e-17
9.74281e-18
8.55758e-18
6.55268e-18
8.42655e-18
9.1279e-18
5.01258e-18
1.69872e-17
4.94416e-18
2.17192e-18
5.52149e-17
5.34654e-16
5.6856e-16
2.49747e-14
1.31178e-13
5.15482e-13
1.35022e-12
3.63573e-12
1.22131e-12
1.87512e-12
6.3728e-13
5.53892e-15
3.59955e-15
6.35048e-15
3.63729e-16
4.07935e-18
3.22233e-18
6.61932e-18
4.23139e-18
3.75355e-18
8.34194e-18
3.29117e-18
3.4756e-18
3.8383e-18
6.13218e-18
2.75831e-18
2.23993e-18
6.30544e-18
3.96327e-18
1.64944e-17
4.7344e-18
1.72645e-17
6.19931e-18
5.29243e-18
1.67426e-18
1.35477e-17
3.09568e-18
8.93408e-18
7.04295e-18
6.75505e-18
8.71745e-18
9.58384e-18
1.20402e-17
3.60588e-18
8.64328e-18
1.3776e-18
6.47933e-19
7.48352e-18
3.43782e-17
1.11564e-16
4.10979e-15
1.61091e-14
1.76653e-13
3.77547e-13
4.28491e-13
1.35149e-12
1.67342e-12
1.15712e-12
4.72892e-13
2.71304e-13
2.80416e-13
1.25656e-13
6.66206e-15
3.44545e-15
4.24698e-18
1.8586e-17
3.06515e-18
2.49562e-18
2.24065e-18
1.55601e-17
9.42031e-19
1.65662e-17
6.39704e-18
1.38871e-18
5.00031e-19
2.97751e-18
3.59784e-18
8.62015e-19
1.38876e-17
1.27295e-17
3.69952e-18
9.86306e-18
1.20298e-18
7.88013e-18
2.7713e-18
2.52959e-18
1.62941e-18
1.91856e-17
1.54507e-17
3.15281e-18
2.5284e-19
1.3833e-18
3.4263e-18
3.1694e-18
1.86369e-17
2.51298e-18
5.87722e-18
7.76826e-19
1.36701e-17
2.37287e-18
8.91397e-18
1.15992e-17
2.34554e-17
4.60308e-16
5.53157e-16
1.65631e-15
3.18246e-14
4.73275e-14
3.94551e-14
5.46366e-13
1.55096e-12
8.47548e-13
1.61517e-13
1.53733e-13
2.37327e-13
2.21497e-14
5.51305e-15
5.00219e-16
1.37276e-16
3.96598e-18
1.6087e-17
1.41153e-18
2.81821e-17
6.62841e-19
1.71205e-17
8.23793e-18
1.59693e-17
1.72793e-18
6.52629e-19
4.68133e-18
1.93589e-18
3.86254e-18
8.84764e-19
1.54715e-18
7.42422e-18
1.11022e-17
1.33311e-18
1.71079e-18
8.60737e-18
3.04881e-18
8.41532e-18
3.09292e-18
4.76083e-18
1.38653e-18
3.80862e-18
2.78357e-18
2.73835e-18
9.57245e-18
1.51328e-18
5.83377e-18
2.45456e-18
1.43412e-18
1.3418e-17
2.1324e-15
3.0889e-15
2.86746e-13
8.41298e-14
7.21996e-13
7.67558e-13
3.33855e-13
1.05462e-13
3.07895e-13
3.63987e-14
5.23466e-16
2.33267e-16
1.45177e-16
5.07164e-18
2.60691e-18
8.99748e-18
3.94836e-18
2.96275e-18
4.46413e-18
3.45661e-18
3.55854e-18
4.44143e-18
9.57894e-18
6.81114e-18
1.65811e-18
2.34889e-18
4.02464e-18
6.54561e-18
2.09148e-18
2.08201e-17
7.86122e-18
1.76521e-17
5.66209e-18
6.14139e-18
1.09177e-16
5.09323e-15
3.07187e-13
7.92615e-13
1.75037e-15
5.60744e-16
1.76803e-17
4.28818e-18
5.31509e-18
3.08612e-18
6.19808e-18
1.15278e-17
2.19389e-17
2.88023e-18
6.38105e-18
2.09328e-17
7.99312e-18
3.09232e-15
2.38229e-12
9.47217e-12
