n=32
J=0.707107
eta=0.987342
mu=0.00759494
beta-optimal=0
max-overlap=0
0.995816
0.0108939
0.0438098
0.00731163
0.0329295
0.023951
0.00349352
0.0198603
0.0176914
0.0018851
0.00823909
0.00210359
0.00895099
0.00152062
0.00136476
0.00761067
0.00915245
0.00129484
0.00867785
0.000948191
0.00502026
0.000743818
0.00499456
0.000899927
0.00434842
0.000976087
0.000820398
0.00476221
0.000660841
0.00237902
0.00322216
0.00131684
0.000455877
0.000552384
0.00252693
0.00246078
0.000469278
0.00357562
0.00056987
0.00160061
0.000395032
0.000355935
0.000939052
0.00186584
0.000270549
0.00116442
0.00130916
0.000364236
0.000356132
0.00178864
0.000275374
0.00030219
0.0012413
0.000199504
0.00113929
0.00025405
0.000267152
0.00138218
0.000239974
0.000245972
0.000567063
0.000509913
0.00100804
0.000264689
0.000161513
0.000184328
0.00159137
0.000175219
0.00108338
0.00110316
0.000175828
0.000626127
0.000177566
0.000669445
0.000460487
0.000144083
0.000186393
0.000277406
0.000169755
0.000973754
0.000177087
0.000308608
0.000463986
0.000135883
0.000261706
0.000512762
0.000115283
0.00014582
0.000153969
0.000460043
0.000188408
0.000103109
0.000113203
0.000515536
0.000214708
0.000116269
0.000618491
0.000121922
0.000511804
0.000124799
0.000107201
0.000206102
9.99188e-05
0.000282677
0.000228925
0.000124223
0.000352574
7.5028e-05
0.000320478
9.07294e-05
0.000225608
0.000116743
0.000361084
0.000112675
0.000205524
9.70291e-05
8.71024e-05
0.0002719
8.36954e-05
0.000365017
8.21788e-05
0.000138306
6.89817e-05
0.000246858
0.000163282
6.28532e-05
0.000359766
6.76893e-05
6.7489e-05
0.000299548
7.61497e-05
5.88872e-05
6.07505e-05
0.000239982
0.000164773
0.00028656
5.62073e-05
0.000134786
0.000130974
5.69847e-05
0.000182254
3.97716e-05
5.72789e-05
0.000162015
6.16943e-05
0.000107158
0.000285219
5.57137e-05
5.35384e-05
5.94687e-05
0.000204668
5.61818e-05
4.87878e-05
0.000118718
4.80638e-05
0.000119057
0.000107027
4.61873e-05
4.77979e-05
0.000123856
3.42796e-05
0.000136711
3.70834e-05
3.56604e-05
9.72694e-05
0.000154337
0.000167977
3.34003e-05
0.000136782
0.000149131
4.10684e-05
3.1763e-05
6.69686e-05
3.42655e-05
8.15624e-05
7.72924e-05
4.55412e-05
3.62359e-05
0.00010167
3.3074e-05
0.000103582
3.34479e-05
7.68571e-05
3.61206e-05
3.43594e-05
7.14376e-05
3.33558e-05
6.88581e-05
2.79934e-05
2.64713e-05
4.0695e-05
2.6033e-05
9.73149e-05
0.000115308
3.43457e-05
3.92515e-05
3.09139e-05
3.37606e-05
6.4903e-05
6.32618e-05
2.29553e-05
8.4395e-05
9.10883e-05
3.22382e-05
2.22831e-05
6.95053e-05
5.69012e-05
2.4442e-05
6.43269e-05
1.86853e-05
3.44521e-05
2.02793e-05
2.1e-05
2.24011e-05
4.66025e-05
2.51307e-05
5.19617e-05
3.82734e-05
4.64002e-05
2.28619e-05
6.49123e-05
1.83255e-05
4.02903e-05
1.47151e-05
4.26176e-05
2.22735e-05
3.23261e-05
1.59762e-05
2.78894e-05
2.73083e-05
1.91455e-05
4.35199e-05
1.56027e-05
1.82393e-05
3.53288e-05
3.8188e-05
1.55381e-05
1.91875e-05
3.13522e-05
2.33642e-05
1.90982e-05
2.00257e-05
2.42223e-05
1.71095e-05
2.02733e-05
4.93827e-05
5.47755e-05
1.28545e-05
1.68384e-05
2.86133e-05
1.34553e-05
4.91715e-05
2.58707e-05
1.25725e-05
1.00551e-05
4.10946e-05
