n=32
J=0.707107
eta=0.987342
mu=0.0126582
beta-optimal=0
max-overlap=0
0.988981
0.101367
0.0334184
0.00830025
0.02282
0.00606549
0.0228605
0.00560611
0.0186064
0.00446288
0.0194537
0.0185429
0.0036837
0.00311295
0.00342926
0.0115257
0.00345759
0.00849018
0.00263929
0.0082557
0.00699983
0.0100751
0.00269347
0.00223003
0.00730522
0.00313628
0.00788362
0.00198919
0.00673555
0.00137664
0.00472676
0.00153755
0.00755545
0.00317546
0.00132982
0.00385245
0.00128243
0.0012273
0.00544236
0.000922481
0.00122684
0.00245015
0.00101657
0.00271956
0.000910569
0.0037181
0.00220445
0.00107187
0.000861188
0.00236016
0.00476878
0.000777213
0.00149571
0.000953387
0.000739415
0.000689562
0.00151032
0.000627586
0.00119921
0.00218547
0.000613588
0.000638769
0.00234626
0.00052776
0.000662882
0.00142596
0.00104743
0.000494703
0.000494853
0.00145407
0.000505775
0.00129404
0.000447427
0.00133714
0.000530249
0.000291967
0.000551996
0.00146171
0.00100931
0.000381475
0.000540695
0.00041206
0.000823882
0.000428116
0.00045188
0.000904796
0.000401602
0.00132317
0.000295771
0.00057946
0.000679866
0.000366173
0.000828244
0.000264187
0.000841616
0.000307669
0.000640851
0.000280586
0.000730175
0.000287785
0.000206702
0.000932266
0.000624479
0.000254582
0.000478291
0.000965525
0.00023743
0.00029811
0.000586156
0.000323067
0.000208082
0.000184472
0.000212802
0.000527223
0.000229963
0.000540718
0.000424699
0.000184173
0.000227104
0.000470929
0.000299364
0.000385279
0.00013634
0.000196136
0.000155106
0.000472772
0.000412324
0.000172174
0.000195695
0.000267343
0.000201662
0.000273563
0.000280021
0.000154266
0.0001594
0.000342055
0.000172283
0.000294168
0.000307046
0.000131924
0.000481388
0.000162356
0.000170387
0.000168393
0.000299215
0.000135269
0.000325691
0.000132845
0.000265035
0.000125728
0.000226225
0.000121287
0.000205488
0.000148513
0.000126187
0.000328209
0.000131555
0.000216089
0.000126831
0.000179847
0.000133922
0.00011779
0.00016922
9.80619e-05
0.000174787
0.000100813
9.23046e-05
0.000131506
0.000145547
0.000243464
0.000169431
9.91335e-05
9.61784e-05
8.94522e-05
9.44801e-05
8.11697e-05
6.04733e-05
0.000155474
8.01559e-05
7.69398e-05
8.70821e-05
0.000102323
0.000123916
0.000246848
8.86858e-05
0.00018423
0.000104209
5.71038e-05
7.15164e-05
8.10413e-05
8.42841e-05
0.000109061
8.71549e-05
0.00014094
9.53998e-05
0.000144312
0.000152328
6.05795e-05
7.19064e-05
0.000116053
7.54896e-05
7.53411e-05
7.76682e-05
0.00011511
7.66206e-05
9.98222e-05
6.91673e-05
9.75607e-05
7.39032e-05
6.33422e-05
5.66407e-05
8.80534e-05
6.32499e-05
6.62615e-05
0.000104958
5.20152e-05
0.000111407
5.25906e-05
5.97866e-05
6.41686e-05
7.46232e-05
4.85257e-05
4.70264e-05
9.2022e-05
4.57999e-05
0.00011407
5.10279e-05
5.77128e-05
9.68736e-05
5.39241e-05
7.53291e-05
5.75511e-05
6.02936e-05
8.75401e-05
4.88712e-05
6.34582e-05
4.55843e-05
3.97541e-05
4.51708e-05
8.0683e-05
4.40274e-05
5.12127e-05
7.69192e-05
4.50446e-05
4.71502e-05
4.36497e-05
3.58197e-05
6.64471e-05
4.37236e-05
4.46514e-05
3.61002e-05
6.79079e-05
6.98573e-05
3.53902e-05
5.99808e-05
3.17931e-05
