n=32
J=0.707107
eta=0.962025
mu=0
beta-optimal=0
max-overlap=0
1
3.7241e-16
1.77754e-11
3.49833e-11
3.23905e-12
3.45655e-15
4.7453e-17
1.67765e-17
6.31963e-17
2.41684e-17
3.99123e-18
4.57419e-17
2.40325e-17
2.42498e-17
1.49031e-17
4.82422e-18
7.94064e-18
5.5761e-14
9.61277e-13
3.17599e-12
2.13582e-12
3.486e-12
3.7784e-13
1.867e-15
1.14956e-17
5.51196e-17
5.43249e-17
4.56679e-17
3.78107e-17
6.54299e-18
1.31988e-17
1.78663e-17
1.4344e-17
2.42216e-18
1.03351e-17
4.75886e-18
2.49634e-17
1.5831e-17
2.51802e-18
1.79519e-18
8.28682e-18
7.41284e-19
5.68772e-18
2.92982e-18
1.5977e-17
7.08521e-18
7.80971e-18
1.76062e-17
2.71012e-16
6.75079e-15
6.35766e-14
8.58475e-14
1.07685e-14
3.71025e-13
6.36615e-13
1.3757e-12
1.20438e-12
2.94892e-13
6.27825e-13
3.02579e-13
3.19849e-14
5.8985e-15
6.41527e-17
2.9449e-18
1.17675e-18
7.86061e-19
8.66945e-18
9.84638e-19
2.44218e-17
8.46706e-18
4.61845e-18
8.48522e-19
2.76108e-18
4.27925e-18
1.50119e-18
3.42494e-18
4.01227e-18
8.86254e-19
6.00161e-18
1.09717e-18
3.14649e-18
1.10714e-17
1.282e-18
5.202e-18
1.26139e-18
1.12051e-17
6.66058e-18
1.21474e-18
9.96974e-18
2.44095e-18
1.24629e-17
2.75435e-18
8.79467e-18
3.6683e-18
4.97107e-18
2.15638e-17
1.34163e-18
7.18841e-18
7.50107e-17
2.70065e-14
3.63206e-14
4.2347e-14
3.00039e-13
5.53661e-13
1.03111e-12
3.73472e-13
7.33983e-13
1.00051e-13
4.9299e-15
3.41821e-14
8.70136e-15
6.12789e-16
5.39451e-17
2.2685e-17
9.2002e-19
6.47533e-18
5.86629e-18
3.91249e-18
1.0088e-17
1.91807e-17
4.64117e-19
9.49232e-18
2.7993e-18
9.86672e-18
8.36966e-19
9.62444e-18
6.9672e-19
5.79577e-18
1.44901e-18
1.44804e-18
1.8003e-18
1.91597e-17
1.41991e-18
1.61969e-17
4.28296e-18
2.20828e-17
3.18276e-18
7.27585e-18
6.80297e-18
1.17252e-18
3.6794e-18
9.71624e-18
6.62691e-18
2.2591e-18
3.81935e-17
1.71982e-18
7.49599e-18
5.13047e-18
4.34633e-18
3.78394e-18
2.00528e-17
1.79329e-16
1.81455e-15
6.05102e-15
1.7045e-14
6.92783e-14
2.55896e-13
5.38647e-13
2.49617e-13
1.62466e-12
5.7058e-13
2.15267e-13
5.59091e-14
6.05467e-16
2.40891e-16
1.20015e-17
4.99046e-17
2.13655e-18
7.29951e-19
1.90869e-17
1.60912e-18
7.26469e-18
1.47827e-18
3.89069e-18
1.01766e-18
6.49288e-18
1.00522e-18
1.06164e-17
2.99531e-18
5.2291e-18
1.93666e-18
3.54802e-18
7.34626e-18
1.83931e-18
8.07972e-18
1.37352e-18
1.5459e-18
1.87776e-18
2.53464e-18
1.35424e-17
1.52616e-18
2.13374e-18
3.90986e-18
8.15343e-18
9.45496e-18
5.20274e-18
1.31249e-18
1.53679e-17
4.42344e-18
8.51478e-17
8.45405e-16
2.1101e-15
4.97889e-14
2.09199e-13
9.44867e-13
1.42433e-13
1.22612e-13
3.49009e-13
8.32647e-16
7.73065e-18
2.7521e-18
1.62144e-18
1.61334e-18
7.34172e-18
1.3082e-18
9.98234e-18
7.00536e-19
1.14352e-18
1.94298e-18
3.84954e-18
1.00313e-17
1.45193e-17
6.30894e-19
2.97684e-18
7.42158e-18
2.24601e-18
1.16386e-18
5.36471e-18
8.52725e-18
2.24052e-18
1.78065e-17
5.85571e-19
1.18519e-18
1.68376e-14
2.43689e-14
5.5139e-14
7.79506e-13
6.12926e-13
3.23895e-14
6.40908e-16
1.25075e-16
5.77789e-18
4.9604e-18
1.38091e-18
5.07803e-18
2.26912e-18
3.10964e-18
5.44368e-19
2.31445e-18
6.19645e-17
1.7658e-12
7.98645e-14
4.35358e-14
2.89601e-17
8.19721e-18
1.19147e-11
