n=32
J=0.707107
eta=0.962025
mu=0.0126582
beta-optimal=0
max-overlap=0
0.905158
0.33482
0.0979963
0.156579
0.0525058
0.0249023
0.0420597
0.0207083
0.0320775
0.0215339
0.0151217
0.0114437
0.0211384
0.0196626
0.0115076
0.0106175
0.0088143
0.00885295
0.0132089
0.00657152
0.00715148
0.0118138
0.0133731
0.00432102
0.00683665
0.00538444
0.00793236
0.0047622
0.00787492
0.00456671
0.00791197
0.00391842
0.00446369
0.00524781
0.00379689
0.00359476
0.00348993
0.00586913
0.00371642
0.00216363
0.00376606
0.00353896
0.00245526
0.00227915
0.00273893
0.0039335
0.00224154
0.00463279
0.00222671
0.00198742
0.0027544
0.00161784
0.00306293
0.00142205
0.0013697
0.0023226
0.00279944
0.00145083
0.00240454
0.00131668
0.00188364
0.00188394
0.00117562
0.00114707
0.00210756
0.00112771
0.00166816
0.00135792
0.000930548
0.00119198
0.00113731
0.00145458
0.00102168
0.00109584
0.00157506
0.00114194
0.000980996
0.000761426
0.000832829
0.000851223
0.000731795
0.000788306
0.000780613
0.000958423
0.000794202
0.00108989
0.000897622
0.0010899
0.000771292
0.000818747
0.000457288
0.000689414
0.00101463
0.000595967
0.000656168
0.000856034
0.000718836
0.000872008
0.0005794
0.000588312
0.000731194
0.000458358
0.00049126
0.000758384
0.000570553
0.000563674
0.000523628
0.000454729
0.000609408
0.000521715
0.000610112
0.000689965
0.000480097
0.000945518
0.000400091
0.000497156
0.000584397
0.000458445
0.000501097
0.000482745
0.00039915
0.000357522
0.000515779
0.000325945
0.000602473
0.000689371
0.000435174
0.000333593
0.000422416
0.000286798
0.000328391
0.000312483
0.000225417
0.000343257
0.000334383
0.000292031
0.000317229
0.0003298
0.000360911
0.000448327
0.000427783
0.000280689
0.000305345
0.000361438
0.000441337
0.000249353
0.000330875
0.000300109
0.000401405
0.000266434
0.000357537
0.000297085
0.000196568
0.000256373
0.000274032
0.000185305
0.000356938
0.000195402
0.000178446
0.000407463
0.00022807
0.000245607
0.000186664
0.000247062
0.000240631
0.000159405
0.000265677
0.000351892
0.000243165
0.000187176
0.000235641
0.000195539
0.00025545
0.000182076
0.00013085
0.000187242
0.000220702
0.000221083
0.000205484
0.000248645
0.000121833
0.000176455
0.000260116
0.000172635
0.000209314
0.000364638
0.000256142
0.000148616
0.000144482
0.000132237
0.000341237
0.000158063
0.000246667
0.000122875
0.000132907
0.000128994
8.84342e-05
0.000194101
0.000163042
0.000182382
0.000184019
0.000126384
0.000129511
0.000134719
0.000185084
0.000229786
0.000121701
0.000141037
0.000132107
0.000226319
0.00012063
0.000135845
0.000116736
0.000156454
0.000100144
0.000125658
0.000145842
9.84136e-05
0.00013632
8.92144e-05
0.000115258
0.000145678
0.000115278
0.000152719
0.000119136
0.000126673
0.000167229
0.000154584
0.000120416
0.000132504
0.00011984
9.87701e-05
9.95931e-05
7.96992e-05
0.000101983
8.2628e-05
0.000104213
8.73011e-05
8.81083e-05
0.000103033
0.000113051
8.20204e-05
8.82716e-05
6.60141e-05
0.000112542
6.94091e-05
9.48123e-05
7.07094e-05
7.91524e-05
6.75965e-05
7.43962e-05
8.90914e-05
6.931e-05
6.6092e-05
6.06063e-05
5.83373e-05
