n=32
J=0.707107
eta=0.911392
mu=0.00759494
beta-optimal=0
max-overlap=0
0.965624
0.221701
0.0393906
0.0940019
0.0299649
0.00945278
0.0245082
0.00783324
0.0183241
0.00809501
0.00569868
0.00429592
0.0122124
0.0111915
0.00607435
0.00574954
0.0032616
0.00331446
0.00747674
0.00243883
0.0026817
0.00672817
0.00761868
0.00160272
0.00381969
0.00205988
0.00463542
0.00176762
0.00450548
0.00169503
0.00449062
0.00146162
0.00168473
0.00279619
0.00142691
0.00135147
0.00190534
0.0032953
0.00199922
0.000810808
0.00212472
0.00195053
0.000916562
0.00085578
0.00103659
0.00213834
0.000858927
0.00265204
0.00118097
0.000745122
0.00104748
0.000825967
0.00175043
0.00051988
0.000503915
0.00125433
0.00149773
0.000536362
0.00132008
0.000485772
0.000999534
0.00097143
0.000438611
0.000434036
0.00112197
0.000410795
0.000627711
0.000708953
0.000458478
0.000451741
0.000419616
0.000756561
0.00037547
0.000403916
0.000871899
0.000577476
0.00047978
0.000282274
0.000309914
0.000396648
0.000271959
0.000368029
0.000284667
0.000485816
0.000292065
0.000580386
0.000333676
0.000584623
0.00038355
0.00030351
0.000162751
0.000250719
0.000536073
0.000217955
0.000244067
0.000450565
0.00036728
0.000472698
0.000209935
0.000276844
0.000272308
0.000164725
0.000236971
0.00039994
0.000268623
0.000206216
0.000191846
0.000210371
0.000309316
0.000189594
0.000318832
0.000353512
0.000172759
0.000506651
0.000141472
0.000176587
0.000315085
0.000203502
0.000180088
0.000241064
0.000140763
0.000129891
0.000251099
0.000117282
0.000319702
0.000380535
0.000228212
0.000118792
0.000151861
0.000101947
0.000118299
0.000148056
8.10151e-05
0.000175871
0.000161463
0.000104262
0.000115424
0.000117167
0.000166344
0.000233853
0.000222275
0.000101602
0.000109697
0.000131852
0.000221591
8.81041e-05
0.000168117
0.000106431
0.000206932
9.65419e-05
0.000186791
0.000143336
6.97693e-05
9.05131e-05
0.000128553
7.80745e-05
0.000187102
6.96509e-05
6.27975e-05
0.00021369
8.1675e-05
0.000123592
6.75001e-05
0.000119843
8.73545e-05
6.79338e-05
9.21287e-05
0.000186299
0.000122707
6.54853e-05
0.000115774
6.9559e-05
0.000128737
6.55222e-05
4.5564e-05
6.54718e-05
0.000102669
0.000108202
7.17705e-05
0.000126519
4.14835e-05
8.23131e-05
0.000138122
6.02437e-05
7.5557e-05
0.000198584
0.000135268
5.27071e-05
6.69711e-05
4.66464e-05
0.000189068
5.68803e-05
0.000125926
4.28379e-05
6.22505e-05
4.49286e-05
2.95167e-05
9.88161e-05
5.95189e-05
8.34248e-05
9.75631e-05
4.30409e-05
5.78059e-05
4.7058e-05
9.68596e-05
0.000121012
4.12481e-05
6.46294e-05
4.66422e-05
0.000116572
4.24939e-05
4.81287e-05
5.19309e-05
5.49305e-05
4.28672e-05
4.34422e-05
7.37086e-05
3.32752e-05
6.39976e-05
3.13235e-05
5.24399e-05
7.16217e-05
4.1352e-05
7.80603e-05
4.31554e-05
4.50274e-05
8.60699e-05
7.85255e-05
4.15782e-05
6.51583e-05
4.17906e-05
3.4038e-05
4.30012e-05
2.67657e-05
4.88332e-05
2.81412e-05
3.56785e-05
3.94992e-05
3.00122e-05
4.98093e-05
5.72066e-05
2.85673e-05
4.07667e-05
2.28363e-05
5.56158e-05
2.38721e-05
4.78669e-05
2.48447e-05
2.73682e-05
2.72934e-05
2.53713e-05
3.09597e-05
3.19899e-05
2.26361e-05
2.52342e-05
2.67374e-05
