n=32
J=0.707107
eta=0.962025
mu=0.00253165
beta-optimal=0
max-overlap=0
0.999595
0.0011931
0.0142911
0.000799266
0.0106877
0.00779186
0.000380311
0.00647701
0.00579179
0.000206153
0.00268481
0.000228776
0.0029049
0.000165589
0.00014866
0.00248655
0.00300378
0.000140307
0.0028463
0.000103554
0.00163987
8.13184e-05
0.00162733
9.84879e-05
0.00141477
0.000106359
8.90856e-05
0.00155406
7.16591e-05
0.000764973
0.00104672
0.000406818
4.99725e-05
6.03374e-05
0.000822556
0.000798487
5.11898e-05
0.00116831
6.21755e-05
0.000514446
4.28962e-05
3.89342e-05
0.000297626
0.000605048
2.95654e-05
0.000369472
0.0004183
3.95937e-05
3.88554e-05
0.000584016
3.01632e-05
3.28788e-05
0.000401938
2.18222e-05
0.000365808
2.77616e-05
2.91245e-05
0.00045042
2.6299e-05
2.68635e-05
0.000178137
0.00015716
0.000325886
2.891e-05
1.76721e-05
2.00473e-05
0.000522382
1.91718e-05
0.000350712
0.000356651
1.90363e-05
0.000197747
1.94816e-05
0.0002152
0.000146431
1.58234e-05
2.02476e-05
8.45867e-05
1.84967e-05
0.000316572
1.92756e-05
9.53826e-05
0.00014781
1.48816e-05
8.16891e-05
0.000164854
1.2504e-05
1.58462e-05
1.67981e-05
0.00014838
5.65525e-05
1.12095e-05
1.23091e-05
0.000165772
6.73547e-05
1.27642e-05
0.000199947
1.32298e-05
0.000164135
1.36863e-05
1.1599e-05
6.45954e-05
1.07919e-05
8.89355e-05
7.08645e-05
1.34093e-05
0.000111391
8.18778e-06
0.00010154
9.8979e-06
7.14528e-05
1.26875e-05
0.000115129
1.21738e-05
6.46439e-05
1.04919e-05
9.44452e-06
8.73452e-05
9.18845e-06
0.000118684
8.89546e-06
4.2241e-05
7.51912e-06
7.96404e-05
5.14083e-05
6.79864e-06
0.000116342
7.33178e-06
7.26516e-06
9.61402e-05
8.26405e-06
6.39133e-06
6.57527e-06
7.63317e-05
5.12047e-05
9.22598e-05
6.05329e-06
4.18557e-05
4.05775e-05
6.1683e-06
5.78063e-05
4.29521e-06
6.22382e-06
5.10647e-05
6.61294e-06
3.27757e-05
9.25809e-05
6.06362e-06
5.73534e-06
1.70908e-05
6.59332e-05
6.07297e-06
5.23312e-06
3.73692e-05
5.2178e-06
3.71702e-05
3.30829e-05
5.00138e-06
5.20536e-06
3.84458e-05
3.70365e-06
4.33525e-05
4.01525e-06
3.90639e-06
3.02328e-05
4.9397e-05
5.36463e-05
3.63153e-06
4.3398e-05
4.7513e-05
4.43209e-06
3.37647e-06
2.01039e-05
3.6809e-06
2.52198e-05
2.36684e-05
4.91816e-06
3.86938e-06
3.20198e-05
3.58943e-06
3.22168e-05
3.6473e-06
2.39012e-05
3.91212e-06
3.7546e-06
2.19256e-05
3.59887e-06
2.13714e-05
3.01816e-06
2.89728e-06
1.17135e-05
2.79964e-06
3.00591e-05
3.69615e-05
3.70073e-06
1.15616e-05
3.34215e-06
3.6054e-06
2.00908e-05
1.95198e-05
2.45563e-06
2.68043e-05
2.85624e-05
3.44657e-06
2.40074e-06
2.17946e-05
1.74603e-05
2.61457e-06
1.99489e-05
2.0013e-06
9.8975e-06
2.18015e-06
2.22476e-06
2.43612e-06
1.42121e-05
2.70931e-06
1.59788e-05
1.15455e-05
1.42914e-05
2.42296e-06
2.03097e-05
1.97074e-06
1.25021e-05
1.58476e-06
1.29545e-05
2.36623e-06
9.76452e-06
1.68751e-06
8.0867e-06
8.04638e-06
2.06994e-06
1.31812e-05
1.65501e-06
1.93595e-06
1.0497e-05
1.16485e-05
1.65341e-06
2.01488e-06
9.46857e-06
6.83753e-06
2.02899e-06
2.13105e-06
7.00582e-06
1.82664e-06
2.15581e-06
1.54506e-05
1.7347e-05
1.36871e-06
1.78159e-06
8.51717e-06
1.42978e-06
1.54369e-05
7.79359e-06
1.33628e-06
1.07988e-06
1.2926e-05
