n=32
J=0.707107
eta=0.987342
mu=0.0126582
beta-optimal=0
max-overlap=0
0.896124
0.334981
0.0982756
0.155071
0.0515895
0.0247711
0.0417061
0.0205745
0.03204
0.0218167
0.015045
0.0113139
0.020913
0.0195287
0.0114777
0.0104767
0.00874133
0.00885744
0.0129445
0.00656733
0.00712267
0.0116313
0.0133211
0.00421994
0.00676495
0.00524764
0.0078077
0.0047191
0.00775562
0.00456546
0.00787104
0.00386956
0.00443143
0.005234
0.00376608
0.00352197
0.00334822
0.00575771
0.00364646
0.00206458
0.00372403
0.00349468
0.00240853
0.00222114
0.00269931
0.00395798
0.00215182
0.00458066
0.00219478
0.00194975
0.00267969
0.00155739
0.00300338
0.00140383
0.00135367
0.00229332
0.00277322
0.00142735
0.00237307
0.00130951
0.0018565
0.00187556
0.00114739
0.00109145
0.00208372
0.00110534
0.00165589
0.00132566
0.000908015
0.001142
0.00111976
0.00144355
0.00100285
0.001093
0.00153681
0.00111638
0.000965771
0.000726963
0.000814872
0.000827529
0.00070882
0.000782414
0.000775795
0.000945101
0.000797066
0.00106999
0.000886618
0.00106556
0.000764026
0.000791629
0.000445913
0.000680446
0.00100929
0.000587356
0.000640813
0.000829592
0.000712327
0.00085967
0.000574014
0.000589708
0.000717797
0.000447477
0.000483883
0.000740874
0.000563051
0.000555093
0.000509784
0.000445561
0.000613758
0.000512348
0.000602755
0.000689166
0.000477413
0.0009489
0.000399679
0.000500241
0.000589895
0.000469088
0.000504207
0.000477204
0.000395348
0.000351817
0.000516753
0.000326909
0.000588007
0.00069094
0.000430217
0.000328297
0.00042458
0.000281707
0.000326655
0.000298874
0.00021758
0.000332737
0.000328247
0.000284661
0.000309031
0.00033579
0.00036389
0.000436253
0.000420821
0.00027374
0.000301861
0.000357225
0.000438849
0.00024824
0.000328064
0.000297243
0.000395305
0.000263896
0.00035199
0.000289857
0.000193881
0.000261689
0.000271548
0.000179196
0.000350894
0.000188953
0.000176968
0.000410054
0.000223759
0.000244583
0.000182851
0.000249254
0.000238658
0.000155922
0.000273774
0.000351492
0.000241119
0.000190045
0.00023241
0.0001953
0.00025463
0.000178285
0.000128336
0.000189566
0.000221436
0.000217151
0.000207478
0.000247459
0.000123924
0.000176074
0.000252119
0.000173906
0.000212746
0.000359804
0.000253082
0.00014445
0.000143096
0.000131496
0.000340693
0.000156983
0.000252675
0.000121723
0.000131451
0.000130501
9.0064e-05
0.00019352
0.000160078
0.000183709
0.000178755
0.000128878
0.000130724
0.000137729
0.000186555
0.000228571
0.000126442
0.000144077
0.000131428
0.000228655
0.000122929
0.000137964
0.000116652
0.000159498
0.000100244
0.000127325
0.000143975
9.89798e-05
0.000137493
8.75527e-05
0.000115299
0.000145863
0.000114646
0.000149026
0.000117541
0.000129897
0.000167665
0.000154854
0.000123937
0.000131104
0.000121501
0.000100888
9.87525e-05
8.1097e-05
0.00010327
8.34903e-05
0.0001075
8.75522e-05
9.04029e-05
0.000103293
0.000113876
8.37687e-05
8.81765e-05
6.56536e-05
0.000115255
7.02096e-05
9.32908e-05
7.09166e-05
8.01145e-05
6.85074e-05
7.52154e-05
9.2346e-05
6.91441e-05
6.57878e-05
6.21682e-05
5.80687e-05
