n=32
J=0.707107
eta=0.987342
mu=0.00759494
beta-optimal=0
max-overlap=0
0.990868
0.094112
0.0155403
0.0305852
0.0264169
0.00578382
0.00522945
0.0224684
0.00379428
0.00303155
0.0151477
0.0160103
0.0116561
0.00673364
0.00223521
0.00186024
0.00145514
0.00770927
0.00386508
0.00141226
0.00609382
0.00128111
0.0060416
0.0047096
0.0012463
0.0012233
0.0052635
0.000941201
0.00264706
0.00100371
0.00334854
0.00367611
0.000819938
0.0045771
0.000759297
0.000832615
0.00197863
0.000714463
0.000689103
0.00204553
0.000547598
0.00214117
0.000485097
0.00137667
0.000406687
0.00136693
0.000441322
0.0010411
0.000456002
0.00116973
0.000948837
0.000336687
0.00223784
0.000333381
0.000370395
0.002554
0.00090569
0.000340358
0.00027421
0.00100028
0.000292947
0.000282988
0.00139362
0.000711278
0.000355976
0.000697803
0.000197198
0.00119801
0.000767454
0.000231728
0.00024019
0.00101192
0.000310798
0.000950631
0.000474838
0.000234562
0.000194402
0.000790756
0.000647555
0.000195931
0.000865501
0.00019998
0.000525553
0.000608118
0.000156394
0.000193616
0.000164208
0.000374583
0.000182404
0.000284799
0.000180291
0.000232745
0.000166042
0.000299252
0.000181185
0.000516396
0.000121313
0.000575281
0.000320281
0.000346939
0.000172153
0.00010722
0.000145712
0.000264948
0.000414413
0.00028713
0.000105494
0.000108283
0.000226016
0.000123867
0.00044917
9.39824e-05
0.000122759
0.000167332
0.000142323
9.09293e-05
0.000192557
8.7875e-05
0.000336804
0.00024864
9.86266e-05
0.00016934
0.000197653
9.91076e-05
0.000347808
0.000111258
0.000204762
7.76223e-05
0.000151456
8.49401e-05
7.98291e-05
0.000290905
0.000187928
6.86658e-05
0.000346692
0.000113431
8.1872e-05
0.000247028
7.72701e-05
6.55554e-05
0.000249225
0.000188813
7.61056e-05
6.57894e-05
0.00018064
5.13213e-05
0.000107643
7.28196e-05
0.000255025
5.69697e-05
0.00017835
7.21376e-05
9.58712e-05
6.97714e-05
0.000142933
7.25564e-05
6.34516e-05
0.000159738
5.79921e-05
0.000131056
4.55957e-05
7.96764e-05
8.949e-05
0.000149995
5.25017e-05
0.000144048
7.42318e-05
4.65342e-05
3.97077e-05
0.000102994
5.20114e-05
3.62339e-05
0.000120505
5.3158e-05
8.41198e-05
4.83554e-05
0.000130924
3.31438e-05
7.80451e-05
3.86661e-05
7.12878e-05
4.44087e-05
0.000113011
4.2093e-05
3.97902e-05
3.51416e-05
3.81961e-05
3.1787e-05
0.000105148
3.93181e-05
0.000122524
7.14788e-05
5.65337e-05
3.99462e-05
8.22056e-05
2.87832e-05
3.80457e-05
4.66831e-05
3.17227e-05
0.000124303
2.71709e-05
2.8369e-05
9.10612e-05
3.32323e-05
5.69187e-05
2.82603e-05
9.58968e-05
3.39492e-05
6.29244e-05
3.39379e-05
9.31603e-05
7.39997e-05
2.53015e-05
2.88391e-05
6.41096e-05
6.55903e-05
2.81443e-05
1.78499e-05
6.0519e-05
2.55554e-05
2.93355e-05
8.5729e-05
4.47429e-05
2.71062e-05
3.00994e-05
6.74965e-05
2.71891e-05
3.73006e-05
5.93059e-05
5.25403e-05
2.2062e-05
2.60186e-05
5.10091e-05
5.2018e-05
2.54713e-05
2.47756e-05
2.18654e-05
6.31727e-05
1.84242e-05
4.36037e-05
5.19413e-05
2.21988e-05
2.16727e-05
3.76707e-05
2.58532e-05
1.77337e-05
4.72452e-05
1.30196e-05
2.69779e-05
1.79912e-05
3.04867e-05
1.75662e-05
1.99545e-05
4.04321e-05
1.58507e-05
1.52712e-05
