n=32
J=0.707107
eta=0.962025
mu=0.00759494
beta-optimal=0
max-overlap=0
0.994748
0.0693315
0.0342839
0.00570177
0.0048554
0.0197976
0.0185067
0.002304
0.0142906
0.00283951
0.0133297
0.00236916
0.00159164
0.00852093
0.00950888
0.00164427
0.00121022
0.00633474
0.00722065
0.000927431
0.00505314
0.00093762
0.00306216
0.000708439
0.00381483
0.00388217
0.000712005
0.000682263
0.000771491
0.00328846
0.000796407
0.00203385
0.000493464
0.00256989
0.0036898
0.00214462
0.000476054
0.00235556
0.00048287
0.000659877
0.000406358
0.0011766
0.000581225
0.000407228
0.00159086
0.000417603
0.000326044
0.00130921
0.000302742
0.00154759
0.00166701
0.000337809
0.000304327
0.00126468
0.000299475
0.000342674
0.00151072
0.000735929
0.00135422
0.000220341
0.00122565
0.000215695
0.00025543
0.00135362
0.00022058
0.001097
0.000250627
0.0004462
0.000149287
0.000532079
0.000590426
0.000250792
0.000210565
0.000471686
0.000195812
0.000184851
0.000930385
0.000137214
0.000392373
0.000159941
0.000168368
0.000535631
0.000152917
0.000764938
0.000560554
0.000130072
0.000457411
0.000132804
0.000413026
0.000415022
0.000289492
0.000150894
0.000133843
0.000349822
0.000417294
0.0001277
0.000487403
0.000102886
0.000104683
0.000286629
8.63269e-05
0.000364272
0.000105504
0.000100346
0.000337091
0.000261111
8.55344e-05
0.000291847
0.000100744
9.83503e-05
0.000382824
7.97795e-05
0.000202772
0.000202164
6.95748e-05
9.17221e-05
0.000164988
0.00010135
0.000505581
0.000291089
0.000158014
7.3738e-05
6.63136e-05
0.000381512
5.87361e-05
0.000250531
7.76131e-05
0.00022842
7.22947e-05
7.10058e-05
0.000211433
0.000177373
5.86694e-05
0.000227156
0.000180939
5.52846e-05
6.48776e-05
0.000135893
9.79116e-05
5.62518e-05
0.000252307
0.000122658
5.8802e-05
0.000154358
6.77624e-05
4.89446e-05
8.76471e-05
0.000100687
0.000126345
4.86896e-05
5.55441e-05
5.25746e-05
5.18695e-05
0.00020653
5.28583e-05
0.000134627
0.000114564
6.49726e-05
6.09265e-05
0.000149366
0.000109421
5.81404e-05
5.58615e-05
0.000146742
4.14994e-05
0.000130272
4.59856e-05
3.36347e-05
7.02383e-05
3.89066e-05
9.43427e-05
0.000125864
4.02057e-05
9.44663e-05
4.57508e-05
4.74053e-05
3.5522e-05
3.61858e-05
0.000127804
5.7808e-05
0.000102388
6.30094e-05
4.23568e-05
0.000132369
3.20647e-05
5.60626e-05
2.80063e-05
8.03124e-05
2.9517e-05
0.000115307
3.8915e-05
3.43891e-05
0.000101593
2.89436e-05
0.000105471
2.36297e-05
4.65872e-05
3.6836e-05
0.0001004
2.1515e-05
2.90732e-05
6.27699e-05
8.74041e-05
2.31983e-05
2.98606e-05
7.73107e-05
4.76164e-05
2.5771e-05
2.28179e-05
6.75167e-05
2.93781e-05
3.72944e-05
2.30258e-05
2.37369e-05
5.17087e-05
5.45317e-05
5.34811e-05
1.90212e-05
2.56783e-05
4.22175e-05
4.07466e-05
1.8856e-05
2.31014e-05
3.80193e-05
2.1276e-05
5.79006e-05
1.81813e-05
1.89486e-05
6.22011e-05
1.59455e-05
2.86019e-05
2.09804e-05
3.93078e-05
1.9566e-05
1.61466e-05
1.31546e-05
4.40312e-05
2.08915e-05
5.59035e-05
1.85945e-05
1.5722e-05
3.36946e-05
3.68556e-05
1.5878e-05
1.61694e-05
3.67093e-05
1.31331e-05
1.64589e-05
1.71241e-05
1.49949e-05
3.03072e-05
1.41844e-05
1.44088e-05
4.20546e-05
2.46832e-05
1.09352e-05
