n=32
J=0.707107
eta=0.962025
mu=0.00759494
beta-optimal=0
max-overlap=0
0.988132
0.110268
0.0194155
0.0527649
0.0129889
0.0339009
0.0197677
0.00461203
0.0133862
0.00425765
0.0111328
0.00307796
0.0129931
0.00218514
0.00250483
0.00902986
0.00882726
0.00203322
0.00856844
0.0013979
0.00123819
0.00571169
0.00138855
0.00650932
0.00113409
0.00336598
0.00140478
0.00121489
0.0051527
0.00100652
0.00345367
0.00091846
0.00255487
0.00101593
0.00313212
0.00100132
0.00243256
0.000565477
0.0021152
0.000620187
0.00238202
0.000787658
0.00179028
0.000634681
0.00186269
0.000529947
0.000499715
0.000537138
0.00107204
0.000636862
0.000442059
0.000416129
0.00151332
0.000548141
0.000937927
0.000448749
0.00205163
0.00033062
0.00119593
0.0007459
0.000418312
0.00159251
0.00103528
0.000328688
0.000413695
0.000450265
0.000820293
0.000205097
0.00105729
0.0007452
0.0002839
0.000276386
0.000714591
0.000253143
0.000692603
0.000210347
0.00115082
0.00019521
0.000553833
0.000272268
0.00022174
0.00101788
0.000159005
0.000507626
0.000350431
0.000192358
0.000218943
0.000407726
0.000163598
0.000862069
0.000184763
0.00037518
0.000133636
0.000279064
0.000123135
0.000161935
0.00028876
0.000435165
0.000151382
9.73586e-05
0.000137445
0.000248486
0.000162181
0.000156046
0.000306483
0.000324829
0.00013681
0.000318321
0.000128013
0.000293183
0.000312686
0.000305241
0.000228449
0.00010025
0.000129334
0.000185396
0.000207037
0.000148204
0.000171398
0.000137105
9.54234e-05
0.000117509
0.000158027
9.44658e-05
0.000353315
0.000284995
6.14756e-05
0.000347595
8.7567e-05
0.000105355
0.000380104
0.000240201
8.70113e-05
7.27649e-05
0.000214847
7.21668e-05
0.000181201
9.70003e-05
0.000232007
7.66605e-05
0.000416029
5.78907e-05
0.000299198
6.28494e-05
7.88896e-05
0.000108066
7.4255e-05
0.000176031
5.556e-05
0.000174733
0.000201198
6.08981e-05
6.5572e-05
0.000120893
7.7367e-05
0.000130775
6.03165e-05
0.000122972
5.14783e-05
0.000121865
6.21477e-05
7.35578e-05
0.000229968
0.000100664
4.75336e-05
5.66883e-05
5.7007e-05
0.000126813
6.63416e-05
0.00016935
0.000125509
6.06794e-05
7.04019e-05
4.72113e-05
4.85233e-05
8.13574e-05
0.000179997
6.36535e-05
4.04976e-05
0.000108459
5.37655e-05
9.52741e-05
5.79793e-05
9.5768e-05
9.97338e-05
5.01332e-05
0.000103362
5.16231e-05
4.68983e-05
2.74738e-05
8.91211e-05
0.000101515
4.04008e-05
4.25485e-05
8.88137e-05
4.93186e-05
0.000101699
3.57525e-05
9.82394e-05
7.78155e-05
2.79592e-05
7.66749e-05
3.19301e-05
6.67513e-05
3.82292e-05
6.00434e-05
5.17508e-05
3.32793e-05
2.16287e-05
4.98655e-05
3.27311e-05
6.52938e-05
2.98655e-05
3.61219e-05
2.22882e-05
5.6735e-05
7.74278e-05
3.60388e-05
3.50542e-05
5.13889e-05
4.26993e-05
2.14411e-05
3.5564e-05
2.59187e-05
3.78609e-05
5.12333e-05
2.85993e-05
4.06887e-05
2.68285e-05
2.52389e-05
6.25724e-05
2.45001e-05
4.16077e-05
2.43657e-05
1.93341e-05
7.49016e-05
2.80586e-05
6.22926e-05
3.95841e-05
1.60764e-05
3.81196e-05
2.53535e-05
4.29999e-05
2.14223e-05
3.05187e-05
1.80304e-05
2.43012e-05
1.46104e-05
2.14829e-05
3.97917e-05
1.58949e-05
3.49097e-05
4.74007e-05
4.40725e-05
1.56939e-05
1.77126e-05
