n=32
J=0.707107
eta=0.987342
mu=0
beta-optimal=0
max-overlap=0
1
2.57752e-15
1.20158e-10
3.17446e-17
8.57282e-17
3.24261e-17
1.01151e-17
8.54772e-17
6.25894e-17
1.33165e-17
1.54537e-17
2.14279e-17
2.12492e-17
2.56773e-17
3.12239e-18
2.53311e-17
1.50903e-13
9.38058e-14
4.22581e-12
6.33372e-14
7.12857e-17
4.48724e-17
8.49111e-19
1.27957e-17
2.67686e-18
2.73743e-18
2.96035e-18
1.86381e-17
6.52581e-18
6.45381e-18
1.19309e-17
4.23191e-18
1.06064e-17
3.28847e-18
3.26807e-18
2.68454e-18
2.61746e-17
4.05676e-18
7.97434e-17
3.31011e-18
2.40245e-18
5.1191e-18
1.12939e-17
1.52e-17
3.22181e-18
1.0982e-17
2.44462e-17
1.55596e-17
3.53166e-17
4.14707e-14
5.61747e-13
8.22741e-13
9.4106e-13
6.52281e-13
1.29984e-14
1.31795e-15
2.97284e-17
2.09298e-18
4.40639e-18
6.25054e-18
1.54816e-18
2.18382e-17
1.42424e-17
3.92243e-18
5.81253e-18
2.144e-18
2.01924e-17
2.42762e-18
1.62609e-17
3.82541e-18
3.41386e-18
1.63021e-17
1.85776e-17
2.16311e-18
5.01732e-18
1.52147e-17
2.81841e-18
1.75387e-18
2.60405e-18
2.19842e-17
5.52214e-18
8.09498e-19
1.40802e-17
2.63213e-18
6.92343e-19
1.00559e-17
8.09241e-19
1.08821e-17
1.15857e-18
4.13112e-18
1.51651e-18
8.55004e-18
3.35368e-18
1.51665e-18
7.86811e-16
1.61089e-15
1.40073e-14
3.39478e-13
4.91437e-13
5.69628e-13
1.77125e-12
1.25311e-13
4.30509e-14
3.79289e-16
4.62673e-18
9.3113e-18
1.42596e-17
3.42664e-18
1.60159e-17
1.29447e-17
1.49599e-18
4.39572e-18
1.32348e-18
3.65067e-18
1.28448e-17
1.48855e-17
4.10934e-19
1.58974e-17
1.64927e-18
2.23969e-18
1.68718e-18
3.94111e-18
1.12996e-17
2.97529e-19
1.29635e-17
1.9402e-18
1.09578e-17
9.70082e-19
1.39648e-17
2.29893e-17
8.05006e-19
1.75541e-18
3.04005e-17
1.3925e-18
2.82628e-18
7.46296e-18
4.91478e-17
2.80909e-18
5.31702e-19
1.79568e-17
1.48474e-18
2.89616e-18
3.06151e-17
2.73173e-18
1.39402e-17
6.31253e-17
1.53479e-16
6.9481e-17
3.37947e-14
4.47981e-14
2.34473e-13
5.49808e-13
5.76237e-13
3.54592e-13
5.39149e-13
4.89521e-13
4.24721e-14
7.77069e-15
4.23409e-15
2.11806e-18
1.21615e-18
1.40484e-17
6.98805e-18
6.26204e-19
1.65333e-17
2.03405e-18
4.57845e-18
1.63087e-17
3.65218e-18
1.12123e-17
1.26925e-18
3.75628e-18
1.0696e-17
2.89841e-18
8.10581e-18
1.83803e-17
1.94796e-17
1.30265e-17
1.4392e-18
3.18005e-19
1.52792e-18
4.3269e-19
1.307e-17
6.58187e-19
1.50216e-17
8.59606e-19
2.402e-17
8.4676e-19
1.0805e-17
2.08596e-18
1.16333e-17
1.33238e-18
2.2003e-18
2.8878e-17
8.25385e-17
1.04199e-16
2.41858e-16
5.35057e-15
3.6459e-14
1.22273e-13
2.18791e-13
4.13953e-13
7.53513e-13
4.83397e-13
9.53495e-14
3.62144e-18
1.53534e-18
7.26963e-18
2.20691e-17
2.07401e-18
1.92747e-18
2.87195e-18
4.4176e-18
2.34628e-17
6.64761e-19
1.17236e-18
1.20924e-18
8.21862e-18
1.2778e-17
2.71475e-19
1.22117e-18
7.21958e-18
8.59699e-18
6.32219e-19
1.03648e-17
1.4642e-18
1.46767e-17
8.97335e-19
1.56697e-18
2.9981e-18
1.82118e-18
8.83771e-18
1.19955e-16
2.66784e-15
1.28766e-12
1.88467e-12
1.11991e-13
2.91609e-15
4.96763e-18
1.40589e-17
1.08551e-17
2.86061e-18
1.26048e-18
4.9917e-18
1.24473e-17
1.44255e-18
8.60736e-18
3.20218e-18
1.32932e-17
1.619e-19
2.18086e-14
2.21301e-14
1.1582e-12
3.08127e-15
3.37651e-17
8.63423e-12
