n=32
J=0.707107
eta=0.987342
mu=0.00759494
beta-optimal=0
max-overlap=0
0.960221
0.222011
0.0392578
0.0935193
0.0296495
0.00944725
0.0243495
0.00783523
0.0182476
0.00837732
0.00571347
0.00427989
0.0121733
0.0111057
0.00603839
0.0056871
0.00320713
0.0033107
0.00739538
0.0024384
0.00269093
0.00667566
0.00760445
0.00154395
0.00378454
0.00195131
0.00457727
0.00173133
0.00445702
0.00170271
0.00448953
0.00143344
0.00166676
0.00278544
0.00142103
0.00132402
0.00185525
0.00325651
0.00197848
0.000754519
0.00211244
0.0019208
0.000906556
0.000833736
0.0010198
0.00212987
0.000795836
0.00263383
0.00116093
0.000738348
0.000999999
0.000803599
0.0017316
0.00051572
0.000491527
0.00124174
0.00149799
0.000531537
0.00130989
0.00049077
0.000991772
0.000967113
0.000425468
0.000393145
0.0011151
0.000403985
0.000618266
0.000700833
0.000452101
0.000421042
0.000409754
0.000748948
0.000371871
0.000410478
0.000859907
0.00056922
0.000473335
0.000259718
0.000298115
0.000384966
0.000257137
0.000367472
0.000282601
0.000477611
0.000295574
0.000573218
0.000330245
0.000576016
0.000381434
0.000282879
0.000155928
0.000252763
0.000532091
0.000209416
0.00023456
0.000440325
0.000365193
0.000465366
0.000210116
0.00027632
0.000261531
0.000157448
0.000234668
0.000394259
0.000265643
0.00019971
0.000185142
0.000207166
0.000310907
0.000186635
0.000315422
0.00035397
0.000174368
0.000508996
0.000142935
0.000181017
0.000316646
0.00020935
0.000183561
0.000239063
0.000140101
0.000128811
0.00025128
0.000121074
0.000315149
0.000380714
0.000225745
0.000115183
0.000154685
9.92997e-05
0.000117361
0.000141722
7.63469e-05
0.000173334
0.000158547
0.000101768
0.000110839
0.00012419
0.000167482
0.000231492
0.00021818
0.000100029
0.000109152
0.000132003
0.000221348
8.99415e-05
0.000166762
0.000105118
0.000205426
9.66895e-05
0.000185706
0.000141042
6.84415e-05
9.48621e-05
0.000127638
7.61442e-05
0.00018522
6.49947e-05
6.23557e-05
0.000215345
7.85272e-05
0.000123847
6.31236e-05
0.0001208
8.68163e-05
6.72642e-05
0.000101117
0.000186453
0.000120992
6.8948e-05
0.000114019
7.1016e-05
0.000129219
6.25905e-05
4.43612e-05
6.84381e-05
0.000104207
0.000106804
7.25879e-05
0.000126633
4.35563e-05
8.20219e-05
0.000135028
6.19017e-05
7.71321e-05
0.000198064
0.000134098
4.98007e-05
6.63727e-05
4.64712e-05
0.000188766
5.624e-05
0.000128694
4.23158e-05
6.15827e-05
4.67407e-05
3.14744e-05
9.87494e-05
5.803e-05
8.39221e-05
9.65641e-05
4.4792e-05
5.87046e-05
4.91238e-05
9.70833e-05
0.00012015
4.48617e-05
6.59012e-05
4.67897e-05
0.000117685
4.44575e-05
5.05851e-05
5.17455e-05
5.80533e-05
4.30655e-05
4.39244e-05
7.34494e-05
3.35844e-05
6.45926e-05
3.05073e-05
5.24741e-05
7.12954e-05
4.10154e-05
7.6227e-05
4.23656e-05
4.76039e-05
8.64503e-05
7.84839e-05
4.46994e-05
6.44684e-05
4.36372e-05
3.66535e-05
4.30514e-05
2.80159e-05
4.92984e-05
2.92105e-05
3.90243e-05
3.96236e-05
3.16914e-05
4.9863e-05
5.73714e-05
2.97024e-05
4.0966e-05
2.24444e-05
5.68428e-05
2.43321e-05
4.76534e-05
2.49242e-05
2.80729e-05
2.76443e-05
2.57809e-05
3.3697e-05
3.19224e-05
2.27929e-05
2.59388e-05
2.6797e-05
