n=32
J=0.707107
eta=0.43038
mu=0.167089
beta-optimal=0
max-overlap=0
0.220515
0.198447
0.195508
0.188257
0.192748
0.18082
0.166312
0.165389
0.157793
0.15012
0.141045
0.14519
0.139517
0.134557
0.127625
0.12655
0.126219
0.121583
0.119807
0.116608
0.112908
0.110226
0.110834
0.111519
0.106626
0.108311
0.105332
0.10395
0.095605
0.0974007
0.0930673
0.0934391
0.0873273
0.0895842
0.0885754
0.0869061
0.0851984
0.087978
0.0861677
0.0825346
0.0810351
0.079232
0.075721
0.0787569
0.0738939
0.0724731
0.0738434
0.0748267
0.0720486
0.0693779
0.070344
0.0699572
0.0670548
0.0646242
0.0658826
0.0638479
0.0649697
0.0626006
0.063334
0.0636541
0.0616412
0.0612644
0.05941
0.0612284
0.0583127
0.0567796
0.0582303
0.0562771
0.0574382
0.0561825
0.0542811
0.0553138
0.0544453
0.0523139
0.0514201
0.0515164
0.0510584
0.0503692
0.049533
0.0513621
0.0494923
0.0491637
0.0473293
0.0477873
0.0448433
0.0461738
0.0462119
0.0475608
0.0460534
0.0437859
0.0445029
0.0429224
0.0435562
0.0426029
0.0410828
0.042143
0.0435288
0.0414768
0.0412293
0.0418595
0.0403885
0.0393382
0.0384019
0.0387841
0.0393191
0.0395376
0.0395509
0.0371875
0.0371803
0.0373535
0.035206
0.038155
0.0371504
0.0371632
0.0355448
0.0361192
0.0349208
0.0346031
0.0349238
0.0335781
0.0333229
0.0327185
0.0329739
0.0320807
0.0313658
0.0322475
0.0323789
0.0317272
0.0311475
0.031186
0.0318451
0.0303155
0.0303027
0.03116
0.0302798
0.0299763
0.029331
0.0292652
0.0284624
0.0283234
0.0287838
0.0272236
0.0282743
0.0278309
0.0276528
0.0273387
0.0267335
0.0273427
0.0264917
0.0262699
0.0257306
0.0256965
0.0253303
0.0252064
0.0256839
0.024843
0.024625
0.0248329
0.0247019
0.0247563
0.0237241
0.0240577
0.0234094
0.0232863
0.0227116
0.0227925
0.0234222
0.0230143
0.0229453
0.0228524
0.0227766
0.0220035
0.0220409
0.0220252
0.0216295
0.0217237
0.0218438
0.0211897
0.0210464
0.0210983
0.0215716
0.0210987
0.0207133
0.0207215
0.0205971
0.0200731
0.0199514
0.0197032
0.0197533
0.0195488
0.0192976
0.0189758
0.0197152
0.0191156
0.0193785
0.0185558
0.0186589
0.0186321
0.0182065
0.0182767
0.0176544
0.0180904
0.0182835
0.0179102
0.0175336
0.0171868
0.0172798
0.0169035
0.017169
0.0167839
0.016577
0.0165635
0.0160799
0.0162291
0.016384
0.016289
0.016137
0.0157625
0.0157715
0.0155872
0.015575
0.0152981
0.0146835
0.0150854
0.0152879
0.0152009
0.0145123
0.0144739
0.0144158
0.0143486
0.014574
0.014282
0.0143982
0.0141521
0.0143566
0.0136202
0.0136395
0.0134072
0.0133191
0.0132321
0.013346
0.013033
0.0130808
0.0131585
0.0131375
0.0128426
0.0126471
0.0124544
0.0122921
0.0121033
0.01182
0.012379
0.0115572
0.0116439
0.011533
0.0113878
