n=32
J=0.707107
eta=0.911392
mu=0.0101266
beta-optimal=0
max-overlap=0
0.940549
0.282948
0.0668444
0.12594
0.0411487
0.0164568
0.0332271
0.013652
0.0250392
0.0140308
0.00993819
0.00753048
0.0166198
0.0153354
0.00862974
0.00809383
0.00575771
0.00579474
0.0103052
0.00428693
0.00468856
0.00923406
0.0104163
0.00284084
0.00528222
0.00360309
0.00628544
0.00311726
0.00617034
0.00297345
0.00615097
0.00257499
0.00294269
0.00395018
0.00249572
0.00237151
0.00269512
0.00455813
0.00282419
0.00144345
0.00292139
0.00272353
0.00161157
0.00150389
0.00181209
0.00298483
0.00150941
0.00362848
0.0016796
0.00131004
0.0018357
0.00120566
0.00240078
0.000922877
0.00089549
0.00176593
0.00211172
0.000948825
0.00184252
0.000856011
0.00141988
0.0013936
0.000775067
0.000769929
0.00159033
0.000729993
0.00109884
0.00101498
0.000676278
0.000796932
0.000742798
0.00108535
0.000665426
0.000711679
0.00121421
0.000841402
0.000710579
0.000504816
0.000549135
0.000605118
0.000483857
0.000555265
0.000505584
0.00070664
0.000514639
0.000822474
0.000587371
0.000827689
0.000561439
0.000540141
0.000294125
0.000445531
0.000760875
0.000388054
0.000431378
0.000644969
0.00053053
0.000664232
0.000372806
0.000415563
0.000481325
0.000295977
0.000352162
0.000570811
0.000404119
0.000366696
0.000341204
0.000321307
0.000445259
0.000337298
0.000455295
0.000507252
0.000307085
0.000711351
0.000254392
0.000314726
0.000440781
0.000312029
0.000320013
0.000352309
0.000253195
0.000230967
0.000370373
0.000208136
0.000454241
0.000527486
0.000325768
0.000213759
0.000269258
0.000183682
0.000211009
0.00022506
0.000145884
0.000254299
0.000240149
0.000187223
0.000205668
0.000207918
0.000250939
0.000335494
0.000319013
0.000181281
0.000195573
0.000233571
0.000321674
0.000157749
0.000243069
0.00019114
0.000297276
0.000171355
0.000266677
0.000213402
0.000125636
0.00016152
0.000193447
0.000125307
0.000266915
0.000126262
0.000113459
0.00030256
0.000146282
0.000179395
0.000121443
0.000176341
0.000155068
0.000107612
0.000164189
0.000263093
0.000178171
0.000117447
0.000170806
0.000124228
0.000186168
0.000117555
8.27463e-05
0.000117316
0.000154061
0.000159701
0.000129125
0.000182415
7.52868e-05
0.000123871
0.000196978
0.000108397
0.000133722
0.00027718
0.000191862
9.53246e-05
0.000101271
8.37896e-05
0.000261468
0.000101435
0.000179849
7.74578e-05
9.3733e-05
8.0609e-05
5.38977e-05
0.000142163
0.000105575
0.000126608
0.000138473
7.79439e-05
8.85054e-05
8.45128e-05
0.000137486
0.000171583
7.43032e-05
9.7434e-05
8.36714e-05
0.000166241
7.58555e-05
8.55687e-05
8.00393e-05
9.77825e-05
6.72952e-05
7.83169e-05
0.000106643
6.07487e-05
9.54937e-05
5.6606e-05
7.98493e-05
0.00010495
7.37705e-05
0.000112988
7.6938e-05
7.98653e-05
0.000123113
0.000113114
7.44065e-05
9.56532e-05
7.48658e-05
6.11058e-05
6.72493e-05
4.87069e-05
7.22143e-05
5.09827e-05
6.38749e-05
6.02201e-05
5.40842e-05
7.35018e-05
8.23806e-05
5.118e-05
6.15199e-05
4.14344e-05
8.06126e-05
4.31346e-05
6.93325e-05
4.46576e-05
4.9184e-05
4.4023e-05
4.60369e-05
5.51917e-05
4.82709e-05
4.10804e-05
3.98163e-05
4.05349e-05
