n=32
J=0.707107
eta=0.987342
mu=0.0177215
beta-optimal=0
max-overlap=0
0.967685
0.0633686
0.113649
0.0426416
0.0876846
0.0630639
0.0209914
0.0515464
0.0449396
0.0114224
0.0213464
0.0127184
0.0237669
0.00921679
0.00823705
0.0195115
0.0229832
0.00768538
0.0217068
0.0057475
0.0128522
0.00454279
0.0130124
0.00543789
0.0113055
0.00578784
0.0049607
0.0122548
0.00394329
0.00660571
0.00853557
0.00437621
0.00273478
0.00337224
0.00653847
0.00648608
0.00281257
0.00921156
0.00345782
0.00443298
0.00240827
0.00212903
0.0027652
0.00497793
0.00167852
0.00339525
0.00372915
0.00220708
0.00214678
0.00459258
0.00169387
0.0018193
0.00332925
0.00124763
0.00317001
0.00156305
0.00162198
0.00356208
0.0014772
0.001526
0.00173141
0.00168525
0.00272473
0.00160487
0.001004
0.00112674
0.00395238
0.00109817
0.00291225
0.00297224
0.00107525
0.00188535
0.00106675
0.00186331
0.00134757
0.000887116
0.00112726
0.000957289
0.00103051
0.00253568
0.0010748
0.000996134
0.00134696
0.000837694
0.000818025
0.00141773
0.000729964
0.000902286
0.000928885
0.00124197
0.000700917
0.000635871
0.000712721
0.00145063
0.00065368
0.00071335
0.00166807
0.000752699
0.00143758
0.00075813
0.000661202
0.000639485
0.000600592
0.000862908
0.000741913
0.000754428
0.0010545
0.000470494
0.000953218
0.000556733
0.000663742
0.000709911
0.00104408
0.000670861
0.000637985
0.000595467
0.00052942
0.000747596
0.000518134
0.000961076
0.000506067
0.000473349
0.000422794
0.000679826
0.000494115
0.000389739
0.000969392
0.000415946
0.000412312
0.000840988
0.000471182
0.000366467
0.000380281
0.000692666
0.000530293
0.000800589
0.000352965
0.000439252
0.000421652
0.000349257
0.000544404
0.000252118
0.000353394
0.000493102
0.00037725
0.000365347
0.00076512
0.000346233
0.000330293
0.00024763
0.000565591
0.000341566
0.000298993
0.000359413
0.000299896
0.000377086
0.000345149
0.000283714
0.000297243
0.00039761
0.000218329
0.000398483
0.000235367
0.000227159
0.000314809
0.000441023
0.000481562
0.000215721
0.000402041
0.000428737
0.000252777
0.000199553
0.000241572
0.00021686
0.000265773
0.000261666
0.000278647
0.000226647
0.000310396
0.0002072
0.000333096
0.000209681
0.000245538
0.000223736
0.000210822
0.000240613
0.000202927
0.000220264
0.000179868
0.000169275
0.000168581
0.000163749
0.000319528
0.000322571
0.000211837
0.000149209
0.000192449
0.000204928
0.000213085
0.000208098
0.000145955
0.00024763
0.000287422
0.000194632
0.000142596
0.000218614
0.000193535
0.000152099
0.000211349
0.000119581
0.000142607
0.000130347
0.000131546
0.000139352
0.000159556
0.000155055
0.000173973
0.000136224
0.000154776
0.000140879
0.000203222
0.000116795
0.000129604
9.74738e-05
0.000148754
0.000137535
0.000115072
0.000101455
0.000112977
0.00010606
0.000118002
0.000154013
9.96059e-05
0.00011347
0.000134344
0.00013213
9.9731e-05
0.000117827
0.000110819
9.28684e-05
0.000119651
0.000122984
9.84773e-05
0.000107538
0.000125386
0.000154316
0.000163902
8.31751e-05
0.000105307
0.000107056
8.49029e-05
0.00015259
9.3678e-05
7.93521e-05
6.60783e-05
0.00012772
