n=32
J=0.707107
eta=0.962025
mu=0.0151899
beta-optimal=0
max-overlap=0
0.961302
0.192932
0.0624902
0.0666812
0.0570429
0.023961
0.0218669
0.0473456
0.0160936
0.0126653
0.0328198
0.0345875
0.0255443
0.0157493
0.00933815
0.00789739
0.00618944
0.0163661
0.0090941
0.00601799
0.0137384
0.00557204
0.0129754
0.0104356
0.00524956
0.00523155
0.0115192
0.00403907
0.00620483
0.00429645
0.00732305
0.00801744
0.0035221
0.00981647
0.00324304
0.00349874
0.00457143
0.00301152
0.00296959
0.00459879
0.00238257
0.00474642
0.00209194
0.0033542
0.00180406
0.00313287
0.00189411
0.0024431
0.00195972
0.00271841
0.00221571
0.00147642
0.00477968
0.00146032
0.00157552
0.00539466
0.00224945
0.00144059
0.00123329
0.00232652
0.00127819
0.00122497
0.00304341
0.00177361
0.0015067
0.00167901
0.000886533
0.00271578
0.00178786
0.00100975
0.00103028
0.00231324
0.00131225
0.00208676
0.00123267
0.000998282
0.000852678
0.00177825
0.00153954
0.000860046
0.00197911
0.000871697
0.00124591
0.00138127
0.000695908
0.000827959
0.000724255
0.00089513
0.000784305
0.000742407
0.000760193
0.000656061
0.000710865
0.000763908
0.000771274
0.00119774
0.000531343
0.00127358
0.000795968
0.000828555
0.000744955
0.000474036
0.000634681
0.00069448
0.000952226
0.000697689
0.000474303
0.000474139
0.000578596
0.000543836
0.00104052
0.000415967
0.000537084
0.000484203
0.000601838
0.000405447
0.000519279
0.000390986
0.000787695
0.000627097
0.000434406
0.000461207
0.000497323
0.000425928
0.000806253
0.000480204
0.000520459
0.000339929
0.00040749
0.000362813
0.000351546
0.000679793
0.000459715
0.000299483
0.000782499
0.000328122
0.000348964
0.000577174
0.000331325
0.000289716
0.000585671
0.000469889
0.000331814
0.000286496
0.000438997
0.000227648
0.000296109
0.000314598
0.000577915
0.000243567
0.000432957
0.000308846
0.00027043
0.000295423
0.000364101
0.000304878
0.00027367
0.000385392
0.000253683
0.000322267
0.000209438
0.0002351
0.000241214
0.000364749
0.00023045
0.000360418
0.000218873
0.000211475
0.000182147
0.000273095
0.00022629
0.000163388
0.000313138
0.000231652
0.000225307
0.000208963
0.000311798
0.000147848
0.000230404
0.000169964
0.000193678
0.000189796
0.000282563
0.000183056
0.000138299
0.000150817
0.000171311
0.000143491
0.000256433
0.00017062
0.000288096
0.000194802
0.000161471
0.000174144
0.000216954
0.00013313
0.000164115
0.000142067
0.000139193
0.00029026
0.000122094
0.000123794
0.000225051
0.000141387
0.000154559
0.000127864
0.000227009
0.000150422
0.00017197
0.000147679
0.000233815
0.000182094
0.000115933
0.000124488
0.000165721
0.000167713
0.000119492
8.28115e-05
0.000161424
0.000111584
0.000127992
0.000210466
0.000122068
0.000115851
0.000130275
0.00016355
0.000115048
0.000111537
0.000150626
0.000138402
9.90781e-05
0.000113539
0.00012881
0.000132397
0.000108844
7.75726e-05
9.58755e-05
0.000158339
7.93941e-05
0.00011656
0.000134082
9.73452e-05
9.46891e-05
0.000108009
7.67928e-05
8.01754e-05
0.000123833
5.8618e-05
7.88109e-05
7.76673e-05
8.69745e-05
7.56807e-05
6.55842e-05
0.000102488
6.59096e-05
6.49605e-05
