n=32
J=0.707107
eta=0.936709
mu=0.0101266
beta-optimal=0
max-overlap=0
0.978973
0.148113
0.0344671
0.072206
0.0230862
0.0461281
0.0269686
0.00831756
0.0186168
0.00765929
0.0152063
0.00555276
0.0177694
0.00397348
0.00451425
0.0124147
0.0121392
0.00369172
0.0116461
0.00256895
0.00226865
0.00778455
0.00254676
0.00888629
0.00207725
0.00471768
0.00204433
0.0022111
0.00703389
0.00185724
0.00478421
0.00168627
0.00356515
0.00185372
0.00431506
0.00179812
0.0033769
0.00103904
0.00299121
0.00113593
0.003288
0.00142198
0.00249839
0.00115955
0.00257702
0.000966474
0.000918645
0.000980812
0.00152784
0.000921001
0.000802269
0.000759821
0.00208176
0.001006
0.00131896
0.000812339
0.00282224
0.000600843
0.00166988
0.00106802
0.000761681
0.00218494
0.00144933
0.000599096
0.000749437
0.000646833
0.00113902
0.000377035
0.0014865
0.00105192
0.00052006
0.000505034
0.000990389
0.000462575
0.000977127
0.000385025
0.00157834
0.000357838
0.000792963
0.000491361
0.000402876
0.00139213
0.000294816
0.000713092
0.00051146
0.000347149
0.000398806
0.000580104
0.00030281
0.00119014
0.000333272
0.000528307
0.00024589
0.000411953
0.000229096
0.000298896
0.000417876
0.000612781
0.000277276
0.000160528
0.000255581
0.000359833
0.000302006
0.000283622
0.000437937
0.000464523
0.000247683
0.000453086
0.000236507
0.000417646
0.000441376
0.000436306
0.000328552
0.000186447
0.000234037
0.000269005
0.00029592
0.000264561
0.000248636
0.000251622
0.000176199
0.000212695
0.000239334
0.000171351
0.000496551
0.000401533
0.000113348
0.000485692
0.00016148
0.000191118
0.000526141
0.000337754
0.000158925
0.000134934
0.000306358
0.000134267
0.000262365
0.000175696
0.000324227
0.000140188
0.000570552
0.00010527
0.000422806
0.000119574
0.000145395
0.000161314
0.000136336
0.000250788
0.000103217
0.000253391
0.000285207
0.000111618
0.000118007
0.000176082
0.000139147
0.000191072
0.000109678
0.000178039
9.5517e-05
0.000178225
0.00011427
0.000132319
0.000317991
0.00014718
7.61207e-05
0.000102409
0.000103629
0.00018474
0.000120019
0.000237801
0.000178421
0.000110759
0.00010564
8.53068e-05
8.88714e-05
0.000119123
0.000249689
0.000113831
7.5664e-05
0.000155665
9.87219e-05
0.000137194
0.000104176
0.000137066
0.000143786
9.09024e-05
0.000147093
9.34759e-05
8.45313e-05
5.147e-05
0.000128519
0.000145571
7.4648e-05
7.71544e-05
0.000127152
8.83887e-05
0.00014539
6.51397e-05
0.000140873
0.000112345
5.16765e-05
0.000109765
5.75646e-05
9.85188e-05
6.97331e-05
8.72731e-05
7.71831e-05
6.02378e-05
4.03897e-05
7.48485e-05
5.88883e-05
9.50881e-05
5.41296e-05
6.55578e-05
3.60112e-05
8.3263e-05
0.000111045
6.40978e-05
6.34253e-05
7.63396e-05
6.39089e-05
3.92623e-05
5.39813e-05
4.77677e-05
5.72481e-05
7.55613e-05
5.22937e-05
6.16957e-05
4.81962e-05
4.54177e-05
8.88162e-05
4.4882e-05
6.12038e-05
4.40844e-05
3.58168e-05
0.000106553
5.08311e-05
8.86955e-05
5.93911e-05
2.97193e-05
5.61147e-05
4.49274e-05
6.32967e-05
3.93722e-05
4.66211e-05
3.29463e-05
3.63394e-05
2.70188e-05
3.93203e-05
5.76598e-05
2.90764e-05
5.08968e-05
6.76402e-05
6.34814e-05
2.88921e-05
3.16291e-05
