n=32
J=0.707107
eta=0.987342
mu=0.00506329
beta-optimal=0
max-overlap=0
0.994402
0.0730242
0.00865149
0.0344848
0.00579106
0.0222591
0.0129612
0.0020305
0.0086495
0.00187963
0.00729467
0.00135387
0.0085015
0.000956004
0.00110461
0.00588459
0.00575353
0.000886579
0.00563224
0.000599276
0.000532186
0.00374884
0.000599543
0.00426566
0.000489739
0.00216197
0.000877329
0.00052775
0.00337548
0.000428332
0.00224026
0.000393563
0.00164679
0.00044073
0.0020387
0.000443896
0.0015749
0.000242629
0.00135038
0.00026851
0.00154986
0.000347143
0.00115596
0.000273814
0.0012086
0.000230258
0.000214244
0.000233218
0.000680022
0.000400326
0.0001937
0.000180451
0.000986579
0.000235837
0.00060157
0.000197855
0.00133712
0.00014458
0.000771124
0.000471728
0.000181784
0.00103978
0.000666128
0.000143983
0.000181407
0.0002843
0.000531265
8.86168e-05
0.000677789
0.00047631
0.000122972
0.000120199
0.000463609
0.000109432
0.000443107
9.16561e-05
0.000751691
8.4347e-05
0.00035034
0.00012005
9.68052e-05
0.000666491
6.80115e-05
0.000325818
0.0002185
8.50408e-05
9.52518e-05
0.00025952
6.96225e-05
0.000560044
8.20307e-05
0.000240441
5.75781e-05
0.000172322
5.22293e-05
6.93275e-05
0.000181342
0.000278686
6.56216e-05
5.42274e-05
5.82555e-05
0.000155829
6.81573e-05
6.80151e-05
0.00019421
0.000205506
6.01425e-05
0.000202423
5.47769e-05
0.000186189
0.0002
0.00019314
0.000143995
4.26892e-05
5.7081e-05
0.00011614
0.000131176
6.6326e-05
0.000107347
5.88573e-05
4.11816e-05
5.15447e-05
9.54087e-05
4.1646e-05
0.000226471
0.000182467
2.66158e-05
0.000223765
3.76209e-05
4.62806e-05
0.00024658
0.000154072
3.7603e-05
3.09934e-05
0.000136184
3.05649e-05
0.000113673
4.26921e-05
0.000149524
3.33093e-05
0.000271861
2.55623e-05
0.00019087
2.5559e-05
3.3702e-05
6.61118e-05
3.214e-05
0.000111735
2.36438e-05
0.000109361
0.000128247
2.63903e-05
2.91408e-05
7.54113e-05
3.45666e-05
8.14085e-05
2.64123e-05
7.71221e-05
2.19713e-05
7.56901e-05
2.688e-05
3.28596e-05
0.000149375
6.26362e-05
2.72986e-05
2.50035e-05
2.50053e-05
7.90345e-05
2.90788e-05
0.000108615
7.98069e-05
2.64176e-05
4.28462e-05
2.10027e-05
2.11384e-05
5.0543e-05
0.000116551
2.86823e-05
1.69788e-05
6.8476e-05
2.321e-05
5.99292e-05
2.59086e-05
6.0597e-05
6.27237e-05
2.19433e-05
6.57368e-05
2.25951e-05
2.0853e-05
1.15677e-05
5.60186e-05
6.41471e-05
1.72283e-05
1.8772e-05
5.61691e-05
2.20897e-05
6.43428e-05
1.57301e-05
6.20335e-05
4.8827e-05
1.21147e-05
4.84991e-05
1.42757e-05
4.11036e-05
1.67513e-05
3.75864e-05
3.15754e-05
1.48498e-05
9.24729e-06
3.02543e-05
1.46624e-05
4.07071e-05
1.33714e-05
1.58597e-05
1.26878e-05
3.51869e-05
4.88728e-05
1.63398e-05
1.55763e-05
3.15235e-05
2.60213e-05
9.38591e-06
2.13896e-05
1.11743e-05
2.28364e-05
3.16049e-05
1.24862e-05
2.44891e-05
1.20644e-05
1.13123e-05
3.98081e-05
1.06435e-05
2.57669e-05
1.08651e-05
8.23733e-06
4.75219e-05
1.2294e-05
3.94871e-05
2.40283e-05
6.94793e-06
2.35305e-05
1.156e-05
2.65476e-05
9.26133e-06
1.82298e-05
7.88717e-06
1.48168e-05
6.26963e-06
9.34412e-06
2.49255e-05
6.98954e-06
2.17383e-05
3.00241e-05
2.76834e-05
6.77272e-06
8.03026e-06
