n=32
J=0.707107
eta=0.936709
mu=0.00759494
beta-optimal=0
max-overlap=0
0.831615
0.531843
0.0561895
0.0458056
0.0251907
0.0179578
0.0265328
0.0175895
0.00934237
0.0145413
0.0122538
0.00699255
0.013636
0.00996769
0.00729402
0.00735494
0.00722576
0.00601417
0.00668148
0.00462745
0.00473109
0.00496831
0.00327767
0.00571249
0.00547903
0.00331386
0.00338935
0.0027752
0.00498341
0.00260486
0.00368538
0.00265849
0.00420088
0.00158573
0.00266566
0.00276986
0.00211317
0.00114921
0.00208687
0.00123092
0.000933097
0.0016662
0.00219347
0.00278906
0.00197189
0.00133928
0.00355968
0.00152972
0.000957056
0.00148178
0.00128967
0.00193072
0.000838443
0.00235559
0.000706985
0.0015824
0.000927482
0.00143825
0.00123172
0.00100149
0.000859782
0.000957005
0.000752823
0.00078731
0.000755315
0.000668842
0.000725749
0.000596458
0.000676434
0.00153549
0.000744929
0.000340782
0.000515265
0.0010168
0.000907897
0.00109321
0.00031091
0.000750492
0.00068127
0.000509501
0.000484012
0.000486004
0.000268426
0.000276025
0.000554124
0.000581951
0.000441335
0.000677637
0.000538696
0.000495695
0.000467618
0.000360318
0.000388791
0.000441793
0.000401713
0.000334037
0.000448537
0.000258016
0.0004433
0.000351725
0.00046393
0.000242044
0.000342897
0.000344143
0.000447735
0.000402204
0.000297013
0.0002557
0.000333026
0.000291046
0.000240305
0.000506578
0.000331464
0.000277621
0.000191344
0.000370352
0.000393277
0.000238207
0.000212864
0.000180828
0.000234924
0.000167707
0.000220168
0.000135932
0.000187681
0.000275042
0.00012835
0.000367358
0.000147038
0.000263497
0.00021053
0.000288572
0.000188139
0.000234804
0.000354307
0.000249503
0.000284757
0.000259077
0.00019545
0.00012379
0.000165404
0.000228281
0.000159947
0.00017689
0.00019775
0.00011145
0.000118962
0.000180323
0.000160237
0.000357735
0.000117862
0.000140993
0.000125111
8.18808e-05
0.000116654
0.00013144
0.000159184
8.41682e-05
0.00010629
0.00016386
9.35742e-05
0.000118175
0.000158428
0.000110303
0.000128703
8.69315e-05
0.000116659
0.000131746
9.41561e-05
0.000107998
0.00010848
8.01624e-05
9.73053e-05
0.000145707
5.74098e-05
7.48558e-05
0.000155617
9.20052e-05
0.000107714
7.76537e-05
0.000122662
6.4185e-05
7.92803e-05
8.49953e-05
0.000180341
8.90609e-05
7.57885e-05
0.000143857
9.67838e-05
0.00011787
9.20142e-05
0.000157728
4.90835e-05
6.07607e-05
7.91235e-05
5.67985e-05
6.29533e-05
5.33181e-05
6.49569e-05
7.48445e-05
6.39914e-05
7.26394e-05
7.66388e-05
6.77498e-05
0.000102907
6.43884e-05
9.67249e-05
6.3217e-05
5.60945e-05
6.77721e-05
6.55903e-05
6.62374e-05
5.43457e-05
4.87398e-05
6.72343e-05
9.16973e-05
3.82332e-05
5.28577e-05
6.38993e-05
5.75229e-05
4.03574e-05
4.34775e-05
5.03331e-05
5.77392e-05
4.38396e-05
6.10023e-05
5.416e-05
3.3056e-05
5.57539e-05
6.30176e-05
4.85277e-05
5.0591e-05
4.23976e-05
3.75737e-05
3.81262e-05
5.15858e-05
3.29135e-05
2.79876e-05
2.47557e-05
3.21198e-05
4.20478e-05
4.82667e-05
4.86153e-05
3.68445e-05
3.11823e-05
2.92249e-05
4.27955e-05
3.69392e-05
4.08638e-05
4.58366e-05
3.39386e-05
3.33984e-05
4.64483e-05
2.46731e-05
2.85051e-05
3.08463e-05
