n=32
J=0.707107
eta=0.987342
mu=0.0151899
beta-optimal=0
max-overlap=0
0.726584
0.465643
0.374504
0.080211
0.0594846
0.0511977
0.0431173
0.033462
0.039256
0.0229385
0.0182979
0.0219959
0.0166589
0.0177057
0.0197081
0.0188018
0.0120836
0.0149442
0.0123789
0.00901779
0.0106077
0.0124132
0.0109921
0.0105907
0.0096953
0.0080866
0.00560162
0.00932861
0.00715434
0.00734124
0.00555911
0.00486824
0.00604327
0.00533181
0.00652472
0.00693519
0.00564413
0.0045397
0.00566533
0.00512018
0.00542069
0.00516537
0.00607498
0.00406386
0.00493732
0.00419917
0.00441693
0.00390754
0.00347054
0.0032366
0.00283175
0.0022078
0.00250246
0.00301525
0.00190132
0.0027107
0.00331314
0.00335532
0.00247198
0.00280268
0.00324751
0.00312129
0.00237375
0.0020717
0.00176075
0.0023472
0.00265826
0.00192456
0.00150996
0.00145424
0.00145835
0.00158218
0.0021087
0.0018327
0.00147918
0.00246211
0.00102514
0.00193165
0.00149366
0.00153537
0.00173762
0.00197967
0.00127845
0.0010191
0.00180117
0.000661181
0.00127716
0.00158792
0.00132254
0.000866352
0.000933036
0.00145725
0.00097222
0.0011739
0.00102027
0.00122484
0.000797813
0.000869538
0.0010997
0.000901945
0.00122039
0.000891736
0.00103321
0.00085256
0.00060194
0.000924199
0.000620143
0.000832674
0.000845206
0.000679799
0.00103125
0.000707043
0.000861496
0.000647584
0.000553008
0.000881332
0.000428693
0.000659807
0.000799107
0.000593876
0.000617085
0.000623006
0.000822123
0.000553413
0.000824692
0.0006993
0.000463817
0.000605927
0.000613544
0.000609987
0.000467153
0.000457687
0.000496004
0.000554814
0.000565896
0.000711993
0.000588626
0.00060072
0.000454611
0.000402573
0.000754509
0.000460112
0.000483975
0.000456319
0.000494609
0.000432517
0.000447718
0.000471589
0.000469519
0.000330571
0.000332984
0.000427321
0.000580337
0.000384817
0.000306077
0.000336721
0.000351817
0.000549617
0.000423749
0.000355306
0.000268746
0.000359754
0.00032689
0.000292591
0.000326369
0.000349536
0.000270822
0.000314753
0.000531713
0.000319686
0.000324199
0.000280168
0.000220718
0.000235116
0.000243238
0.0002874
0.000263054
0.00034788
0.000265097
0.000337505
0.000289588
0.000255697
0.000219698
0.000331295
0.0002787
0.000255817
0.000259576
0.000289059
0.000318205
0.000278108
0.000196519
0.000294395
0.000263604
0.000242659
0.000262643
0.000227241
0.000205352
0.000221722
0.000250222
0.000252908
0.000234647
0.000175225
0.000142708
0.000170799
0.00017107
0.000158558
0.000179486
0.000225408
0.000157939
0.000225721
0.000199016
0.000120359
0.000192861
0.000157804
0.000245244
0.000173833
0.000181213
0.000170514
0.00016785
0.000237199
0.000141115
0.000195882
0.00013514
0.000153662
0.000174022
0.000189076
0.000123483
0.000139236
0.00014796
0.000135832
0.000134619
0.000108052
0.000152913
0.000122669
0.000148623
9.31196e-05
0.000154037
0.0001094
0.000116184
9.67655e-05
0.000124209
0.000137916
0.00012964
0.000136135
0.00010123
0.000121222
0.000114084
0.000131044
9.37675e-05
0.000136999
0.000131928
0.000107279
9.68666e-05
8.97677e-05
8.0651e-05
9.0164e-05
