n=32
J=0.707107
eta=0.987342
mu=0.0126582
beta-optimal=0
max-overlap=0
0.959089
0.187248
0.0543813
0.0931957
0.0368066
0.0589823
0.0343809
0.0133851
0.0246307
0.0121377
0.0192139
0.00885396
0.0227713
0.00631602
0.00719929
0.0161168
0.0157381
0.00583973
0.0147506
0.00395455
0.00349529
0.00986314
0.00402805
0.0113462
0.00326058
0.00623609
0.00276726
0.00348001
0.00895519
0.00285516
0.00619633
0.00263247
0.00462484
0.00291609
0.00560373
0.00289306
0.00436717
0.00160422
0.00399819
0.00178543
0.0042243
0.00229277
0.00324128
0.00181175
0.0033167
0.00150247
0.00142819
0.00155256
0.00206814
0.00122696
0.00127887
0.00117688
0.0026854
0.00157324
0.00172198
0.00130851
0.00363872
0.000944785
0.002167
0.00142771
0.00121051
0.00278379
0.00189407
0.000966841
0.0011981
0.000856297
0.0014745
0.000603446
0.00197897
0.00140153
0.000820711
0.000804156
0.00125331
0.000729661
0.00129765
0.000606571
0.00201284
0.000559843
0.00109194
0.000786353
0.000639328
0.0017861
0.00046449
0.000932581
0.000695002
0.00055883
0.000632219
0.000751682
0.000472397
0.0015504
0.000544681
0.000686619
0.000391772
0.00056318
0.000355377
0.000470702
0.000560638
0.000803834
0.000438452
0.000251654
0.00039805
0.000488199
0.000470652
0.000446961
0.000584474
0.000630538
0.000400296
0.00059523
0.000373352
0.000552003
0.000588594
0.000587389
0.000449205
0.00029207
0.000378735
0.000362503
0.000401435
0.000434715
0.00033637
0.00039692
0.000284088
0.000339434
0.000344866
0.000277041
0.000662589
0.00053526
0.00018304
0.00063628
0.000256158
0.000308548
0.000683232
0.000439488
0.000251452
0.000211323
0.000416902
0.000211307
0.000357378
0.000284623
0.000422509
0.000222504
0.000735118
0.000170502
0.000571887
0.000178434
0.000226759
0.000228985
0.000215104
0.000338292
0.000161486
0.000350724
0.000386967
0.000178147
0.000194042
0.000245202
0.000231304
0.000261379
0.000177374
0.000244046
0.000152663
0.000249081
0.000182422
0.000218076
0.000411078
0.000197623
0.00011394
0.000165295
0.000168523
0.000256688
0.000192178
0.000319446
0.000242451
0.000176644
0.000149465
0.000140664
0.000145632
0.000163643
0.000329405
0.000190028
0.000116845
0.000214053
0.000159998
0.000189822
0.000173005
0.000183892
0.000197017
0.000147183
0.000195116
0.000151096
0.000139224
8.09516e-05
0.00017504
0.000198079
0.000119244
0.00012599
0.000172226
0.00014772
0.000198011
0.000107132
0.000193799
0.000157219
8.50981e-05
0.000150317
9.68748e-05
0.000139085
0.000112703
0.000116325
0.000114473
0.000101454
6.60647e-05
0.000109611
9.7687e-05
0.000132535
9.15943e-05
0.000107213
5.55486e-05
0.000115286
0.000155457
0.00010889
0.000105959
0.000108593
9.35734e-05
6.53242e-05
7.95611e-05
7.65674e-05
8.50617e-05
0.000106638
8.74367e-05
9.19676e-05
8.21591e-05
7.69679e-05
0.000119598
7.39926e-05
8.45419e-05
7.49065e-05
5.82078e-05
0.000149198
8.30582e-05
0.000123242
8.68609e-05
4.95158e-05
7.94731e-05
7.73359e-05
8.97426e-05
6.37716e-05
7.01121e-05
5.37101e-05
5.19918e-05
4.40323e-05
6.45199e-05
8.00951e-05
4.85444e-05
7.25995e-05
9.33645e-05
8.84608e-05
4.71879e-05
5.38397e-05
