n=32
J=0.707107
eta=0.936709
mu=0
beta-optimal=0
max-overlap=0
1
2.11591e-10
1.63968e-11
4.6959e-15
2.66082e-11
1.29861e-11
3.80089e-16
2.44239e-17
2.89085e-17
2.23378e-17
1.68176e-17
9.05953e-18
3.67582e-18
7.87779e-18
3.37786e-17
1.01365e-17
2.51802e-18
4.19194e-16
1.0864e-15
1.42093e-14
3.84266e-13
1.72723e-14
2.24971e-12
3.44926e-12
5.20283e-12
9.4045e-15
4.70126e-18
2.24578e-17
1.7657e-17
3.35387e-17
3.1162e-18
1.02347e-17
8.60135e-18
2.32441e-18
5.82718e-18
1.04432e-17
5.13002e-18
2.62077e-17
1.26412e-17
9.88024e-18
3.86606e-18
5.06238e-17
4.20935e-18
1.50814e-17
2.78e-18
7.7851e-18
3.95645e-18
6.05691e-18
1.70038e-17
1.08174e-17
1.46297e-18
6.59949e-18
6.25914e-16
3.21183e-15
2.4082e-14
1.79767e-12
7.89203e-13
1.61809e-12
1.50492e-13
5.91452e-14
1.54384e-14
1.53328e-15
1.38067e-17
6.47275e-18
4.55604e-18
4.57439e-18
4.0974e-18
2.46455e-17
2.01857e-18
2.65039e-17
2.75192e-18
6.98152e-18
6.34841e-18
5.38867e-18
4.21713e-18
5.27602e-18
4.36109e-18
4.57597e-18
5.27784e-18
1.30395e-17
1.01145e-17
6.45618e-18
5.68338e-18
6.82473e-18
6.20999e-18
5.39576e-18
7.6319e-18
3.93603e-18
6.86507e-19
3.4485e-18
2.31458e-18
3.4471e-17
2.99817e-18
1.10389e-17
9.6706e-18
1.00225e-17
1.28256e-17
5.55132e-18
4.11392e-18
3.468e-15
5.43255e-15
1.61452e-13
5.86577e-13
5.67304e-13
1.05595e-12
1.81126e-12
8.73602e-13
3.60673e-13
9.29726e-14
2.53547e-14
2.51103e-15
1.99805e-16
6.38898e-18
5.41884e-18
6.39907e-18
1.39482e-17
4.6665e-18
3.39031e-18
2.27009e-17
3.33167e-18
8.46355e-18
9.7271e-18
1.44864e-18
7.40843e-18
5.11194e-19
1.58539e-18
2.82526e-18
1.99232e-17
2.06099e-18
3.24915e-18
7.72483e-18
5.35562e-18
7.1525e-18
2.10941e-18
4.37234e-18
1.21588e-17
1.74291e-18
1.91466e-18
1.00512e-17
3.68464e-18
1.17094e-17
1.67728e-18
8.0746e-19
2.88105e-18
1.54215e-18
2.86835e-18
3.49815e-19
3.45397e-18
2.43348e-18
3.48046e-18
8.61616e-18
1.72422e-18
9.13232e-17
2.03183e-15
5.45931e-14
3.08478e-13
5.63153e-13
3.85067e-13
4.71814e-13
4.44449e-13
1.07033e-13
2.1037e-13
6.44828e-14
3.77974e-16
5.55165e-17
9.31301e-19
3.06846e-18
1.23748e-17
6.09039e-18
7.33232e-18
4.53775e-18
6.42461e-18
3.57521e-18
4.95352e-18
1.64819e-17
5.84833e-18
6.80508e-18
2.04585e-18
8.08941e-18
9.57338e-18
8.43781e-18
7.53163e-18
1.09785e-17
8.55951e-18
3.38142e-18
7.54052e-18
4.71245e-18
5.05188e-18
9.74473e-18
3.77623e-18
6.30908e-18
1.43019e-18
2.39046e-18
2.93507e-18
1.25528e-17
3.21974e-18
2.2101e-18
2.94042e-17
1.42155e-16
3.06532e-15
4.1277e-15
1.59317e-14
3.76761e-13
1.01558e-12
1.6554e-12
7.73269e-13
5.01779e-15
3.70725e-15
1.46748e-16
1.08822e-17
3.62453e-17
1.72799e-18
1.1839e-17
1.15356e-18
1.13944e-17
8.05272e-18
1.5911e-18
3.90239e-18
1.13438e-18
4.10472e-18
8.18622e-18
5.72056e-18
7.8817e-18
1.51675e-18
4.05722e-18
1.03046e-17
2.00226e-18
1.45043e-18
7.85115e-18
2.48693e-18
2.1213e-18
9.85975e-18
5.51533e-18
9.73271e-17
1.92668e-13
3.76393e-13
6.33451e-13
3.61495e-13
6.55552e-18
6.45216e-18
1.89984e-18
5.01749e-18
1.24701e-17
6.28773e-18
3.07212e-18
9.99887e-18
7.35335e-18
7.07032e-18
1.79732e-18
1.6613e-17
2.99771e-16
5.57047e-14
9.39893e-18
9.74488e-18
7.55509e-14
8.45899e-12
