n=32
J=0.707107
eta=0.987342
mu=0.0126582
beta-optimal=0
max-overlap=0
0.983725
0.116694
0.058499
0.0160967
0.0136948
0.0339742
0.0317529
0.00646863
0.024335
0.0080369
0.0227926
0.00670595
0.00449536
0.0144616
0.0163681
0.00466331
0.00341534
0.0108177
0.0122371
0.00260797
0.00874707
0.00265506
0.0053963
0.00199613
0.00659235
0.00670795
0.00200191
0.0019204
0.00218805
0.00563782
0.00226856
0.00355929
0.001392
0.00445972
0.00635595
0.00370198
0.00133841
0.00408007
0.00136583
0.00125767
0.00113951
0.00208226
0.00163987
0.00115939
0.00279958
0.00118754
0.000922273
0.00226749
0.000844728
0.00271554
0.00287905
0.000961815
0.000864556
0.00222751
0.000839242
0.000969579
0.00260324
0.00131001
0.00233701
0.000621953
0.0021278
0.00060732
0.000728306
0.00233034
0.000619353
0.00192753
0.000711714
0.000804615
0.00042089
0.000962776
0.00104512
0.000708304
0.000596553
0.000861526
0.000557026
0.000522851
0.00160365
0.000389224
0.000730804
0.000456139
0.000477175
0.000951157
0.000431663
0.00133994
0.001008
0.000371893
0.000812033
0.000380482
0.000740531
0.000742252
0.000542532
0.000427954
0.000383552
0.000628732
0.000742142
0.000360426
0.000856704
0.00029067
0.000300568
0.000531901
0.000247454
0.000652711
0.000297965
0.000285113
0.000602266
0.000477661
0.000245404
0.000525854
0.000285429
0.00028228
0.000688193
0.000228308
0.00037642
0.000373874
0.000199349
0.000260708
0.000314126
0.000288454
0.000869936
0.000519918
0.000301317
0.000209219
0.000189093
0.000670715
0.000168237
0.000452356
0.00021893
0.000409503
0.000207719
0.000202865
0.000386975
0.000331552
0.000170642
0.000410198
0.000329425
0.000157001
0.000184761
0.000254868
0.000191954
0.000159726
0.000449016
0.000230696
0.000168013
0.000285112
0.000195255
0.000142173
0.000169558
0.0001935
0.000235834
0.000140459
0.000161048
0.000151317
0.000149806
0.000369334
0.000151328
0.000242802
0.000215328
0.000187051
0.000126178
0.000268685
0.000205793
0.000168093
0.000160557
0.000267953
0.00012024
0.000234123
0.000132816
9.65829e-05
0.000136206
0.000112702
0.000177613
0.00023054
0.00011621
0.000176605
0.000133404
0.000137179
0.00010241
0.000103397
0.00023284
0.000117757
0.000188364
0.000125564
0.000120144
0.000237147
9.22041e-05
0.000111011
7.91599e-05
0.000151763
8.64492e-05
0.000209443
0.000112726
9.79869e-05
0.000185902
8.35499e-05
0.000190802
6.74284e-05
9.49987e-05
0.000106942
0.000181692
6.23944e-05
8.45536e-05
0.000118944
0.000159591
6.70268e-05
8.66251e-05
0.000142594
9.66973e-05
7.50218e-05
6.66942e-05
0.000126671
8.54619e-05
7.45966e-05
6.55353e-05
6.82765e-05
9.86781e-05
0.000103708
0.000101721
5.60036e-05
7.52203e-05
8.35319e-05
8.10168e-05
5.5032e-05
6.65883e-05
7.4389e-05
6.17742e-05
0.000108928
5.33954e-05
4.41114e-05
0.000114218
4.64881e-05
6.01477e-05
6.07451e-05
7.76533e-05
5.69377e-05
4.72756e-05
3.85994e-05
8.39196e-05
4.6026e-05
0.000103702
5.43229e-05
4.65741e-05
6.60748e-05
7.18118e-05
4.67919e-05
4.76037e-05
7.03048e-05
3.82593e-05
3.67315e-05
5.0162e-05
3.33755e-05
5.90267e-05
4.21138e-05
4.24238e-05
7.89505e-05
4.84411e-05
3.2734e-05
