n=32
J=0.707107
eta=0.962025
mu=0
beta-optimal=0
max-overlap=0
1
1.42548e-09
4.46479e-14
2.94898e-15
1.56755e-11
1.02714e-12
2.89515e-17
1.95428e-16
2.60632e-17
2.71875e-17
1.04575e-17
2.31389e-17
4.37363e-18
3.04597e-17
6.04722e-17
1.95079e-17
1.40802e-17
4.49669e-17
1.41073e-16
6.03789e-15
3.48025e-13
6.1355e-14
2.55794e-12
3.47047e-12
3.04801e-12
2.0716e-16
1.28803e-17
1.33831e-17
1.77836e-17
2.06568e-17
2.34168e-17
1.99049e-17
1.38565e-17
7.77577e-18
1.37658e-17
7.49613e-18
1.2456e-18
8.80851e-18
4.57705e-18
1.00759e-17
9.89316e-18
2.55512e-17
2.38891e-18
1.05644e-17
4.89971e-19
2.2667e-17
9.37384e-18
7.88789e-18
5.00746e-18
1.48809e-17
7.96271e-18
8.15698e-18
7.8876e-17
6.79146e-15
2.16845e-14
1.93526e-12
8.5702e-13
1.33904e-12
2.44377e-14
6.95634e-15
6.03164e-16
2.7444e-17
1.63076e-18
1.01776e-17
4.42535e-18
4.19586e-18
6.76298e-18
1.06344e-17
1.30218e-18
1.86531e-17
4.89269e-18
6.68916e-18
1.18341e-17
1.02435e-17
8.67418e-18
3.82734e-18
9.85861e-18
1.02135e-17
6.39333e-18
6.1757e-18
6.24869e-18
5.35508e-18
3.54468e-18
5.75749e-18
2.13588e-17
1.03816e-17
5.32704e-18
1.72369e-18
2.02422e-18
1.04628e-17
1.60766e-18
4.67421e-18
3.86624e-18
7.63973e-18
9.81032e-18
4.87482e-18
3.33507e-18
3.61187e-18
3.77379e-18
1.18468e-15
1.97983e-15
1.1986e-13
5.55626e-13
5.6026e-13
1.09706e-12
1.88177e-12
8.54667e-13
1.94027e-13
2.78897e-14
4.9182e-15
1.07873e-16
6.90871e-18
2.425e-18
3.52974e-18
1.69988e-17
4.17963e-18
5.68447e-18
8.03561e-18
2.25677e-17
8.48962e-18
1.03502e-17
9.6259e-18
5.53519e-18
1.33201e-17
8.35919e-18
1.39668e-17
6.3549e-18
1.14324e-17
5.24766e-18
1.29123e-17
8.83645e-18
7.1291e-18
9.23413e-18
2.20825e-18
5.33233e-18
2.14579e-18
1.25604e-17
2.29177e-18
1.8957e-17
4.0429e-18
8.33242e-18
2.09389e-18
7.07724e-19
1.88917e-18
2.33888e-18
7.20615e-18
5.3136e-18
4.18394e-18
3.31673e-18
1.07188e-18
3.74305e-18
7.41941e-18
1.6629e-17
2.51507e-16
2.73715e-14
2.25254e-13
4.97659e-13
3.59631e-13
4.21805e-13
3.45464e-13
4.76659e-14
9.21206e-14
1.43687e-14
1.34712e-17
4.7845e-18
1.01409e-17
1.17899e-17
4.93913e-18
3.60074e-18
8.51351e-18
2.55851e-18
4.56907e-18
7.78731e-18
5.19459e-18
1.27888e-17
3.32988e-18
1.94842e-17
4.17935e-18
3.72438e-18
1.10456e-18
6.70248e-18
6.84207e-18
6.52099e-18
6.7634e-18
1.1477e-17
7.42967e-18
5.98053e-18
4.88298e-18
7.25121e-18
3.07416e-18
1.30282e-17
2.95752e-18
4.03375e-18
8.0604e-18
4.39244e-18
5.83852e-18
3.94303e-18
3.29467e-18
3.00039e-17
3.56994e-16
6.41899e-16
4.15307e-15
3.23696e-13
1.00031e-12
1.65238e-12
7.6549e-13
1.06242e-15
5.42256e-16
1.0185e-17
2.17724e-18
1.96804e-17
3.66591e-18
1.06096e-17
1.49621e-18
8.53019e-18
1.03542e-17
1.53568e-18
2.53623e-18
4.00763e-18
7.03158e-18
8.54221e-18
3.83876e-18
2.11681e-17
2.67987e-18
4.88451e-18
7.90256e-18
7.54573e-18
8.7119e-18
1.1627e-17
3.89525e-18
1.0992e-17
1.80723e-17
1.59281e-17
2.90897e-17
8.44875e-14
3.14608e-13
6.5088e-13
3.62638e-13
1.73882e-18
3.66728e-18
3.08797e-18
1.88823e-18
7.22568e-18
5.90441e-18
2.69052e-18
1.27161e-17
6.35681e-18
1.05318e-17
5.92083e-18
1.67708e-18
1.00528e-17
5.46358e-14
4.4218e-18
7.69467e-18
7.44211e-15
6.44301e-12
