n=32
J=0.707107
eta=0.936709
mu=0.00759494
beta-optimal=0
max-overlap=0
0.988758
0.110238
0.0193609
0.0527753
0.0129094
0.0339114
0.0197871
0.00459961
0.0133877
0.00425459
0.0111493
0.00307514
0.0129998
0.00219234
0.00250149
0.00903115
0.00883192
0.00204027
0.00857372
0.00141709
0.00125338
0.00571833
0.00139968
0.00651376
0.00114405
0.0033669
0.00140869
0.00122149
0.00515365
0.00102255
0.00345855
0.000928388
0.00255742
0.00102311
0.00313275
0.000995714
0.00243547
0.000572941
0.00211747
0.000624883
0.00238693
0.000785005
0.00179485
0.000639574
0.00186379
0.000533883
0.000505556
0.000539928
0.00107265
0.000639392
0.000441773
0.000419556
0.00151482
0.000553878
0.000939559
0.000447447
0.00205344
0.000331648
0.00119808
0.000747201
0.000419597
0.001594
0.00103671
0.000328521
0.000413453
0.000451619
0.000821883
0.000205858
0.00105792
0.000745696
0.000285851
0.000277262
0.000716397
0.000254388
0.000693535
0.000211469
0.00115196
0.000196711
0.000554102
0.000271313
0.000221838
0.00101879
0.00016093
0.000508197
0.00035163
0.000191519
0.000219654
0.00040945
0.000165545
0.00086184
0.00018317
0.000376028
0.000134484
0.000279935
0.000125092
0.000163508
0.000289933
0.000435619
0.000152453
9.7331e-05
0.000139767
0.000249035
0.000164999
0.000156441
0.000307028
0.000324942
0.000136161
0.000319286
0.000129482
0.000293745
0.000313068
0.000305435
0.000228625
0.000101739
0.000128564
0.00018588
0.00020726
0.000146228
0.000171739
0.000138208
9.59317e-05
0.000117226
0.000158253
9.40737e-05
0.00035331
0.000285131
6.15898e-05
0.000347631
8.82791e-05
0.000105091
0.000380268
0.000240631
8.73348e-05
7.3647e-05
0.00021478
7.31404e-05
0.000181559
9.65165e-05
0.000232367
7.68634e-05
0.000416375
5.76363e-05
0.0002989
6.50325e-05
7.96309e-05
0.000108276
7.47558e-05
0.00017607
5.62271e-05
0.000174788
0.000201283
6.10849e-05
6.48873e-05
0.000120941
7.64101e-05
0.000131048
6.01301e-05
0.000123153
5.19495e-05
0.000121806
6.24303e-05
7.27789e-05
0.000230248
0.000100989
4.7663e-05
5.62492e-05
5.67515e-05
0.000126859
6.60755e-05
0.000169196
0.000125509
6.06725e-05
7.04782e-05
4.67291e-05
4.84163e-05
8.14358e-05
0.000179916
6.26255e-05
4.12342e-05
0.000108463
5.39509e-05
9.51796e-05
5.71899e-05
9.58688e-05
9.97843e-05
4.98536e-05
0.000103578
5.13692e-05
4.63608e-05
2.78769e-05
8.91497e-05
0.000101646
4.06669e-05
4.22689e-05
8.88797e-05
4.85045e-05
0.000101695
3.55759e-05
9.82525e-05
7.7688e-05
2.79819e-05
7.66894e-05
3.14412e-05
6.66438e-05
3.81766e-05
6.03079e-05
5.15032e-05
3.28368e-05
2.17346e-05
4.96898e-05
3.22899e-05
6.52946e-05
2.94546e-05
3.58773e-05
2.23215e-05
5.67908e-05
7.7296e-05
3.51918e-05
3.46524e-05
5.13925e-05
4.26139e-05
2.13022e-05
3.54636e-05
2.60681e-05
3.77122e-05
5.11929e-05
2.84868e-05
4.05575e-05
2.63101e-05
2.47647e-05
6.25606e-05
2.43646e-05
4.16981e-05
2.40047e-05
1.94062e-05
7.46392e-05
2.78652e-05
6.21124e-05
3.94608e-05
1.6004e-05
3.80537e-05
2.46624e-05
4.29393e-05
2.14584e-05
3.04059e-05
1.7975e-05
2.42657e-05
1.46219e-05
2.13898e-05
3.98034e-05
1.57883e-05
3.4824e-05
4.73305e-05
4.39644e-05
1.56904e-05
1.73044e-05
