n=32
J=0.707107
eta=0.962025
mu=0.00759494
beta-optimal=0
max-overlap=0
0.993462
0.0727764
0.0346702
0.00640419
0.0284998
0.00530621
0.0174485
0.00378976
0.00261599
0.014255
0.0133523
0.00234897
0.00209371
0.00170797
0.0131194
0.00974267
0.00177551
0.00175786
0.00360398
0.00562136
0.00106445
0.00677144
0.00116198
0.00503879
0.00100906
0.00313307
0.00210273
0.00391456
0.000620315
0.000948045
0.00344729
0.000742126
0.00475981
0.00388633
0.000709397
0.00313837
0.000607161
0.000714873
0.00342343
0.00196735
0.000752747
0.000494682
0.000413595
0.00142442
0.000614486
0.000444666
0.00137518
0.00150472
0.0014535
0.000467844
0.000863044
0.000338901
0.00194624
0.00172931
0.000354129
0.000994647
0.000270908
0.000573113
0.000279873
0.000296138
0.00181638
0.000272547
0.000821677
0.000377148
0.000759138
0.000838402
0.000291218
0.000944775
0.000313669
0.000265434
0.000559649
0.000249689
0.000628941
0.000281894
0.000739329
0.000243003
0.000447373
0.000737485
0.000190808
0.000798876
0.000656322
0.000171675
0.000206587
0.00023559
0.000855227
0.00016682
0.000199348
0.000359508
0.000171977
0.000955604
0.00012279
0.00053322
0.000140557
0.00036659
0.000112676
0.000113693
0.000300097
0.000465346
0.000140351
0.000297253
0.000134536
0.000117784
0.000341247
0.000302678
0.000359243
0.000105929
0.000503079
0.000166898
0.000107678
0.000114122
9.64576e-05
0.000336871
0.000122581
0.000159995
0.000228467
9.59821e-05
8.02281e-05
0.000137211
0.000104691
9.06718e-05
0.000356415
9.71734e-05
0.000292973
8.46877e-05
0.000282375
6.8601e-05
0.000262081
8.69286e-05
0.000332755
0.000267623
0.000280868
8.11222e-05
0.000217196
6.74848e-05
0.000207178
0.000101545
0.000136572
6.34063e-05
0.000108289
0.000215784
0.000313902
5.295e-05
5.52805e-05
0.000186068
7.08633e-05
0.00014196
6.33578e-05
0.000229647
6.14871e-05
8.99697e-05
5.83167e-05
5.76793e-05
0.000106476
5.52238e-05
0.000191355
6.53941e-05
7.65753e-05
0.000154699
0.000123297
5.84165e-05
7.4911e-05
5.19932e-05
4.96106e-05
4.51866e-05
8.79742e-05
4.83835e-05
0.000102297
0.000111655
0.000139415
5.48626e-05
9.83049e-05
3.60124e-05
9.06791e-05
4.56206e-05
0.000111435
4.32171e-05
8.51307e-05
4.26155e-05
0.000128508
4.25198e-05
8.27886e-05
4.19247e-05
3.04892e-05
0.000139599
3.41333e-05
6.14576e-05
7.50301e-05
3.48072e-05
9.16635e-05
3.48344e-05
2.69001e-05
3.51558e-05
4.82512e-05
7.38747e-05
2.88143e-05
7.54937e-05
5.22706e-05
2.96135e-05
3.40899e-05
3.60571e-05
9.74937e-05
3.07206e-05
3.33365e-05
6.55748e-05
3.48549e-05
7.74976e-05
3.68027e-05
3.65261e-05
3.14704e-05
2.54322e-05
6.44049e-05
0.000104029
4.47629e-05
3.12321e-05
3.01955e-05
3.29617e-05
6.16546e-05
5.44888e-05
2.2895e-05
8.01496e-05
2.98179e-05
2.61834e-05
5.19913e-05
6.82521e-05
3.34336e-05
2.41404e-05
4.69156e-05
2.44311e-05
2.15234e-05
7.05036e-05
2.34588e-05
3.77377e-05
4.20669e-05
1.9772e-05
7.09714e-05
2.25998e-05
6.11476e-05
1.86879e-05
2.24326e-05
2.03764e-05
4.4203e-05
6.17373e-05
1.475e-05
5.38863e-05
1.78865e-05
6.3876e-05
1.82721e-05
6.65459e-05
4.53634e-05
1.57505e-05
2.09451e-05
1.9214e-05
1.52655e-05
1.64423e-05
1.52086e-05
2.23819e-05
