n=32
J=0.707107
eta=0.43038
mu=0
beta-optimal=0
max-overlap=0
1
5.73107e-11
1.23224e-12
3.38442e-13
4.73037e-13
1.11366e-11
2.20395e-13
2.52704e-11
1.13565e-13
5.64963e-14
1.01177e-15
1.21088e-16
1.93625e-17
6.81723e-17
9.03802e-16
1.4467e-15
1.45702e-13
5.01562e-13
9.02762e-13
2.86718e-13
2.60232e-12
9.90053e-13
7.11489e-12
2.78901e-12
2.67518e-16
3.24873e-13
5.58742e-13
4.04067e-13
1.73759e-14
8.95313e-15
7.22749e-17
6.38493e-18
1.27801e-17
2.60978e-18
5.57064e-18
2.2618e-18
1.07443e-17
9.82283e-19
5.37381e-18
8.0276e-19
2.92396e-17
1.5667e-17
7.20324e-18
3.37836e-16
4.09587e-15
3.49821e-14
1.43074e-14
6.32776e-14
4.27e-14
1.16408e-13
2.22204e-15
8.39519e-13
4.99252e-13
1.94942e-12
3.34875e-12
9.72173e-13
1.53733e-13
7.69351e-13
4.75978e-13
1.50683e-13
9.19717e-14
7.78165e-14
7.2731e-16
4.91012e-15
1.31062e-14
2.72331e-15
4.74988e-15
7.32807e-16
1.08184e-16
5.23691e-18
2.34447e-17
9.59073e-19
1.27723e-17
8.75826e-18
6.70999e-18
2.3256e-17
9.20142e-18
3.34095e-18
5.73342e-18
6.03298e-18
2.88778e-18
3.29471e-18
5.27686e-18
1.23896e-17
2.28387e-16
3.53108e-16
4.20091e-16
5.67669e-16
7.93622e-15
1.45339e-14
6.06197e-15
5.64547e-15
4.24974e-15
5.1933e-14
2.33257e-13
1.32096e-13
2.33706e-13
6.71374e-14
1.07187e-12
2.01927e-13
9.9983e-13
1.28759e-12
4.01783e-13
6.57448e-13
2.33716e-13
2.66924e-13
3.26521e-13
1.17054e-13
7.87708e-14
7.67825e-15
1.33895e-14
7.72551e-15
2.70453e-14
1.2111e-14
9.08967e-15
8.40414e-15
7.65437e-16
1.65606e-16
1.1612e-17
9.28218e-18
8.54196e-18
4.00031e-18
7.4613e-18
7.06993e-18
3.2288e-18
6.52943e-18
3.45775e-18
1.23522e-17
4.58898e-18
2.05173e-18
8.39789e-18
1.16029e-17
5.43362e-18
1.80278e-18
1.66908e-18
2.77161e-18
5.09281e-18
2.83804e-18
3.77285e-17
5.94442e-17
9.42327e-16
1.00354e-15
2.09141e-15
7.37188e-14
6.02915e-14
2.52897e-13
1.12183e-13
3.9765e-13
5.12855e-13
9.78156e-13
6.58261e-13
4.09525e-13
8.01952e-13
1.03804e-12
5.06567e-13
2.57774e-13
8.22832e-14
5.00467e-14
1.25926e-14
2.37066e-17
7.21999e-15
1.41723e-14
5.47622e-15
1.68176e-15
3.31026e-16
9.09194e-17
5.41126e-17
5.08942e-18
5.34777e-18
1.33239e-17
1.2559e-17
6.14434e-18
4.80762e-18
7.90571e-18
1.5291e-17
6.61307e-18
6.96941e-18
2.67263e-18
6.05761e-18
9.41669e-18
3.44067e-18
8.73177e-18
5.57496e-18
3.61756e-18
1.69089e-18
1.91693e-18
5.9915e-17
4.50569e-16
9.17298e-16
3.62312e-14
1.73585e-14
4.55206e-14
1.69347e-14
1.12391e-13
2.48956e-13
4.26114e-13
5.26028e-13
3.71689e-13
2.19988e-13
5.89622e-13
5.19438e-13
2.10266e-13
1.22829e-14
2.5229e-15
1.12131e-13
1.78921e-13
1.24369e-13
5.00608e-14
1.29611e-14
2.67444e-14
2.74185e-15
2.77805e-16
6.91014e-17
7.28132e-18
2.33176e-18
5.61513e-18
2.57816e-18
3.96316e-18
2.78978e-18
3.8894e-18
9.12654e-18
7.46054e-18
3.87955e-18
8.03924e-18
9.15708e-18
2.13661e-16
4.18404e-16
1.77774e-15
2.12835e-14
2.49644e-13
1.8327e-13
8.39627e-14
2.32318e-13
3.04126e-13
1.44187e-13
1.01962e-12
1.06447e-12
1.97467e-13
6.12821e-14
8.10878e-15
1.56368e-15
7.35024e-18
5.08358e-18
1.08239e-17
1.30475e-17
3.72617e-18
2.86356e-18
4.6002e-18
2.72853e-17
1.75772e-13
1.31385e-13
5.43858e-13
8.30549e-13
4.33383e-13
6.11668e-14
1.35669e-11
