n=32
J=0.707107
eta=0.860759
mu=0
beta-optimal=0
max-overlap=0
1
5.74762e-10
2.33367e-15
6.05485e-16
1.65476e-11
2.98965e-13
2.76812e-12
5.91857e-16
3.10228e-16
1.70977e-16
6.13164e-17
1.66885e-16
1.70104e-16
1.59761e-16
3.40329e-18
1.01201e-17
1.3386e-17
2.64978e-17
1.64437e-16
4.15787e-13
2.55316e-13
4.85386e-14
2.06731e-12
1.20946e-12
2.45544e-15
1.28895e-15
2.37859e-16
1.26716e-16
4.4324e-18
1.03171e-17
5.08023e-18
7.94702e-18
9.24879e-18
1.19437e-17
1.35926e-17
1.57953e-17
1.87094e-17
1.22561e-17
3.76159e-18
2.06467e-17
1.53826e-17
1.75119e-17
4.4261e-18
4.0682e-17
1.96688e-17
1.90342e-17
3.1863e-17
4.04963e-17
2.99034e-16
1.8635e-15
7.31092e-15
5.01039e-15
7.30666e-14
4.43321e-14
2.92771e-13
8.51593e-13
2.54463e-12
1.13138e-12
2.26454e-12
1.3963e-12
3.92452e-14
7.04555e-14
1.56157e-13
4.00548e-14
3.86824e-16
4.26224e-16
3.78752e-17
4.20112e-18
7.04215e-18
1.02874e-17
3.0478e-17
1.45057e-17
1.14521e-17
1.41597e-17
2.44316e-17
1.88031e-17
3.06872e-17
2.37057e-17
3.21992e-17
1.87435e-17
1.89531e-17
9.7924e-18
2.38064e-18
9.41405e-18
8.51096e-18
9.03409e-18
6.94358e-18
2.54413e-18
2.70632e-18
4.61316e-18
2.74604e-18
5.06859e-18
3.16952e-18
3.11329e-18
3.51515e-17
4.63163e-17
3.38125e-17
4.73615e-16
1.05988e-15
1.26174e-14
4.19084e-14
2.02851e-13
3.90167e-13
3.75575e-13
1.11771e-12
1.3694e-12
9.97446e-13
5.58384e-13
5.50694e-13
5.77794e-13
4.33056e-13
6.68974e-14
3.87383e-14
1.70719e-15
6.32707e-16
4.98527e-17
4.81709e-18
1.28355e-18
7.88594e-18
1.09292e-18
1.32801e-17
1.8043e-17
4.33955e-18
7.83857e-18
9.9222e-19
6.33463e-19
8.65659e-19
1.16405e-17
1.42461e-17
7.3041e-18
1.8833e-17
2.16903e-18
2.1574e-17
2.20414e-18
4.33484e-18
6.7627e-18
1.42534e-17
2.70525e-17
4.02944e-19
1.12831e-18
1.70882e-18
7.74515e-18
1.17066e-17
4.13584e-18
1.31893e-18
3.19333e-18
1.58043e-18
5.70426e-18
3.82337e-18
2.87627e-17
6.72992e-16
1.01191e-15
7.21197e-15
7.96084e-15
1.61922e-14
1.01658e-13
1.03304e-13
7.91288e-14
5.88816e-13
1.37817e-12
9.48996e-13
1.89189e-13
2.48938e-13
3.9056e-13
8.69419e-14
4.1252e-14
1.05864e-14
3.64233e-15
2.21918e-16
9.60778e-18
2.38587e-17
8.10768e-18
2.38771e-19
3.03161e-18
5.83397e-18
1.76894e-17
2.69141e-18
8.49167e-18
8.64592e-18
3.06194e-18
3.28668e-18
5.61625e-18
1.19355e-18
4.80043e-18
7.96239e-18
7.7974e-19
1.81575e-18
1.51219e-17
3.94573e-18
4.01348e-18
2.54858e-18
2.31696e-18
4.69369e-18
5.90615e-18
1.65805e-18
6.54189e-18
4.53069e-18
1.53449e-18
1.6654e-17
6.20226e-17
4.62297e-16
8.17138e-16
2.69103e-14
3.12069e-14
5.37826e-13
1.27488e-13
1.03147e-12
8.20427e-13
3.58409e-13
1.36016e-13
4.71432e-13
6.51342e-14
5.26148e-17
1.29948e-14
7.1688e-15
1.26283e-15
3.98906e-16
5.29349e-18
7.42115e-19
3.37712e-18
1.53299e-18
1.63221e-18
3.99505e-18
1.3849e-18
4.33287e-18
3.1915e-18
1.8124e-18
2.84834e-18
6.80601e-18
6.43976e-18
4.92574e-18
5.90992e-18
1.21324e-17
8.08606e-18
2.59548e-17
9.33018e-16
9.08385e-15
7.0344e-14
3.57899e-13
5.42652e-13
7.37878e-14
3.92274e-14
3.81351e-15
5.13949e-16
6.28265e-17
2.76292e-18
4.3971e-18
8.12168e-18
8.02535e-18
2.50038e-18
2.39779e-17
2.8571e-17
3.36966e-17
2.16278e-14
3.28686e-12
1.12925e-11
