n=32
J=0.707107
eta=0.962025
mu=0.0101266
beta-optimal=0
max-overlap=0
0.78377
0.575144
0.0823541
0.0619542
0.0379183
0.0267185
0.0363356
0.0243384
0.0142677
0.0201609
0.0185425
0.0105666
0.018596
0.0135631
0.00977326
0.0112066
0.00983146
0.00910673
0.00943749
0.00707167
0.00642302
0.00746065
0.00508647
0.00778291
0.00749109
0.0047687
0.00516007
0.00418825
0.00671745
0.00403079
0.00510262
0.00398854
0.00574398
0.00247656
0.00360033
0.00419939
0.00284012
0.00178101
0.00275431
0.00200413
0.00144361
0.00254757
0.00287306
0.00373165
0.0026048
0.00209
0.00460383
0.00213561
0.00148885
0.00222866
0.00181608
0.00262276
0.00132978
0.00316971
0.00113823
0.0021835
0.00143778
0.00219215
0.0018318
0.00142855
0.00135541
0.00133269
0.00113605
0.00121325
0.00106695
0.0010227
0.00107828
0.000869631
0.0010481
0.00206579
0.00113259
0.000534921
0.000785645
0.00144782
0.00122808
0.00162204
0.000497911
0.00102899
0.00104521
0.000727532
0.00069991
0.000759676
0.000423233
0.000429375
0.000870564
0.000781811
0.00068467
0.000949715
0.000746476
0.000744181
0.000661614
0.000550615
0.000598482
0.000639981
0.00058718
0.000512502
0.000610988
0.000411324
0.000637891
0.000555575
0.000665883
0.00038266
0.000540476
0.000542999
0.000631863
0.000571065
0.000439443
0.000416416
0.000482311
0.00046133
0.00039129
0.000687141
0.000472465
0.000430302
0.000307335
0.000533585
0.000560717
0.00037124
0.000318663
0.000288028
0.000370896
0.000250948
0.000338099
0.000209355
0.000298937
0.000386286
0.00020626
0.000506151
0.000236367
0.000381832
0.000334681
0.000445714
0.000270305
0.000379907
0.000481603
0.000390003
0.000400491
0.00041044
0.000287071
0.000198048
0.000243955
0.000320544
0.000256635
0.000276825
0.000300086
0.000183355
0.000181836
0.000267054
0.000250028
0.000486624
0.000189547
0.000211351
0.000205323
0.000136607
0.000188821
0.000207585
0.000230103
0.000136326
0.000169737
0.000244111
0.000158763
0.000175588
0.000233329
0.000180698
0.000189844
0.000140396
0.000168162
0.000205915
0.000150371
0.000169702
0.000173769
0.000134813
0.000156278
0.000214561
9.49757e-05
0.000116085
0.000220149
0.000149286
0.000174825
0.000121572
0.000179046
0.0001033
0.000123355
0.000137212
0.000240672
0.000139879
0.000118671
0.000211265
0.000141293
0.000170863
0.000148751
0.000224564
7.88068e-05
0.000100162
0.000128474
8.7792e-05
9.7776e-05
8.87967e-05
9.73002e-05
0.00011855
0.000105194
0.00012209
0.000119776
0.000105494
0.000162907
0.000101493
0.000141293
9.93053e-05
9.21314e-05
0.000100368
9.79646e-05
0.0001035
8.30332e-05
8.11726e-05
0.000109041
0.000130068
6.42275e-05
8.0147e-05
9.67964e-05
9.15296e-05
6.61895e-05
7.15706e-05
7.68477e-05
9.17649e-05
6.6087e-05
9.11925e-05
8.25761e-05
5.53218e-05
8.54033e-05
0.000101625
7.30272e-05
8.18284e-05
6.41101e-05
6.29221e-05
6.24102e-05
7.71863e-05
5.45535e-05
4.83009e-05
4.37085e-05
5.43385e-05
6.66648e-05
7.85549e-05
7.26437e-05
6.12823e-05
5.18852e-05
4.79532e-05
6.5909e-05
5.9411e-05
6.19722e-05
6.77659e-05
5.58576e-05
5.60732e-05
6.81615e-05
4.0662e-05
4.52466e-05
4.7124e-05
