n=32
J=0.707107
eta=0.987342
mu=0.00506329
beta-optimal=0
max-overlap=0
0.990183
0.100971
0.0448922
0.00848829
0.00541125
0.0230919
0.0125867
0.00299273
0.012646
0.00218384
0.00168888
0.0015094
0.00940974
0.00149495
0.00418375
0.00158997
0.0071858
0.00511029
0.00104685
0.00357663
0.000903848
0.0042322
0.000720605
0.00315577
0.000617605
0.00328293
0.00408242
0.0034232
0.000543409
0.000494507
0.0018695
0.000585897
0.000428911
0.0012407
0.000296155
0.00100795
0.00138878
0.000350322
0.00192449
0.0018807
0.000317598
0.000340754
0.000344216
0.000348058
0.00117515
0.000281117
0.000981591
0.000615844
0.000535533
0.000230073
0.00151004
0.000205132
0.000235525
0.000826755
0.000771985
0.000245176
0.000213293
0.000644808
0.000901853
0.000263172
0.000340696
0.000155206
0.000712503
0.000213913
0.000919527
0.000211072
0.000139999
0.000166676
0.000499994
0.000555805
0.000114098
0.00059732
0.000124637
0.000606894
0.000529534
0.000148048
0.000478384
0.000100605
0.000357469
0.000401799
0.000122006
0.000122062
0.000260525
0.000291722
7.91879e-05
8.54496e-05
0.000128977
0.000568205
0.000323678
0.000109711
0.000153356
0.000371239
0.000103829
0.000282962
0.000232623
6.77429e-05
0.000171748
6.26806e-05
7.57411e-05
0.000100418
0.000332505
0.000170524
8.69464e-05
0.000320195
6.5166e-05
0.000190106
7.99289e-05
7.692e-05
4.48739e-05
0.000131416
0.000241382
0.00015297
3.94547e-05
0.000203699
0.000364845
5.24851e-05
6.28221e-05
5.11887e-05
0.000135922
9.87386e-05
8.40302e-05
8.44835e-05
4.94152e-05
0.000196848
0.000162619
5.16338e-05
5.2609e-05
0.000191453
4.40113e-05
0.000170088
0.000143339
4.28594e-05
0.000103121
4.60704e-05
6.41565e-05
4.31081e-05
4.30705e-05
9.0238e-05
4.26916e-05
6.49066e-05
0.000136411
3.49986e-05
4.07873e-05
4.1319e-05
0.0001179
8.71477e-05
2.66942e-05
0.000146115
2.72347e-05
0.000114274
4.58806e-05
0.000120665
3.9657e-05
3.45779e-05
0.000164262
3.63318e-05
4.09284e-05
2.18436e-05
0.000123692
2.22439e-05
2.53115e-05
6.21458e-05
0.000175261
2.71816e-05
2.23329e-05
8.59555e-05
2.63596e-05
0.000118461
2.22586e-05
5.49571e-05
3.19183e-05
8.15716e-05
2.48766e-05
2.93137e-05
3.70939e-05
6.09662e-05
2.69573e-05
7.54122e-05
2.55159e-05
2.68012e-05
2.86307e-05
2.26187e-05
6.62068e-05
1.89871e-05
5.13972e-05
2.2494e-05
3.80651e-05
2.03208e-05
4.74594e-05
1.80427e-05
4.88699e-05
2.17736e-05
1.98691e-05
4.72348e-05
9.19653e-05
1.68907e-05
7.05782e-05
6.63424e-05
2.05523e-05
2.40021e-05
4.21608e-05
2.69333e-05
1.55261e-05
2.51511e-05
4.66662e-05
1.34982e-05
3.11296e-05
1.78583e-05
5.93763e-05
1.63921e-05
1.76976e-05
5.23711e-05
1.17748e-05
6.16102e-05
3.48019e-05
1.28952e-05
1.48264e-05
5.21222e-05
4.51489e-05
1.42295e-05
4.0016e-05
3.34046e-05
3.96925e-05
1.53013e-05
1.07342e-05
1.22269e-05
4.87794e-05
1.38096e-05
3.97933e-05
3.15883e-05
1.01899e-05
3.15986e-05
2.93707e-05
1.13686e-05
1.26868e-05
1.33459e-05
1.20451e-05
2.86642e-05
1.09802e-05
9.18371e-06
2.53357e-05
2.76471e-05
1.22991e-05
3.06886e-05
1.09538e-05
2.25751e-05
3.29068e-05
1.3349e-05
7.84305e-06
1.00182e-05
2.05976e-05
7.59632e-06
1.19065e-05
5.73248e-06
3.26676e-05
8.02286e-06
