n=32
J=0.707107
eta=0.987342
mu=0.0227848
beta-optimal=0
max-overlap=0
0.933208
0.108264
0.156459
0.073051
0.123304
0.088323
0.0369545
0.071199
0.0611399
0.0202227
0.0297574
0.0225617
0.0333891
0.0163818
0.0145602
0.0268334
0.0310576
0.0134492
0.0291337
0.0101879
0.0176835
0.00811604
0.0180689
0.00967493
0.0156743
0.0100894
0.00880653
0.0168308
0.00690776
0.00968742
0.0119926
0.00710027
0.00482291
0.00602758
0.00905351
0.00910584
0.00495748
0.0126789
0.00613135
0.00653673
0.00430604
0.00373638
0.00418043
0.00704543
0.00303685
0.00503757
0.00552702
0.00391848
0.00380392
0.00629116
0.00305774
0.00322529
0.0047389
0.00227329
0.00460939
0.00280967
0.00288824
0.00493176
0.00265592
0.00275487
0.00270522
0.00272275
0.00391014
0.00285662
0.00181975
0.0020135
0.00526889
0.0019999
0.00417955
0.0042014
0.00192528
0.0028865
0.001886
0.00272025
0.00205502
0.00159718
0.00199866
0.00159015
0.00183606
0.00355249
0.00191251
0.00159412
0.00203821
0.00151057
0.0012913
0.00206279
0.00133829
0.00162565
0.00164281
0.00177114
0.00121722
0.00114525
0.00130759
0.00215318
0.00101743
0.00128274
0.00239137
0.00135675
0.00209352
0.0013493
0.00118948
0.00101703
0.00105756
0.00133484
0.00118732
0.0013413
0.001608
0.000858613
0.0014464
0.00100213
0.00100184
0.00126473
0.00156798
0.00117544
0.0010009
0.00106986
0.000944893
0.00107994
0.000934715
0.00135859
0.000910929
0.000788633
0.000759661
0.000999498
0.000761217
0.000705854
0.00138156
0.000749992
0.000738148
0.00122613
0.000856208
0.000667039
0.000692264
0.0010351
0.000848917
0.00118481
0.000642933
0.000710558
0.000672911
0.000627911
0.000839177
0.000463486
0.000637495
0.000773022
0.000676449
0.000605148
0.00110356
0.000629986
0.000597845
0.000444615
0.000822808
0.000610834
0.000536578
0.000553819
0.000545601
0.000599733
0.00054845
0.000513124
0.000539844
0.000635828
0.000402814
0.000599949
0.000434699
0.000419645
0.000505873
0.000661235
0.000726322
0.000401931
0.000613089
0.000645672
0.000454953
0.000364531
0.000407035
0.000397404
0.000427615
0.000428952
0.000500354
0.000413108
0.000483126
0.000379883
0.00052971
0.000383966
0.000391345
0.000405624
0.00038008
0.000393026
0.000363663
0.000349726
0.000333871
0.000313631
0.000301439
0.00029999
0.000511721
0.000472297
0.000381239
0.000257097
0.00034887
0.000366159
0.000347057
0.000336864
0.000268395
0.000379084
0.000458149
0.000344804
0.000264594
0.000347594
0.000319396
0.000276948
0.000346149
0.000223019
0.000254412
0.000242379
0.000239964
0.000253764
0.000264312
0.000280693
0.000284265
0.000228253
0.000253733
0.000253824
0.000320285
0.000215709
0.000207131
0.000184414
0.000247778
0.000249914
0.000193773
0.000187458
0.000200892
0.000187532
0.00021305
0.000259719
0.000184623
0.000206251
0.000233288
0.0002201
0.000184435
0.000212334
0.000184527
0.000165083
0.000219224
0.000221479
0.000175195
0.000197954
0.00022666
0.000243022
0.00025261
0.0001553
0.000192418
0.000183751
0.00015563
0.000240051
0.000158924
0.000145907
0.000125064
0.000201243
