n=32
J=0.707107
eta=0.987342
mu=0.0126582
beta-optimal=0
max-overlap=0
0.971903
0.159809
0.043713
0.0538813
0.0461438
0.0164843
0.0149717
0.0385673
0.0109531
0.00864607
0.026449
0.0280094
0.0205298
0.0123138
0.0063935
0.00534055
0.00416955
0.013259
0.00711187
0.00405999
0.0109496
0.00371652
0.0104569
0.00831825
0.0035874
0.00351528
0.00925543
0.00272738
0.00484347
0.00290149
0.00582575
0.00644556
0.00235992
0.00792213
0.002181
0.00237993
0.00358673
0.00203639
0.00199268
0.00364822
0.00159066
0.00377533
0.00140728
0.00256195
0.00118349
0.00246664
0.0012817
0.00188828
0.00131326
0.00211877
0.00173097
0.00098066
0.00386939
0.000960852
0.00106997
0.00438997
0.00172794
0.000977119
0.00080418
0.00182284
0.000857924
0.000820728
0.00244816
0.00134633
0.00102603
0.00129822
0.000579218
0.00214946
0.00138342
0.000673953
0.000697814
0.00182655
0.000890548
0.00165327
0.000914265
0.00067827
0.000570542
0.00140377
0.00119416
0.000570302
0.00157105
0.000580904
0.00096613
0.00108719
0.000457827
0.000556876
0.000480501
0.000686819
0.000530217
0.000552307
0.000522634
0.000479899
0.000481559
0.000572373
0.000522626
0.000928558
0.000352735
0.00101661
0.000608819
0.000639437
0.00050121
0.000314168
0.000425437
0.000517699
0.000743839
0.000536683
0.000310215
0.000315243
0.000439486
0.000360018
0.000818271
0.000275573
0.00035764
0.000349277
0.000411933
0.000267006
0.000383857
0.000258095
0.000616829
0.000477413
0.00028731
0.000342314
0.000378146
0.000287351
0.000632205
0.000322585
0.000394641
0.000228355
0.000302634
0.000246155
0.000234771
0.000529096
0.000351116
0.000200582
0.000622663
0.000233617
0.000237531
0.000450727
0.000223036
0.000191692
0.000460587
0.000362185
0.000223475
0.000192308
0.000337761
0.000150081
0.000216683
0.000212403
0.000455378
0.000165133
0.000332627
0.000209592
0.000196175
0.000202047
0.000276852
0.000209793
0.000186159
0.000298337
0.000170596
0.000245713
0.000136384
0.000170897
0.00018048
0.000283279
0.000154079
0.000276401
0.000157611
0.000137635
0.000118532
0.000202761
0.000153669
0.000107802
0.000235702
0.000155169
0.000167574
0.000141553
0.000241232
9.85138e-05
0.000165625
0.000113384
0.000143559
0.00012966
0.000216239
0.000123213
9.40912e-05
0.000102458
0.000113083
9.50358e-05
0.000198438
0.000114584
0.000225482
0.000145449
0.000118557
0.000116421
0.000161934
8.60522e-05
0.000111437
0.000101358
9.31865e-05
0.000227682
8.0884e-05
8.4049e-05
0.000174298
9.70024e-05
0.000113597
8.41714e-05
0.000176762
0.000100291
0.000128139
9.9003e-05
0.000178288
0.00013976
7.66905e-05
8.51358e-05
0.000125088
0.000126844
8.26034e-05
5.40275e-05
0.000120959
7.49273e-05
8.6669e-05
0.000162426
9.00839e-05
7.91439e-05
8.8329e-05
0.000126223
7.92681e-05
8.00195e-05
0.00011488
0.000104557
6.56097e-05
7.69526e-05
9.7887e-05
0.000100271
7.46769e-05
5.5242e-05
6.48084e-05
0.000121534
5.41826e-05
8.7017e-05
0.000102331
6.5094e-05
6.38049e-05
7.98667e-05
5.58583e-05
5.30847e-05
9.4455e-05
3.87901e-05
5.67133e-05
5.28983e-05
6.39943e-05
5.19696e-05
4.67737e-05
7.81509e-05
4.60839e-05
4.50125e-05
