n=32
J=0.707107
eta=0.962025
mu=0.00253165
beta-optimal=0
max-overlap=0
0.958597
0.244784
0.128189
0.00551285
0.00412819
0.00862031
0.00790868
0.0021573
0.00671623
0.00155447
0.00289458
0.0014625
0.00218641
0.00127029
0.00124442
0.00119992
0.00200173
0.00241341
0.000831914
0.0013483
0.00072759
0.00223066
0.00181193
0.000649256
0.00145305
0.000478114
0.00081994
0.000627476
0.00113889
0.000510219
0.000346475
0.000703491
0.00036733
0.000355843
0.00099704
0.00125191
0.000818914
0.000258334
0.000929967
0.000348082
0.000909495
0.000308113
0.00104487
0.000254881
0.000777199
0.000255545
0.000308361
0.000530285
0.000484933
0.000203872
0.000180121
0.00032219
0.000159758
0.000209382
0.000223334
0.000358601
0.000204602
0.000195954
0.00036129
0.000185849
0.000564241
0.000194369
0.00037991
0.000145746
0.000202195
0.000365247
0.000174176
0.000111786
0.000200216
9.35596e-05
0.000228111
9.0882e-05
0.000318052
0.000116772
0.000192719
0.000438558
0.000125942
0.00012096
0.000209872
9.61886e-05
0.000116027
0.000306834
0.000156436
0.000152809
0.000119087
3.92074e-05
0.000147148
0.000104639
0.000177682
4.75727e-05
0.000104304
9.02531e-05
0.000131421
6.83432e-05
6.3793e-05
0.000163616
7.28062e-05
4.57609e-05
0.000121519
5.30166e-05
0.000172684
4.58816e-05
6.20415e-05
0.000115897
2.87967e-05
0.000114031
3.31412e-05
4.54148e-05
0.000124633
6.16569e-05
0.000143602
3.73626e-05
4.73933e-05
8.44105e-05
5.75845e-05
5.33404e-05
2.9803e-05
8.3011e-05
4.67217e-05
5.91585e-05
3.03966e-05
3.40694e-05
0.000125004
3.45854e-05
0.000122523
3.80096e-05
5.81555e-05
3.55347e-05
8.13017e-05
3.11628e-05
2.16407e-05
4.22551e-05
2.70003e-05
6.29285e-05
7.01323e-05
3.90774e-05
3.14676e-05
8.12364e-05
2.70099e-05
4.41896e-05
4.69764e-05
5.56561e-05
2.7647e-05
4.56613e-05
6.90992e-05
2.26292e-05
2.498e-05
6.09392e-05
4.96987e-05
1.62285e-05
1.70315e-05
4.76522e-05
3.07076e-05
4.24935e-05
2.5689e-05
1.64183e-05
4.04102e-05
2.99182e-05
5.45694e-05
1.79836e-05
1.6058e-05
1.94472e-05
3.86694e-05
2.90846e-05
1.71671e-05
3.9587e-05
1.44426e-05
1.52353e-05
7.74061e-05
4.16335e-05
3.73331e-05
1.34779e-05
1.06631e-05
2.69874e-05
1.24395e-05
3.1163e-05
1.3743e-05
4.27778e-05
1.38655e-05
1.79931e-05
3.40229e-05
1.22509e-05
1.02468e-05
3.97793e-05
1.58179e-05
2.78381e-05
2.42787e-05
1.34949e-05
1.55303e-05
3.37054e-05
9.6733e-06
4.2059e-05
2.63642e-05
1.13773e-05
1.3576e-05
2.69177e-05
2.39434e-05
1.04775e-05
1.28146e-05
1.40767e-05
2.4097e-05
1.52521e-05
1.21088e-05
7.95161e-06
1.29965e-05
7.80016e-06
9.34516e-06
2.67865e-05
7.13308e-06
2.76755e-05
1.03757e-05
9.97384e-06
9.43908e-06
1.60747e-05
1.50236e-05
9.15305e-06
2.21431e-05
1.89413e-05
1.63717e-05
1.15895e-05
6.42295e-06
2.06859e-05
6.87046e-06
6.95098e-06
2.08006e-05
9.83941e-06
9.41117e-06
1.50211e-05
7.13621e-06
1.33655e-05
5.91541e-06
5.03286e-06
1.87915e-05
1.15339e-05
6.93607e-06
4.1164e-06
1.42846e-05
9.46553e-06
5.25531e-06
4.50953e-06
6.3719e-06
1.25001e-05
1.21658e-05
6.48115e-06
9.6332e-06
5.8329e-06
1.14339e-05
6.57227e-06
6.76626e-06
1.46404e-05
6.64555e-06
5.05524e-06
8.78297e-06
3.59963e-06
3.35724e-06
8.52719e-06
