n=32
J=0.707107
eta=0.987342
mu=0.0227848
beta-optimal=0
max-overlap=0
0.960366
0.185507
0.0650535
0.0282343
0.0445886
0.0208181
0.0439856
0.0188055
0.0358723
0.0152725
0.0369263
0.0352204
0.0125191
0.0107698
0.0115416
0.0224503
0.0115687
0.0165201
0.00893694
0.0163694
0.0139285
0.0192179
0.00907453
0.00758517
0.0139193
0.0102965
0.015274
0.00674304
0.013052
0.00471774
0.00946418
0.00526279
0.0141043
0.00649599
0.00457089
0.00765765
0.00439222
0.00424129
0.0105076
0.003203
0.00419989
0.00510576
0.00349887
0.00551993
0.00314119
0.00739957
0.00454315
0.00361683
0.00298369
0.00466117
0.00915615
0.00265551
0.00325009
0.00324221
0.00254322
0.00239694
0.00318032
0.00218384
0.00265005
0.00425415
0.00211948
0.00219075
0.00468611
0.00182168
0.00163951
0.00294174
0.00232616
0.00172984
0.00172909
0.00302555
0.00173802
0.00273419
0.00158065
0.00274281
0.0018301
0.00103741
0.00141279
0.00292804
0.00217656
0.0013406
0.00185967
0.00141885
0.00180058
0.00148058
0.00118393
0.00195635
0.00137857
0.00265138
0.00104823
0.00132908
0.00149654
0.00126848
0.00174841
0.000931176
0.0017522
0.00107148
0.0013862
0.000976409
0.00156455
0.00100077
0.000744859
0.00188871
0.00132992
0.000879986
0.00104603
0.00197097
0.000831668
0.00103311
0.00128034
0.000788999
0.000725899
0.000662555
0.000745558
0.00120713
0.000796612
0.00116509
0.000915879
0.000643818
0.000792561
0.00107042
0.000733999
0.000878723
0.000499115
0.000692791
0.000557596
0.00102967
0.000908722
0.000605976
0.000682297
0.000643849
0.000705033
0.000676396
0.000656256
0.000542017
0.000563193
0.000760889
0.000605109
0.000661743
0.000694134
0.000474173
0.000988603
0.000565771
0.000591863
0.000434446
0.000674203
0.000479487
0.000713728
0.000479786
0.000614045
0.000443939
0.000555302
0.000430196
0.000504564
0.0005181
0.000445503
0.000734287
0.000362417
0.000531792
0.000444455
0.000442346
0.000469485
0.000417655
0.000412857
0.000352097
0.000436763
0.000298835
0.000329884
0.000458104
0.000502695
0.000554731
0.000410931
0.000353547
0.000277477
0.000317055
0.000284118
0.000295853
0.000224365
0.000369338
0.000253278
0.000281486
0.000313112
0.00036342
0.000327748
0.000546465
0.00031497
0.000415857
0.000277728
0.000212516
0.000262108
0.000288844
0.000232041
0.000288538
0.000308019
0.000344175
0.000335686
0.000348601
0.000356969
0.000220328
0.000220124
0.000297145
0.000266764
0.000267438
0.000276099
0.000285143
0.000270577
0.000267774
0.000244487
0.000243741
0.000203111
0.000227321
0.000209545
0.000225658
0.000226792
0.000187005
0.000257435
0.000190096
0.000279057
0.00018968
0.000214953
0.000182602
0.000204137
0.00017843
0.000148402
0.000233324
0.000169366
0.000270801
0.000184874
0.000204795
0.000240668
0.000190974
0.000197005
0.00020457
0.000213437
0.000224378
0.000176682
0.000173914
0.000142784
0.000148215
0.000162858
0.000199749
0.000157494
0.00018113
0.000194512
0.000140689
0.0001363
0.000157509
0.000131991
0.000170334
0.00015497
0.000129688
0.000131218
0.000168758
0.000170375
0.000128614
0.000152822
0.000115135
