n=32
J=0.707107
eta=0.962025
mu=0.0151899
beta-optimal=0
max-overlap=0
0.943833
0.224616
0.0771192
0.115134
0.052474
0.0725958
0.0426102
0.0194851
0.0311507
0.017657
0.0240074
0.0129269
0.0283319
0.00932028
0.0104936
0.020139
0.0196988
0.00861813
0.0182372
0.0059569
0.00524665
0.0122583
0.00600779
0.0140918
0.00486995
0.00800144
0.00374265
0.00515558
0.0111494
0.00432566
0.00787526
0.00395111
0.0059411
0.00432783
0.00703439
0.00420494
0.00557563
0.00241537
0.00519219
0.00267
0.00534679
0.00335051
0.00417163
0.00270682
0.00422402
0.0022457
0.00215069
0.00231009
0.00270712
0.00166317
0.0018932
0.00176253
0.00337446
0.00235747
0.00224129
0.00191962
0.00456741
0.00140473
0.00279138
0.00189695
0.00179481
0.00350025
0.00244631
0.00143188
0.00176354
0.00115099
0.00188258
0.000908414
0.0025517
0.0018184
0.00122673
0.00119892
0.00161536
0.00109305
0.00168577
0.000909068
0.00252861
0.000842769
0.00143089
0.00115407
0.00095087
0.00222654
0.000707053
0.00121459
0.000945672
0.000819778
0.00093963
0.00100408
0.000721027
0.00195447
0.000797617
0.00089946
0.000590003
0.000778253
0.000546112
0.000713899
0.000755674
0.0010489
0.000654569
0.000376649
0.000608261
0.00065764
0.000720809
0.00066513
0.000775562
0.000830745
0.000590507
0.000790108
0.000563881
0.000733187
0.000763623
0.000776344
0.000595955
0.000446236
0.000559505
0.000491969
0.000529724
0.00062773
0.000456079
0.000595936
0.000428574
0.000502117
0.000481998
0.000410075
0.000852209
0.000693269
0.000277359
0.000819034
0.000387202
0.000455235
0.000868239
0.000575023
0.000377242
0.000323328
0.000546462
0.00032357
0.00048081
0.000420124
0.000546102
0.000333984
0.000919375
0.000253408
0.00074031
0.000283831
0.000345878
0.000316217
0.00032352
0.000444949
0.000248533
0.000469068
0.000502892
0.000267697
0.000283322
0.000330436
0.000335991
0.000356054
0.000263591
0.000327455
0.000232555
0.000336489
0.00027503
0.000317116
0.000522788
0.00027187
0.000169252
0.000244978
0.000249817
0.000344601
0.000284999
0.000411062
0.000317098
0.000265286
0.000208975
0.000206516
0.000217086
0.000224128
0.00041701
0.000274092
0.000181256
0.000283042
0.000238769
0.000251666
0.000252071
0.000245345
0.00026284
0.000218757
0.000258863
0.000223519
0.000204453
0.000125891
0.000234465
0.000262709
0.000181444
0.00018644
0.00022816
0.000214446
0.000261295
0.000158612
0.000255812
0.000208387
0.000128073
0.000198078
0.000141449
0.000190237
0.00016782
0.000159315
0.00015549
0.000148534
0.000101522
0.000150949
0.000142459
0.000178186
0.000134044
0.00015912
8.22789e-05
0.00015798
0.000203814
0.000156373
0.000155243
0.000149271
0.00012857
9.75472e-05
0.000111469
0.000115628
0.000117739
0.000145812
0.000128951
0.000127618
0.000119178
0.000112371
0.000156909
0.000111102
0.000116309
0.00010929
8.87433e-05
0.000192889
0.000122901
0.000160429
0.000119798
7.50792e-05
0.000108034
0.000110252
0.000122086
9.58757e-05
9.78902e-05
8.0354e-05
7.23101e-05
6.71395e-05
9.67073e-05
0.000107065
7.21036e-05
9.72222e-05
0.000122178
0.000117261
7.12356e-05
7.785e-05
