n=32
J=0.707107
eta=0.936709
mu=0.0101266
beta-optimal=0
max-overlap=0
0.966969
0.197733
0.091582
0.0324425
0.0214038
0.0478798
0.0262628
0.011679
0.0262397
0.00877748
0.00689075
0.00621489
0.019508
0.00612335
0.00937181
0.00654691
0.0151083
0.0108137
0.00436286
0.00766191
0.00366542
0.00878875
0.00295547
0.00662197
0.00252521
0.00694225
0.00847409
0.00710662
0.00221543
0.00200047
0.00409472
0.0024332
0.0017666
0.00272765
0.00127102
0.00228578
0.0030664
0.00142029
0.00404425
0.00396516
0.00132153
0.00142419
0.00143188
0.00144028
0.00252557
0.00117308
0.00213949
0.001402
0.00129159
0.000974537
0.00317026
0.000818387
0.000981611
0.00178968
0.0016858
0.000987097
0.000880511
0.00141404
0.00194813
0.00102579
0.000802309
0.000674155
0.00152955
0.000859877
0.00196117
0.000873751
0.000590225
0.000701522
0.00110967
0.00119577
0.000497901
0.00129729
0.000527517
0.00133489
0.00113171
0.000627345
0.00104314
0.000419929
0.000794934
0.000884334
0.000490509
0.000513022
0.000603623
0.000653973
0.000350914
0.000360124
0.000526637
0.00120136
0.000704024
0.000444792
0.000379771
0.000798504
0.000407068
0.000638242
0.00053372
0.000300847
0.000402235
0.000270997
0.000309982
0.000401108
0.000715345
0.00039752
0.000372603
0.000687166
0.000264598
0.000429846
0.000328457
0.000341581
0.000199866
0.000317544
0.000531235
0.000341226
0.000173912
0.000456923
0.000769614
0.000211502
0.000255487
0.000211908
0.000324347
0.000243558
0.00034168
0.000345153
0.000202928
0.000432585
0.000370992
0.000212002
0.000208382
0.000424433
0.000186793
0.000377407
0.00032613
0.00017528
0.000244685
0.000193949
0.000167784
0.000173762
0.000173961
0.000217488
0.000180383
0.000163487
0.0003053
0.000142833
0.000157486
0.000166051
0.000268412
0.000201044
0.000112988
0.000324733
0.000117319
0.000259246
0.000177148
0.000264411
0.000112921
0.000136851
0.000355241
0.00013874
0.00011146
9.57769e-05
0.000280637
9.40794e-05
0.000104618
0.000153157
0.000370379
0.000116614
9.77878e-05
0.000196673
0.000113308
0.000261348
9.12655e-05
0.000130779
0.000127782
0.000187568
0.000106244
0.000120584
9.86117e-05
0.000144077
0.000106418
0.000172977
0.000104637
0.000104966
8.0318e-05
9.52643e-05
0.000152181
7.9301e-05
0.000122753
9.3495e-05
9.68657e-05
8.12641e-05
0.000113522
7.50558e-05
0.000115503
9.2623e-05
8.1934e-05
0.000111629
0.000198466
7.11702e-05
0.000159284
0.000148883
8.48314e-05
9.6998e-05
0.000103441
7.20488e-05
6.17264e-05
9.93301e-05
0.000109694
5.73182e-05
8.11201e-05
7.22065e-05
0.000133259
4.93442e-05
7.2319e-05
0.00011636
4.92604e-05
0.000136515
8.31905e-05
5.18753e-05
5.88711e-05
0.000116065
0.000102473
6.13589e-05
9.31458e-05
7.82727e-05
9.1286e-05
5.81882e-05
4.64836e-05
5.0083e-05
0.000108541
5.63976e-05
9.17177e-05
7.5273e-05
4.32191e-05
7.35465e-05
7.09993e-05
4.60277e-05
5.1589e-05
5.52979e-05
4.86094e-05
6.70846e-05
4.4283e-05
3.75146e-05
6.26976e-05
6.66595e-05
4.57728e-05
7.09715e-05
4.38643e-05
5.53196e-05
7.55369e-05
3.61552e-05
3.20942e-05
3.90858e-05
4.91229e-05
3.0565e-05
3.1475e-05
2.42273e-05
7.3017e-05
2.99769e-05
