n=32
J=0.707107
eta=0.987342
mu=0.0126582
beta-optimal=0
max-overlap=0
0.756592
0.458143
0.349374
0.0633517
0.0470984
0.0418002
0.0357743
0.0261274
0.0322077
0.0179145
0.0147453
0.0171272
0.0130079
0.0139619
0.0151689
0.0146732
0.00981223
0.0120573
0.0096473
0.00720762
0.00834884
0.0102277
0.00890004
0.00813006
0.00769755
0.00616641
0.00439352
0.00726478
0.0057502
0.00571082
0.00424002
0.00385548
0.004642
0.0041181
0.0052295
0.00569981
0.00445934
0.00345191
0.00456917
0.00399827
0.00441432
0.00395989
0.00497523
0.00313558
0.00397876
0.00322636
0.00344385
0.0030654
0.00272378
0.00249685
0.00217842
0.00174804
0.00193091
0.00237549
0.00144466
0.00212321
0.00254395
0.00257349
0.0019395
0.00218071
0.00266015
0.00240177
0.00190717
0.00161463
0.00134703
0.00187848
0.00206362
0.0014545
0.00117444
0.00110963
0.0011593
0.00120919
0.00167259
0.00140917
0.00115389
0.00201964
0.000782226
0.00148164
0.00117387
0.00117348
0.00135261
0.00158733
0.000990874
0.000799413
0.00138995
0.000489084
0.000974849
0.00123435
0.001029
0.000646968
0.000706593
0.0011293
0.000760278
0.000899498
0.000784812
0.00095642
0.000583395
0.000639905
0.000839477
0.000690852
0.000954212
0.000651265
0.000785838
0.000665266
0.000442439
0.00070791
0.000455888
0.000623813
0.000667033
0.000502134
0.000818895
0.000533289
0.000646605
0.000502722
0.000405377
0.000667361
0.000301605
0.000508553
0.000610334
0.000439295
0.000453522
0.000457702
0.000651644
0.000414058
0.00065907
0.000523256
0.000350956
0.000459264
0.000475854
0.000454046
0.000337916
0.000336492
0.000369629
0.00042647
0.000433563
0.000541493
0.000441776
0.00046676
0.000338788
0.000304015
0.000579862
0.000349869
0.000359805
0.00033816
0.000388095
0.000324355
0.000335707
0.000364157
0.000350352
0.000242209
0.00024366
0.000323635
0.000441237
0.000290243
0.000222134
0.000248811
0.000264844
0.000412812
0.000325426
0.000260512
0.000187992
0.000268083
0.000247298
0.000218338
0.00024162
0.000264585
0.000198794
0.000228322
0.000418433
0.00024815
0.000245371
0.000206776
0.000158536
0.000179239
0.000180556
0.000214502
0.000193572
0.000266044
0.000196454
0.000250063
0.000220783
0.000185842
0.000160527
0.000252624
0.000209721
0.000192984
0.000189686
0.000213491
0.000235853
0.000209818
0.000145724
0.000230164
0.000196567
0.000180016
0.000196826
0.000173083
0.000156134
0.000160608
0.000185763
0.000189382
0.000176282
0.000127363
0.000103212
0.000124461
0.0001217
0.000115339
0.00012988
0.000170696
0.000113884
0.00017349
0.00014574
8.66703e-05
0.000142407
0.000116698
0.000186672
0.00012918
0.000138158
0.00012709
0.000123764
0.00017623
0.000102806
0.000146678
9.84581e-05
0.000112892
0.000132816
0.000141101
8.81273e-05
0.000102969
0.000108841
9.96618e-05
9.68336e-05
7.77082e-05
0.000115779
8.98896e-05
0.000109662
6.62456e-05
0.000113622
7.93707e-05
8.49489e-05
6.67289e-05
9.12331e-05
0.000101592
9.50117e-05
0.000101215
7.4016e-05
8.87787e-05
8.48062e-05
9.58787e-05
6.68463e-05
0.000102946
9.66694e-05
7.93391e-05
7.03041e-05
6.43074e-05
5.82237e-05
6.63824e-05
