n=32
J=0.707107
eta=0.962025
mu=0.0177215
beta-optimal=0
max-overlap=0
0.944021
0.226338
0.0849515
0.0806401
0.0687543
0.0330598
0.0302657
0.0563993
0.0223807
0.0175252
0.0396437
0.0417077
0.0309848
0.0196451
0.0129349
0.0109734
0.00860319
0.0195707
0.011378
0.00837606
0.0169046
0.00779226
0.0155794
0.0127356
0.00731151
0.00727096
0.0139658
0.00564724
0.00775517
0.00599587
0.00887807
0.00970504
0.00490372
0.0118107
0.00451305
0.00485086
0.00567927
0.00416966
0.00414981
0.00564652
0.00333289
0.00578732
0.00293414
0.00425745
0.002531
0.00387591
0.00265984
0.00304741
0.00272678
0.00338438
0.00276475
0.00207575
0.00573275
0.00204136
0.0021991
0.00643817
0.00287911
0.0020066
0.00174132
0.00289947
0.00179895
0.00171832
0.00369164
0.00227071
0.00210147
0.00212221
0.00125479
0.00334749
0.00222777
0.00141745
0.00144724
0.00285921
0.00182444
0.00253041
0.00159735
0.0013974
0.0012023
0.00217895
0.00193595
0.0012097
0.00245088
0.00122334
0.00156148
0.00170435
0.000979814
0.00115598
0.00101983
0.00112699
0.00110108
0.000963934
0.00106606
0.00087734
0.000997274
0.000986796
0.00107762
0.00149035
0.000747974
0.00155592
0.00101775
0.00104397
0.00104497
0.000670352
0.000893875
0.0009043
0.00118102
0.000885831
0.000671078
0.000667779
0.000748648
0.000764296
0.00129576
0.000590554
0.000755262
0.000651615
0.000842624
0.000573348
0.000683161
0.000553362
0.000985226
0.000808853
0.000611549
0.000609828
0.000640782
0.000597775
0.00100323
0.000674267
0.000671949
0.000481377
0.000536774
0.000510076
0.000497304
0.000848576
0.000584698
0.000423499
0.000963683
0.000441307
0.000490453
0.000721305
0.000463678
0.000408732
0.000734406
0.000602593
0.000469116
0.000404157
0.000556967
0.000321987
0.000392429
0.000443255
0.000712759
0.000343172
0.000548701
0.000433749
0.000362061
0.000415281
0.000470658
0.000427701
0.000386628
0.00048864
0.000358404
0.000411178
0.000299412
0.000319252
0.000318595
0.000463669
0.00032598
0.00046328
0.00029632
0.000301087
0.000260883
0.000357645
0.000320854
0.000233407
0.000407608
0.000326227
0.000295816
0.000295262
0.000392567
0.000210927
0.000312172
0.000240922
0.000256149
0.000267896
0.000362398
0.000258645
0.000196029
0.000213068
0.000243859
0.000205376
0.000326517
0.000240694
0.000361755
0.000258123
0.000217099
0.000245445
0.000283945
0.000190654
0.000232288
0.000194536
0.000197094
0.000362784
0.000174732
0.000176285
0.000288199
0.000200023
0.00020418
0.000182761
0.000285498
0.00021314
0.000228591
0.000207662
0.000300708
0.000232656
0.000167284
0.000177102
0.000215733
0.00021689
0.000169228
0.000119721
0.000212327
0.000157885
0.000182194
0.000268243
0.00016171
0.000163596
0.000184458
0.000207713
0.000162134
0.000151983
0.000195119
0.000181137
0.000141336
0.000161284
0.000166255
0.000171367
0.000154128
0.000107425
0.000136526
0.000203925
0.000113118
0.000153443
0.000174435
0.000137894
0.000134196
0.000145425
0.000104838
0.000114885
0.00016211
8.42611e-05
0.000106516
0.000110197
0.00011708
0.000107777
9.20936e-05
0.000132634
9.32576e-05
9.24147e-05
