n=32
J=0.707107
eta=0.936709
mu=0.00253165
beta-optimal=0
max-overlap=0
0.95949
0.245321
0.128512
0.00552095
0.00414172
0.0086284
0.00792207
0.00215771
0.0067204
0.0015686
0.00289856
0.00147559
0.00218623
0.00127591
0.0012618
0.00118948
0.00200498
0.00241729
0.000841148
0.0013499
0.000722634
0.00223517
0.00181573
0.000656893
0.00145615
0.00048839
0.000823368
0.000631453
0.00114098
0.000516975
0.000353593
0.00070412
0.000367103
0.000360837
0.000997681
0.00125521
0.000819919
0.000261504
0.000931672
0.000347795
0.000910568
0.000309291
0.00104575
0.000256262
0.000777973
0.000254332
0.000310203
0.000530452
0.000485888
0.000202817
0.000181183
0.00032275
0.000160648
0.000207482
0.00022374
0.00035853
0.000205295
0.00019694
0.000362363
0.000185501
0.000565315
0.000196864
0.00038091
0.000147046
0.000201825
0.000365816
0.000173695
0.000113342
0.000200468
9.57953e-05
0.000228701
9.04694e-05
0.000318849
0.000117765
0.000192692
0.000439566
0.000126514
0.000121347
0.000210157
9.71906e-05
0.000116321
0.000307045
0.000156208
0.000153385
0.000120089
4.03823e-05
0.000147063
0.000104369
0.000177908
4.77654e-05
0.000104548
9.00367e-05
0.000131543
6.67416e-05
6.35699e-05
0.000163678
7.30703e-05
4.6642e-05
0.000121281
5.25531e-05
0.000172908
4.71164e-05
6.2889e-05
0.000116035
2.85381e-05
0.000114227
3.38324e-05
4.57114e-05
0.000124944
6.15915e-05
0.000143374
3.66871e-05
4.79386e-05
8.45393e-05
5.78879e-05
5.38861e-05
2.99394e-05
8.30082e-05
4.61953e-05
5.92923e-05
3.03905e-05
3.53e-05
0.000125232
3.51766e-05
0.000122433
3.82051e-05
5.8396e-05
3.55681e-05
8.14048e-05
3.11355e-05
2.20205e-05
4.22862e-05
2.70822e-05
6.26977e-05
7.0217e-05
3.82322e-05
3.16325e-05
8.13753e-05
2.80282e-05
4.42045e-05
4.70824e-05
5.57576e-05
2.79252e-05
4.57391e-05
6.90827e-05
2.25271e-05
2.51654e-05
6.09521e-05
4.98124e-05
1.63347e-05
1.73187e-05
4.75995e-05
3.00786e-05
4.24754e-05
2.57131e-05
1.63779e-05
4.04945e-05
2.98594e-05
5.46753e-05
1.82438e-05
1.60745e-05
1.94934e-05
3.87748e-05
2.90295e-05
1.72181e-05
3.96153e-05
1.45427e-05
1.52907e-05
7.75056e-05
4.15991e-05
3.73904e-05
1.32581e-05
1.07917e-05
2.69743e-05
1.23244e-05
3.12092e-05
1.38854e-05
4.27881e-05
1.39475e-05
1.80562e-05
3.40062e-05
1.23695e-05
1.01162e-05
3.9794e-05
1.5764e-05
2.78126e-05
2.4308e-05
1.33077e-05
1.54015e-05
3.38082e-05
9.37003e-06
4.21565e-05
2.63177e-05
1.11382e-05
1.33828e-05
2.69416e-05
2.39641e-05
1.06506e-05
1.2668e-05
1.42179e-05
2.40538e-05
1.52548e-05
1.2124e-05
7.87487e-06
1.30229e-05
7.89947e-06
9.63738e-06
2.68366e-05
7.13023e-06
2.76479e-05
1.05707e-05
9.99963e-06
9.38478e-06
1.61045e-05
1.51143e-05
9.08814e-06
2.21803e-05
1.89804e-05
1.63762e-05
1.13678e-05
6.29071e-06
2.06711e-05
6.96767e-06
6.82104e-06
2.07945e-05
9.77026e-06
9.42251e-06
1.50798e-05
7.01471e-06
1.33926e-05
5.80873e-06
5.03429e-06
1.88543e-05
1.15439e-05
6.77936e-06
4.15022e-06
1.42379e-05
9.47154e-06
5.11297e-06
4.48681e-06
6.3959e-06
1.24596e-05
1.21607e-05
6.29115e-06
9.64838e-06
5.6955e-06
1.14355e-05
6.57973e-06
6.75458e-06
1.46041e-05
6.57745e-06
4.90326e-06
8.7929e-06
3.54774e-06
3.30172e-06
8.51798e-06
