n=32
J=0.707107
eta=0.962025
mu=0.00759494
beta-optimal=0
max-overlap=0
0.841908
0.428452
0.281433
0.0321326
0.0240813
0.0249134
0.0221737
0.0128956
0.0192609
0.00920345
0.00860076
0.00866751
0.00699142
0.00729472
0.00747701
0.00715928
0.00587176
0.0070498
0.0049551
0.00413581
0.00426005
0.0063025
0.00528871
0.00401174
0.00435899
0.00301897
0.00248086
0.00367658
0.00336271
0.0029537
0.00211457
0.00216871
0.0022337
0.00210285
0.0029916
0.00352758
0.00250119
0.00167013
0.0027
0.00203658
0.00264586
0.00192599
0.00298111
0.00153978
0.00230541
0.00154156
0.00178403
0.00166273
0.00149727
0.0012226
0.00109049
0.000990919
0.000981481
0.00121211
0.000746141
0.0011446
0.00123712
0.001223
0.00108638
0.00110176
0.00160994
0.00118163
0.0011187
0.000836453
0.000694306
0.00107919
0.0010339
0.000692479
0.000637663
0.000572062
0.000675203
0.000571863
0.000952025
0.000701133
0.000617411
0.00124501
0.000421128
0.000732246
0.00064799
0.000581451
0.000678216
0.000911277
0.00051542
0.000457789
0.000698409
0.000241814
0.000496848
0.000615773
0.000558343
0.000304753
0.000360287
0.0005531
0.000418057
0.000419749
0.000385663
0.000517287
0.000271738
0.000296367
0.00041983
0.000332563
0.000529198
0.000298703
0.00037882
0.000361237
0.000196001
0.000373987
0.000212128
0.000289163
0.000379668
0.00023489
0.000453471
0.000240378
0.000303204
0.000271242
0.000202323
0.000322785
0.000130669
0.000269104
0.000289505
0.000213746
0.000202119
0.00022044
0.000372926
0.00020797
0.000373387
0.000241049
0.000188216
0.000220226
0.000258247
0.000202739
0.000146139
0.000158263
0.000172272
0.000213235
0.000227274
0.000244562
0.000203268
0.000252486
0.000169318
0.000153595
0.00028126
0.000184142
0.000170714
0.000162422
0.000215601
0.000145676
0.00016001
0.000195928
0.000171232
0.000105764
0.000112167
0.000162392
0.000201567
0.000146336
0.000103244
0.000109914
0.000136197
0.000186147
0.000172631
0.000117836
7.60474e-05
0.000125082
0.000128
0.000104322
0.00011017
0.000132793
8.99817e-05
9.78391e-05
0.000233108
0.000132704
0.00012621
8.88413e-05
6.9343e-05
9.33056e-05
8.2027e-05
0.000106374
8.8189e-05
0.000137294
8.80668e-05
0.000113832
0.000113876
8.14357e-05
6.75762e-05
0.000130803
9.75582e-05
9.65799e-05
8.76848e-05
8.94703e-05
0.000101234
0.000109168
6.35065e-05
0.000129564
9.39164e-05
7.53867e-05
8.66573e-05
8.81095e-05
7.94731e-05
7.07303e-05
8.21791e-05
8.9649e-05
8.50185e-05
5.86319e-05
4.71594e-05
5.27516e-05
5.31202e-05
5.08863e-05
5.96498e-05
8.75613e-05
4.84064e-05
8.92302e-05
6.6672e-05
3.96743e-05
6.29452e-05
5.71305e-05
9.08408e-05
5.92445e-05
7.1661e-05
6.37123e-05
5.86397e-05
7.59391e-05
4.31135e-05
7.11552e-05
4.42542e-05
4.68777e-05
6.82379e-05
6.32401e-05
3.81307e-05
5.08651e-05
4.75042e-05
4.71324e-05
4.05359e-05
3.36455e-05
6.0132e-05
4.2546e-05
4.64664e-05
2.83591e-05
5.18211e-05
3.58177e-05
3.47838e-05
2.484e-05
4.08817e-05
4.67308e-05
4.41061e-05
4.28173e-05
3.45515e-05
3.78731e-05
4.058e-05
4.19448e-05
2.80168e-05
4.98496e-05
4.29538e-05
3.33275e-05
3.19728e-05
2.59821e-05
2.36239e-05
3.09743e-05
