n=32
J=0.707107
eta=1.01266
mu=0.0405063
beta-optimal=0
max-overlap=0
3.93305e-10
3.77866e-10
2.17838e-10
1.53779e-10
4.12874e-11
9.91978e-11
1.13182e-10
8.17162e-11
1.56669e-10
1.66293e-10
1.42436e-10
4.65458e-12
4.8844e-11
1.62748e-11
1.82101e-11
2.8329e-11
5.47123e-11
6.43645e-11
2.10478e-12
3.38022e-11
1.21234e-11
5.46753e-11
8.84731e-11
4.94289e-11
3.60022e-11
4.42911e-11
3.88258e-11
3.00696e-11
4.1435e-11
2.67401e-11
3.17904e-11
3.00358e-11
2.1575e-11
1.57392e-11
1.69392e-12
2.17589e-11
1.77894e-11
8.65797e-12
2.61805e-11
1.74902e-11
2.07292e-11
1.41047e-11
1.20255e-11
3.35422e-11
7.85678e-12
1.88888e-11
2.01639e-11
1.43084e-11
2.1543e-11
2.38552e-11
1.29821e-11
2.88401e-11
1.32058e-11
2.23263e-11
1.10273e-11
2.54292e-11
2.18507e-11
6.92952e-12
2.63739e-12
1.16937e-11
4.38302e-12
6.22113e-12
7.45194e-12
1.07167e-11
1.77151e-11
1.66691e-11
9.11047e-12
8.67949e-12
1.35968e-11
2.32725e-12
2.19344e-11
7.73978e-12
7.77919e-12
7.24818e-12
1.64438e-11
1.4761e-11
7.39201e-12
1.16601e-11
3.93813e-12
5.90503e-12
2.98515e-12
8.4012e-12
5.22442e-12
3.62271e-12
7.03031e-12
1.02683e-11
1.20643e-11
7.13078e-12
8.32888e-12
5.52308e-13
4.42097e-12
1.43629e-11
8.42917e-12
8.96644e-12
6.96776e-12
1.00526e-11
3.10566e-12
3.00516e-12
7.15477e-12
8.40837e-12
4.47585e-12
5.91692e-12
4.13334e-12
2.70462e-12
7.53276e-12
2.79795e-12
6.80197e-12
9.24251e-12
4.87581e-12
6.32649e-12
9.58968e-12
1.82851e-12
5.07082e-12
3.31876e-12
2.00855e-12
5.26033e-12
1.1839e-11
5.46613e-12
3.00042e-12
9.20791e-12
4.97842e-12
4.04923e-12
4.95834e-12
3.42949e-12
3.65015e-12
4.81435e-12
2.81439e-12
1.03851e-11
4.59305e-12
1.78064e-12
1.29729e-12
4.56613e-12
4.7573e-12
5.63083e-12
1.568e-12
2.62605e-12
1.56631e-12
2.44938e-12
2.97851e-12
2.75033e-12
4.59772e-12
3.21305e-12
4.51213e-12
1.95401e-12
2.40113e-12
4.20741e-12
2.02178e-12
2.32042e-12
5.70212e-12
7.37312e-12
4.86031e-12
3.40185e-12
1.78064e-12
4.22843e-12
6.23887e-12
3.46271e-12
1.26237e-12
2.10776e-12
1.69159e-12
3.68223e-12
2.40033e-12
3.12288e-12
7.44436e-12
3.23212e-12
3.62678e-12
3.55156e-12
4.29582e-12
3.09229e-12
4.47078e-12
2.14725e-12
2.31583e-12
2.03147e-12
3.23894e-12
1.35662e-12
2.03973e-12
3.23477e-12
9.13314e-13
5.60909e-13
4.03592e-12
3.46978e-12
2.05201e-12
3.29343e-13
1.37377e-12
1.50202e-12
2.93612e-12
1.88175e-12
4.42449e-12
2.42129e-12
5.08333e-12
3.98285e-12
1.83076e-12
3.45737e-12
3.92918e-12
5.61797e-13
5.16879e-13
1.04771e-12
8.59488e-13
2.80794e-12
1.65877e-12
4.35034e-12
5.02046e-13
1.7252e-12
2.08774e-12
1.21056e-12
4.8268e-12
1.49566e-12
1.81615e-12
1.94655e-12
1.02717e-12
1.46347e-12
3.8325e-13
1.76122e-12
2.47973e-12
2.09177e-12
2.81908e-12
3.26525e-12
1.83844e-12
1.92399e-12
7.71143e-13
3.27992e-12
1.35419e-12
4.22005e-12
1.4542e-12
5.38879e-13
1.86179e-12
2.26739e-12
2.99178e-12
4.20148e-13
2.53358e-12
1.13555e-12
1.08387e-12
4.54014e-13
1.16318e-12
1.52127e-12
1.60324e-12
3.68451e-12
6.70055e-13
3.10711e-13
9.95029e-13
3.25449e-12
1.39775e-12
3.09202e-12
1.6764e-12
1.31053e-12
8.03089e-13
1.10117e-12
2.7976e-12
2.93977e-12
1.0567e-12
1.20065e-12
5.97006e-13
4.52827e-13
5.2032e-13
2.67076e-12
1.59297e-12
1.38844e-12
