n=32
J=0.707107
eta=1.01266
mu=0.0582278
beta-optimal=0
max-overlap=0
8.75131e-11
1.12626e-10
1.20036e-10
4.72892e-11
7.02306e-11
4.29095e-11
4.13549e-11
2.61465e-11
2.75934e-11
1.6705e-11
6.74245e-11
3.2958e-11
1.00921e-11
6.52333e-11
1.10729e-11
3.36532e-11
1.2988e-11
2.22632e-11
3.1116e-11
1.53839e-11
3.38841e-11
2.15963e-11
1.56205e-11
1.64847e-11
1.95366e-11
3.74814e-12
8.90257e-12
1.36282e-11
2.79989e-11
2.89795e-11
1.88449e-11
1.30857e-11
2.05577e-11
3.60924e-11
1.39096e-11
2.61297e-12
1.22998e-11
1.98992e-11
1.67756e-11
2.44579e-11
3.47025e-12
1.86661e-11
2.36076e-11
1.52722e-11
9.57654e-12
1.38183e-11
2.35231e-11
6.51682e-12
1.31567e-11
1.40607e-11
1.06087e-11
5.85098e-12
1.26122e-11
1.18536e-11
7.9707e-12
8.89675e-12
7.7774e-12
1.25276e-11
8.32606e-12
1.27226e-11
4.02015e-12
5.15479e-12
1.33283e-11
1.78403e-11
5.7902e-12
1.06122e-11
5.36882e-12
1.47676e-11
6.16971e-12
4.89464e-12
5.27259e-12
1.20555e-11
2.63904e-12
3.26699e-12
3.02036e-12
1.36998e-11
4.59821e-12
8.30761e-12
3.96026e-12
7.56693e-12
4.32416e-12
6.7075e-12
9.50642e-12
2.49245e-12
3.17706e-12
2.46545e-12
4.58067e-12
2.84463e-12
3.91736e-12
2.81249e-12
7.78104e-13
8.72613e-12
3.30484e-12
2.13035e-12
3.48632e-12
4.57556e-12
4.50777e-12
3.30504e-12
3.43018e-12
3.34247e-12
8.33317e-12
1.32402e-12
5.93253e-12
2.61441e-12
3.3254e-12
9.03602e-13
5.52358e-12
6.92439e-12
3.96069e-12
7.81135e-13
2.7546e-12
1.29183e-12
4.72619e-12
3.67194e-12
1.05875e-12
3.61657e-12
5.888e-13
3.43612e-12
1.87716e-12
5.0547e-12
3.74092e-12
5.20643e-12
1.1152e-12
5.32329e-12
2.02374e-12
3.65179e-12
2.59369e-12
5.35555e-12
4.83995e-12
4.57227e-12
2.32146e-12
6.19602e-12
1.35547e-12
2.16523e-12
2.5625e-12
7.19504e-12
5.5663e-12
7.67297e-12
1.1951e-12
2.06573e-12
7.41576e-12
2.15471e-12
5.39147e-12
3.88865e-12
2.57557e-12
2.69688e-12
1.76052e-12
2.02818e-12
2.02659e-12
2.57895e-12
3.15126e-12
4.63749e-12
4.36827e-12
1.18775e-12
1.04054e-13
1.80117e-12
7.20697e-12
1.22559e-12
3.64629e-12
3.81408e-12
2.88422e-12
3.76906e-12
3.00126e-12
2.19741e-12
2.1436e-12
3.77669e-14
1.55261e-12
1.8572e-12
4.10723e-12
1.65546e-12
2.33646e-12
1.97121e-12
1.00802e-12
1.98735e-13
1.37791e-12
1.91772e-12
1.29185e-12
1.95332e-12
1.66986e-12
3.10507e-12
3.23613e-12
2.91586e-12
8.80717e-13
1.54247e-12
1.87176e-12
9.86787e-13
1.22449e-12
6.53083e-13
1.41934e-12
1.60977e-12
4.16208e-12
1.59061e-12
3.05395e-13
1.82829e-12
5.76368e-13
1.71376e-12
1.13695e-12
8.56529e-13
1.16027e-12
7.31038e-13
1.05058e-12
1.52301e-12
2.65028e-12
1.46926e-12
2.52491e-12
1.85481e-12
2.71608e-12
1.47856e-12
1.19851e-12
2.47092e-12
2.38967e-12
1.80711e-12
1.6593e-12
1.36755e-12
2.59337e-12
9.11746e-13
1.55498e-12
1.05243e-12
1.4032e-12
1.3747e-12
5.14085e-13
1.33794e-12
1.91179e-12
2.35323e-12
1.69839e-12
1.36562e-12
1.48679e-12
1.01118e-12
4.1077e-13
3.09211e-13
9.41929e-13
7.77056e-13
8.71106e-13
6.30571e-13
1.70994e-12
5.6192e-13
1.25894e-12
2.07234e-13
1.15688e-12
1.14318e-12
9.1419e-13
6.28985e-13
1.00216e-12
1.83105e-12
7.80273e-13
1.49638e-12
7.65815e-13
9.90601e-13
2.89274e-13
5.92729e-13
7.78206e-13
6.39919e-13
8.33594e-13
2.46647e-13
1.07435e-12
1.15863e-12
