n=32
J=0.707107
eta=1
mu=0.162025
beta-optimal=0
max-overlap=0
0.21523
0.199308
0.196345
0.181011
0.177968
0.172553
0.169113
0.162454
0.15661
0.150636
0.156659
0.151819
0.142748
0.138522
0.134526
0.127681
0.120103
0.119476
0.114942
0.117241
0.120855
0.114619
0.110802
0.108927
0.108941
0.108262
0.104212
0.101225
0.0966176
0.0987688
0.096379
0.090754
0.090802
0.0940112
0.0901043
0.0883259
0.0855423
0.0841303
0.0864824
0.0793445
0.0803764
0.0801779
0.0783959
0.0797537
0.0739394
0.07271
0.0739636
0.0703825
0.068775
0.0700489
0.0656489
0.0679151
0.0679466
0.0668222
0.064125
0.0667161
0.0654187
0.0627968
0.0635427
0.061913
0.0595044
0.0602909
0.058578
0.0595396
0.0596961
0.0553955
0.0559907
0.05762
0.0562236
0.052856
0.0541626
0.0546467
0.0552425
0.05248
0.0521071
0.051266
0.0497862
0.0506664
0.0517469
0.0496606
0.0507988
0.0489336
0.0471509
0.0464685
0.0459945
0.0459807
0.0449372
0.0431165
0.04613
0.0436423
0.0446217
0.0429525
0.0431243
0.0422321
0.0426637
0.0435483
0.0404435
0.0404072
0.0401467
0.0392748
0.0405716
0.0385019
0.0406913
0.0387063
0.0390301
0.0369152
0.0373098
0.0367809
0.0363559
0.0380092
0.0380153
0.037331
0.0365486
0.0362986
0.0369091
0.0349687
0.0349777
0.0335813
0.034105
0.0345422
0.0340562
0.0332845
0.0324475
0.0329566
0.0332621
0.0332
0.0320797
0.030954
0.0315845
0.0317025
0.0305764
0.0307304
0.0300987
0.0294899
0.0296459
0.0296765
0.0293243
0.0286399
0.0279662
0.0279148
0.0279664
0.027692
0.0279968
0.0276068
0.0267483
0.0261624
0.0260063
0.027247
0.0268246
0.0259448
0.0263609
0.0260833
0.0258348
0.0259965
0.0252387
0.0252086
0.0251986
0.0247236
0.0244087
0.0241928
0.0243358
0.0234589
0.0228564
0.0232271
0.023411
0.0234089
0.0230238
0.0239194
0.023114
0.0230138
0.0227222
0.0217178
0.0226451
0.0222717
0.0213289
0.0217086
0.0210024
0.0203735
0.0218091
0.0205595
0.0201508
0.0204719
0.0200274
0.0205147
0.0202337
0.0194506
0.0200495
0.019261
0.0192511
0.0193372
0.0190625
0.0187844
0.0184218
0.0189845
0.0188401
0.018495
0.0184451
0.0184668
0.0181023
0.0181566
0.0181963
0.0173346
0.017331
0.0176158
0.0173713
0.0172062
0.0168083
0.0172729
0.0173562
0.0167555
0.0172973
0.016396
0.0167811
0.0162959
0.0164924
0.0158605
0.0157433
0.015128
0.015681
0.0151384
0.01574
0.0155911
0.0148441
0.0146749
0.0155369
0.0147914
0.0146261
0.0147711
0.0146609
0.0142231
0.0142224
0.014329
0.0139244
0.0140942
0.0137996
0.0134018
0.0135016
0.0138749
0.0131084
0.0136009
0.0131425
0.0130514
0.0128354
0.0128556
0.0123711
0.0124526
0.012432
0.0118446
0.0118814
0.0119278
0.0119016
0.0115633
0.0115006
0.0112084
0.0108465
0.010699
