n=32
J=0.707107
eta=1
mu=0.0911392
beta-optimal=0
max-overlap=0
0.340033
0.289577
0.272224
0.269569
0.242482
0.223072
0.176869
0.17615
0.175781
0.157596
0.137222
0.141721
0.145283
0.127899
0.12027
0.124947
0.125082
0.110678
0.106237
0.0918721
0.0825852
0.0854301
0.0913156
0.0902134
0.0829299
0.0813439
0.0658729
0.0783097
0.079599
0.0729083
0.0758729
0.0690332
0.064851
0.0700152
0.0639109
0.0659215
0.0605331
0.0518557
0.0623079
0.0546901
0.0551273
0.0565438
0.053387
0.0502569
0.0485964
0.0487028
0.0440112
0.0476406
0.0439908
0.0393887
0.0425978
0.0395717
0.0399359
0.0459532
0.0368618
0.0397278
0.0425709
0.0358128
0.0383267
0.0374487
0.036774
0.0365546
0.0361042
0.0344765
0.0367586
0.0285903
0.029352
0.0287054
0.0348052
0.0309657
0.0310621
0.0303687
0.0272991
0.029293
0.0298315
0.0267473
0.0289907
0.0255518
0.0273333
0.0274168
0.0262353
0.0260041
0.0243685
0.0240252
0.0238038
0.0227106
0.0243868
0.0232138
0.0226176
0.0240588
0.0231759
0.0204079
0.020812
0.021972
0.0200347
0.0226104
0.019371
0.0209953
0.019297
0.018415
0.0204515
0.0181724
0.0204703
0.0188586
0.0191425
0.0187081
0.0180293
0.0179396
0.018503
0.0179151
0.0167174
0.0177396
0.0160589
0.0165034
0.0179761
0.0156773
0.0148257
0.0165766
0.0146252
0.0165718
0.0156095
0.0152599
0.0154824
0.0146968
0.0154331
0.014918
0.0134208
0.0152358
0.0142003
0.014663
0.0147179
0.0136015
0.0130012
0.0130705
0.0133057
0.0130294
0.013465
0.0136254
0.0125097
0.0122082
0.0133714
0.0113195
0.0138719
0.0120544
0.0125404
0.0118057
0.011694
0.0120519
0.0111887
0.0123239
0.0119129
0.0106902
0.010802
0.0108478
0.0108705
0.0108901
0.0103547
0.0104522
0.0105757
0.0105793
0.0106857
0.0106069
0.0102828
0.00993546
0.00940472
0.00975769
0.00955625
0.00996283
0.00968327
0.00965819
0.00896387
0.00996243
0.00884422
0.00868005
0.00907006
0.00870403
0.00873109
0.00937173
0.00848841
0.00875816
0.00860915
0.00811409
0.00892964
0.00812873
0.00828686
0.00845839
0.00814647
0.0083095
0.00822885
0.00725837
0.0077838
0.00795595
0.00799165
0.00788233
0.0072643
0.00784451
0.00760332
0.00729537
0.00754241
0.00715597
0.00672361
0.00684611
0.00657564
0.0067282
0.00703895
0.00645251
0.00645607
0.0068224
0.00633936
0.00636091
0.00625568
0.00629625
0.00654334
0.00672122
0.00574616
0.0063236
0.00638037
0.00625902
0.00625515
0.00610848
0.00583663
0.00549343
0.00581988
0.00557542
0.00555523
0.0058601
0.00574641
0.00581715
0.00544637
0.00539978
0.00521217
0.00552587
0.00535684
0.00520507
0.00496505
0.00548428
0.00534731
0.00500986
0.00504452
0.00469718
0.00476611
0.00475426
0.00489455
0.00462033
0.00463428
0.00438981
0.00403285
0.00415027
0.00470277
0.00422915
0.00417865
0.00410434
0.00418963
0.00422283
0.00401792
0.00394026
