n=32
J=0.707107
eta=1
mu=0.15443
beta-optimal=0
max-overlap=0
0.227222
0.209464
0.205104
0.203263
0.193032
0.184041
0.162951
0.161926
0.161169
0.152775
0.142979
0.14455
0.145062
0.136564
0.130979
0.131965
0.13183
0.123693
0.120049
0.11333
0.105518
0.107329
0.109995
0.107795
0.10494
0.103301
0.0930492
0.0994459
0.099885
0.0959171
0.0972213
0.0926282
0.0900632
0.0922527
0.0874812
0.0888656
0.0844808
0.0786448
0.0842441
0.0799646
0.0796909
0.0796025
0.0780846
0.0748319
0.0731687
0.0738226
0.068338
0.0707768
0.0684103
0.0651861
0.0668298
0.0646092
0.0645967
0.0686581
0.0615187
0.0629346
0.0640063
0.0593195
0.0612792
0.0613615
0.0589149
0.0588848
0.0584695
0.0570579
0.0588143
0.0520735
0.0520501
0.0518472
0.0561092
0.0536739
0.0532518
0.0523844
0.0498704
0.051067
0.0514108
0.048811
0.0498011
0.0470295
0.0483317
0.0482083
0.0470954
0.0461099
0.0451088
0.0446075
0.0441709
0.0427972
0.0442003
0.0436679
0.0425206
0.0430861
0.0429352
0.0404072
0.0405182
0.0414801
0.0394629
0.041776
0.0382312
0.0395369
0.0373864
0.0370848
0.0391346
0.0364333
0.0382552
0.0369489
0.0370843
0.0365175
0.035685
0.0353644
0.035912
0.0353176
0.0339713
0.0350157
0.0330452
0.0335618
0.0349067
0.0326348
0.0313864
0.0325348
0.0310087
0.0321709
0.0315081
0.0313021
0.0312426
0.0307024
0.0310843
0.0306289
0.0293551
0.0304986
0.0296232
0.0299432
0.0298326
0.0289727
0.0277607
0.0281544
0.0277899
0.027692
0.0280478
0.0280617
0.0268929
0.0264061
0.0273713
0.0255125
0.0275913
0.0262445
0.0264458
0.0256878
0.0255741
0.0258829
0.024807
0.025703
0.0253354
0.0238283
0.0240449
0.0239428
0.0235083
0.0239006
0.0231223
0.0233198
0.0234541
0.0233067
0.0233154
0.0231081
0.02255
0.0225683
0.0218396
0.022062
0.0216786
0.0220227
0.021503
0.021292
0.0206244
0.021892
0.0206028
0.0202309
0.0206324
0.0202453
0.0198873
0.0206173
0.0197964
0.0198427
0.0195211
0.019238
0.0197357
0.0192371
0.0190594
0.0193098
0.0188575
0.0190046
0.0188567
0.0177583
0.0183078
0.0183221
0.018399
0.018216
0.0173242
0.0179816
0.0177253
0.0174299
0.0173976
0.0170735
0.0165557
0.0167804
0.01613
0.0161669
0.0166633
0.0160716
0.0157101
0.0162208
0.0156826
0.0156146
0.0154625
0.0152848
0.0158092
0.0157922
0.0147268
0.0152267
0.0151654
0.0150038
0.0148851
0.0148269
0.0143558
0.0140234
0.0143781
0.0138925
0.0138836
0.0142205
0.0139004
0.0139472
0.0134271
0.013483
0.0132098
0.0134611
0.0133387
0.0130654
0.0126152
0.0132115
0.0130797
0.0124746
0.012532
0.0122274
0.0123004
0.0119761
0.0121877
0.0118552
0.0117932
0.0114774
0.0108695
0.0110335
0.011659
0.0110907
0.0110184
0.0107181
0.0108057
0.0107524
0.0105521
0.0103132
