n=32
J=0.707107
eta=1.77215
mu=0.116456
beta-optimal=0
max-overlap=0
1.76281e-12
8.28781e-13
1.40553e-12
9.95881e-13
9.55629e-13
8.20501e-13
4.68674e-13
1.23331e-12
2.40361e-12
2.78304e-12
1.73352e-12
6.37845e-13
1.67728e-13
3.35174e-13
1.68434e-12
5.26634e-13
1.82416e-12
8.73665e-13
1.70762e-12
5.39221e-13
4.09696e-13
6.2578e-13
7.96223e-13
8.19218e-13
9.1059e-13
3.58824e-13
7.32699e-13
3.11314e-13
1.25193e-12
4.8108e-13
1.18895e-12
2.33257e-13
1.38226e-12
1.77653e-13
1.07397e-12
2.23836e-13
1.7148e-12
4.6173e-13
2.77691e-13
9.16359e-13
5.78143e-13
6.07492e-13
2.85572e-13
4.15905e-13
5.86969e-13
1.13952e-12
9.56908e-13
4.26957e-13
8.97973e-13
5.43694e-13
5.69048e-13
5.03095e-13
2.23647e-13
3.7754e-13
5.26882e-13
6.24055e-13
1.35635e-13
2.73073e-13
6.23959e-13
4.72881e-13
1.30088e-12
1.71039e-13
6.83293e-13
2.27463e-13
7.29847e-13
2.65792e-13
1.05454e-13
5.41508e-13
7.6031e-13
3.14587e-13
1.04945e-12
1.31662e-13
3.25293e-13
4.61537e-13
1.84738e-13
3.06561e-13
6.55855e-13
2.71791e-13
1.22392e-12
4.26419e-13
1.08018e-12
9.11763e-13
3.24828e-13
7.47204e-13
4.01471e-13
8.43135e-13
4.61797e-13
9.86879e-13
7.3666e-13
3.90446e-13
3.80832e-13
5.83327e-13
5.01815e-13
5.72427e-13
4.38353e-13
2.73839e-13
2.54991e-13
3.81383e-13
7.67795e-14
2.20869e-13
7.2662e-13
6.29721e-13
2.39542e-13
5.08083e-13
1.10303e-13
2.54349e-13
1.15111e-12
2.79932e-13
5.92641e-13
4.09723e-13
3.40676e-13
4.35844e-13
4.41298e-13
1.16052e-13
3.81258e-13
1.66917e-13
1.86524e-13
3.10155e-13
1.62781e-13
1.45308e-13
2.07823e-13
1.82104e-13
6.86069e-13
2.57471e-13
3.93853e-13
6.16256e-13
6.9023e-13
3.41971e-13
1.39481e-13
4.54557e-13
3.40804e-13
3.99227e-13
2.50963e-13
4.49423e-13
7.829e-13
1.51135e-13
2.29787e-13
1.25421e-13
2.53292e-13
2.67125e-13
1.28063e-13
4.10302e-13
5.89146e-13
4.90865e-14
3.64297e-13
3.23713e-13
1.67582e-13
1.38135e-13
1.88405e-13
1.35552e-13
5.68684e-13
1.58062e-13
6.52174e-13
2.97831e-13
4.33591e-13
4.54713e-13
1.86843e-13
3.29606e-13
1.45175e-13
8.55855e-13
3.7148e-13
2.422e-13
2.79743e-13
5.40306e-13
1.67667e-13
1.95308e-13
2.04348e-13
4.18711e-13
3.18033e-13
4.80849e-13
6.86978e-14
4.90841e-13
3.80572e-13
2.45569e-13
7.68483e-13
7.50357e-14
1.47729e-13
3.96518e-13
1.82988e-13
9.31383e-13
3.76086e-13
2.18683e-13
3.27986e-13
6.10147e-13
4.09109e-13
2.99404e-13
7.58017e-13
2.16002e-13
6.34885e-13
1.51845e-13
3.4614e-13
3.54006e-13
2.92718e-13
6.31801e-13
6.4168e-13
5.17438e-13
4.56334e-13
2.7976e-13
4.167e-13
3.09903e-13
3.65159e-13
8.30959e-14
1.92897e-13
5.26729e-13
8.71767e-13
1.84642e-13
2.76644e-13
1.29559e-13
3.43562e-13
2.95977e-13
4.26738e-13
1.74537e-13
3.99148e-13
1.66726e-13
3.77076e-13
3.87316e-13
1.41606e-13
3.89522e-13
3.4799e-13
9.83216e-14
3.26446e-13
3.37211e-13
1.69556e-13
1.78479e-13
3.74044e-14
1.11956e-13
2.15643e-13
2.35183e-13
4.56178e-13
5.20272e-13
2.24668e-13
2.93457e-13
1.43197e-13
1.77385e-13
1.99889e-14
2.13091e-13
2.18634e-13
2.12331e-13
4.45914e-13
3.71061e-13
2.57207e-13
1.15303e-13
2.12272e-13
2.96798e-13
2.18113e-13
2.27779e-14
3.32372e-13
4.35893e-13
6.46071e-13
1.1855e-12
1.02834e-13
4.59299e-13
1.63654e-13
3.20686e-13
6.15707e-13
2.79432e-13
