n=32
J=0.707107
eta=1
mu=0.189873
beta-optimal=0
max-overlap=0
0.190427
0.17897
0.176878
0.165457
0.163367
0.1592
0.156525
0.15156
0.146956
0.142785
0.147014
0.142915
0.135998
0.132649
0.129642
0.124238
0.118242
0.117515
0.113938
0.115663
0.118041
0.113383
0.110428
0.10845
0.108492
0.107974
0.104389
0.102057
0.0980946
0.0998519
0.0979204
0.0930123
0.0929376
0.0953451
0.092461
0.0908142
0.0884071
0.0872107
0.0889368
0.0830989
0.084012
0.0838061
0.0819911
0.0829913
0.0781354
0.0770566
0.077822
0.0748614
0.0733334
0.0745328
0.0706337
0.0724425
0.0723181
0.0714705
0.0689547
0.0709497
0.0698631
0.0677929
0.0683647
0.0668164
0.0645183
0.0651912
0.0634956
0.0643184
0.0643666
0.0606065
0.0611947
0.0623495
0.0612227
0.0582215
0.059292
0.0595623
0.0601365
0.0577622
0.057252
0.0565145
0.0551924
0.0559972
0.0568485
0.0549639
0.0558482
0.0542273
0.0527116
0.0519749
0.051517
0.0513574
0.0503444
0.0487862
0.0513458
0.0491905
0.0499296
0.048425
0.0484782
0.0476923
0.0479638
0.0487612
0.0458945
0.0458619
0.0455589
0.0446813
0.0457102
0.0439289
0.0458613
0.0440663
0.0443815
0.0423319
0.0426628
0.0421567
0.0417641
0.0431777
0.043168
0.0425195
0.0417054
0.0414703
0.041972
0.040196
0.0401517
0.0387792
0.0392177
0.0395629
0.0391564
0.0384157
0.0376134
0.0380673
0.0383286
0.0381358
0.0371062
0.036049
0.0366337
0.0367073
0.0355822
0.0357146
0.035129
0.0344904
0.0345642
0.0346373
0.0342257
0.0335347
0.0328535
0.0328267
0.0328036
0.0324954
0.0327495
0.032408
0.0316155
0.0310241
0.030828
0.0319598
0.0315539
0.0307442
0.0310526
0.0306998
0.0304589
0.0305784
0.0298312
0.0297451
0.0297886
0.0292756
0.0289856
0.0287865
0.028872
0.0279796
0.0273761
0.0277239
0.0278615
0.0278602
0.0275034
0.0283252
0.0275525
0.02742
0.0271194
0.0261258
0.0269814
0.0265941
0.0256777
0.0259953
0.0253148
0.0246816
0.0259897
0.0247886
0.0243878
0.0246848
0.0241849
0.0246913
0.0243857
0.0236217
0.0241361
0.0233484
0.0233288
0.0234061
0.0231078
0.0227894
0.0224346
0.0229775
0.0228018
0.0224773
0.0223596
0.0224141
0.0220686
0.0220597
0.0221247
0.0212435
0.0211565
0.0214507
0.0212225
0.0209948
0.0206112
0.0210361
0.0210964
0.0205258
0.0210111
0.0201296
0.0204811
0.0199793
0.0201704
0.0195124
0.019369
0.0187437
0.0192387
0.0186992
0.0192347
0.01912
0.0183805
0.0181851
0.0190248
0.0182761
0.0181
0.0182126
0.0180946
0.0176381
0.0175823
0.0176672
0.0172935
0.0174366
0.0170718
0.0167156
0.0167635
0.0171475
0.0163731
0.0168714
0.0163772
0.0162429
0.0159837
0.0160127
0.0155237
0.0155567
0.0155311
0.0149085
0.0149421
0.0149726
0.0149084
0.0145203
0.0144543
0.0141236
0.0137505
0.0135319
