n=32
J=0.707107
eta=1
mu=0.0911392
beta-optimal=0
max-overlap=0
0.32822
0.304696
0.310562
0.249172
0.215276
0.207613
0.182725
0.176777
0.180112
0.151311
0.132504
0.143184
0.137055
0.121996
0.132703
0.123245
0.106488
0.113279
0.107778
0.0947246
0.0944492
0.0966999
0.0977086
0.0961863
0.0934547
0.0826991
0.0739216
0.0808993
0.0760501
0.0736519
0.0681144
0.0644218
0.0698336
0.0650995
0.0665675
0.0661512
0.0655966
0.060271
0.0592653
0.0590005
0.0580726
0.0612277
0.0558732
0.0513531
0.0558899
0.0511724
0.049741
0.0502166
0.0482451
0.0447333
0.0439163
0.0403057
0.0417654
0.0410478
0.0387112
0.0424262
0.0423374
0.0406448
0.0371965
0.0384062
0.037584
0.0393626
0.0341173
0.033764
0.033913
0.0334776
0.0336543
0.0333275
0.0295029
0.0306455
0.0290099
0.0281982
0.031889
0.0302031
0.0285772
0.0311742
0.0272234
0.0309392
0.0273192
0.0272132
0.0272256
0.027234
0.0248499
0.0232259
0.0264763
0.0218567
0.0251651
0.0243864
0.0244306
0.0217131
0.0229963
0.0237885
0.0217788
0.0221238
0.0213519
0.0222564
0.0216338
0.0211958
0.0221016
0.019347
0.0215844
0.0210668
0.0191191
0.0184934
0.0179737
0.0204016
0.0179892
0.0179406
0.0182478
0.0189941
0.019489
0.0175717
0.0171366
0.0160259
0.0170917
0.0176821
0.0164014
0.0158085
0.017182
0.0166855
0.0168097
0.0171156
0.0158077
0.0157004
0.0155535
0.0152048
0.0143445
0.0141388
0.0143963
0.0147071
0.0139273
0.0141542
0.0139927
0.0134777
0.0140039
0.0143816
0.0129461
0.0133206
0.0135955
0.012794
0.0138158
0.0128791
0.0126545
0.0129994
0.0122411
0.011807
0.0120005
0.0119477
0.0129936
0.0112646
0.0111277
0.0113997
0.0126071
0.0114884
0.0113992
0.0105532
0.0111227
0.0117383
0.0108467
0.0106521
0.0103346
0.0103674
0.010164
0.00963815
0.010206
0.0098769
0.00928977
0.00959039
0.0103514
0.00886799
0.00955973
0.00907956
0.00881565
0.00862337
0.00858886
0.00898159
0.00876448
0.00887566
0.0082399
0.00887388
0.00874098
0.00857992
0.00805185
0.0087817
0.00840262
0.00821062
0.00850918
0.00799764
0.00839012
0.00814521
0.00735759
0.00796366
0.00791006
0.00724097
0.00743299
0.00720918
0.0070283
0.00762335
0.00731921
0.00732843
0.00724471
0.00694005
0.00653192
0.00651123
0.0069923
0.00625705
0.00651291
0.00691275
0.00638377
0.00633756
0.00661554
0.00585137
0.00638127
0.00628213
0.00630191
0.00627539
0.00584357
0.00607374
0.00608868
0.00658825
0.00563391
0.00625403
0.00561851
0.00535054
0.00540277
0.00559367
0.00549109
0.00541824
0.00552989
0.00519035
0.00561277
0.00506789
0.00526676
0.00523075
0.00541063
0.00488727
0.0051194
0.00483523
0.00458011
0.0049058
0.0046985
0.00489241
0.00474195
0.004665
0.00439012
0.00458998
0.00433963
0.0045341
0.00426562
0.00444205
0.00456434
0.00403056
0.0040867
0.004075
0.00378023
0.00378083
