n=32
J=0.707107
eta=1
mu=0.0860759
beta-optimal=0
max-overlap=0
0.415255
0.321347
0.262596
0.239367
0.220505
0.200014
0.202965
0.148264
0.159766
0.16692
0.157064
0.149501
0.123025
0.113376
0.131061
0.123789
0.0965072
0.0987778
0.0940475
0.0874619
0.0928536
0.0822851
0.0808691
0.071793
0.0781389
0.0758979
0.0725209
0.0667857
0.0673697
0.062
0.0662089
0.0576652
0.0562028
0.0596579
0.0666073
0.0482729
0.0518978
0.0531029
0.0525359
0.0440802
0.0467645
0.0447401
0.0526709
0.0467924
0.0480093
0.0448805
0.041887
0.037505
0.0401686
0.0430367
0.0395355
0.0396315
0.0370341
0.0372406
0.0353626
0.0367055
0.0356048
0.0315554
0.0326535
0.0315164
0.0332889
0.0300482
0.0301435
0.0321366
0.030095
0.0323788
0.0311789
0.0247114
0.0240431
0.0254729
0.0242605
0.0288193
0.0277373
0.0253499
0.0255399
0.0246761
0.0247871
0.0234309
0.0242727
0.0236809
0.0240099
0.0228948
0.0225231
0.0237342
0.0231633
0.0206025
0.0201326
0.0214878
0.0198623
0.0191483
0.0196626
0.0193966
0.0187113
0.0177961
0.018958
0.0193033
0.0183827
0.0172769
0.0170416
0.0184276
0.0166512
0.0181885
0.0163369
0.0166807
0.0157395
0.0161105
0.0150085
0.0154148
0.0160667
0.0157957
0.0175168
0.014188
0.0138526
0.0139207
0.0138851
0.0144627
0.014417
0.0145809
0.0143468
0.0142222
0.0129288
0.0133169
0.0125282
0.0136493
0.0124693
0.0133213
0.0130704
0.0121849
0.0120162
0.0119989
0.0125154
0.0124087
0.0114861
0.0121069
0.0112858
0.0112873
0.0117201
0.0109623
0.0104238
0.0100625
0.011108
0.0101312
0.0110483
0.0108837
0.0107536
0.0100103
0.00945533
0.00990434
0.00953807
0.0100473
0.0103022
0.00988745
0.00923594
0.010136
0.0096805
0.0087532
0.00928795
0.010214
0.00905083
0.00893168
0.00888585
0.00919516
0.00892066
0.00904899
0.00842602
0.0078675
0.00846683
0.007623
0.00759408
0.00830238
0.00800033
0.0082328
0.00770511
0.00779554
0.00806305
0.00804755
0.00710544
0.00736126
0.00804206
0.00735107
0.00752239
0.00720198
0.00742719
0.00713762
0.00712037
0.00677561
0.00646318
0.0069987
0.00689043
0.00690479
0.00715083
0.00664213
0.00684251
0.00650524
0.00644857
0.00613739
0.00638361
0.00648941
0.00628323
0.00554711
0.00625393
0.00575524
0.00615228
0.00586125
0.00618606
0.00569485
0.00593881
0.00545149
0.00536468
0.00569613
0.00572147
0.00524612
0.00536773
0.00543213
0.00520716
0.00512267
0.00514593
0.00510028
0.00538104
0.00515058
0.0051786
0.00500815
0.00514175
0.00472716
0.00502417
0.00502577
0.00479027
0.00461175
0.00475424
0.00436925
0.00464928
0.00461994
0.00454871
0.0044481
0.00422218
0.00412573
0.00423098
0.00432408
0.00429056
0.00416215
0.0039038
0.00413212
0.00407671
0.00395778
0.00393628
0.00386518
0.00382142
0.00367817
0.00403024
0.00344576
0.00352316
0.00358394
0.0036383
0.00363923
0.00319631
0.00316572
