n=32
J=0.707107
eta=1
mu=0.035443
beta-optimal=0
max-overlap=0
0.850999
0.291824
0.11582
0.0755166
0.0803016
0.0567032
0.0766759
0.0484318
0.0626609
0.0408819
0.0617746
0.0584615
0.0316115
0.0292772
0.029226
0.0396418
0.0283599
0.0293601
0.0229023
0.0290997
0.0254209
0.0324191
0.0228557
0.0196175
0.0230476
0.0241349
0.0263848
0.0174215
0.0224332
0.0123148
0.0175032
0.0136051
0.0224573
0.0120115
0.0120517
0.0133902
0.0112553
0.0113561
0.0175334
0.0085236
0.0107843
0.00990437
0.00902675
0.0102168
0.00835061
0.0137976
0.00869193
0.00908362
0.00791227
0.00846948
0.0153659
0.00691353
0.00671993
0.00829395
0.00661107
0.00640528
0.00616339
0.00575152
0.00560686
0.00696973
0.00540265
0.00562194
0.00825621
0.00475471
0.00398737
0.00546043
0.00515139
0.00466463
0.00458662
0.00602276
0.00458446
0.00533268
0.00434169
0.00523434
0.00482517
0.00289909
0.00367276
0.00513978
0.00467757
0.00367693
0.00487949
0.0037766
0.00373817
0.00385966
0.00298808
0.00399452
0.00352417
0.00480398
0.0029379
0.00298192
0.00314971
0.00333989
0.00347376
0.00256314
0.00336983
0.00290633
0.00283388
0.00259954
0.00313448
0.00268101
0.00214884
0.00351144
0.00265636
0.00224331
0.00210621
0.00380155
0.00219326
0.00276526
0.0026152
0.00184724
0.00187967
0.00189697
0.00204586
0.0028149
0.00209652
0.00245621
0.00190756
0.00173992
0.00212496
0.00236469
0.00176248
0.00190492
0.00147832
0.00195437
0.00158705
0.00226044
0.00189636
0.00162297
0.00179787
0.00152652
0.00190258
0.00178912
0.00149354
0.00150248
0.00156024
0.00165678
0.00166338
0.00142145
0.00143308
0.00135718
0.00188005
0.00154459
0.00156754
0.00109343
0.00140838
0.00130966
0.00154007
0.00139522
0.00144911
0.00120402
0.00137107
0.00117471
0.00131157
0.00137332
0.00128241
0.00166479
0.00100421
0.00137068
0.00119431
0.0010388
0.0012763
0.00119172
0.000963534
0.00100093
0.0011055
0.000933346
0.000904322
0.00126174
0.00137723
0.00122705
0.00104988
0.00101156
0.000814509
0.000857844
0.000849777
0.000864415
0.000672048
0.000795255
0.000793592
0.000845583
0.00090372
0.0010244
0.000893054
0.00125324
0.000867155
0.000955677
0.000779831
0.000642603
0.000785833
0.000825352
0.000598621
0.000737815
0.000834269
0.000852246
0.000925267
0.000859608
0.00083452
0.000637229
0.000689941
0.000758913
0.00074093
0.000753246
0.000770461
0.000707867
0.000749119
0.000749586
0.000703603
0.00061074
0.000557023
0.00067486
0.000635252
0.000598823
0.000660633
0.000509417
0.000647543
0.000568436
0.000800356
0.000545046
0.000634967
0.000538975
0.000593911
0.000543488
0.000466196
0.00059342
0.000525053
0.000676172
0.000533141
0.000592711
0.000621063
0.000515601
0.000497861
0.000596634
0.000617953
0.000588078
0.000518091
0.000481023
0.000451869
0.000465
0.000469204
0.000537692
0.000444177
0.000508564
0.000521195
0.000448858
0.000412101
0.000467063
0.000400611
0.000458511
0.000450096
0.000346943
0.000376181
0.000457449
0.000457456
0.000392829
0.000423424
0.000335946
