n=32
J=0.707107
eta=1.01266
mu=0.0101266
beta-optimal=0
max-overlap=0
0.000151704
0.000262504
0.000783107
0.000204143
0.000115332
0.000437051
0.00034957
8.56537e-06
0.00120354
1.25901e-05
0.000184623
0.000150614
0.000135731
0.000251401
0.000552103
0.000250728
6.01765e-05
1.23903e-05
4.59939e-05
3.83354e-05
0.000264756
0.00016489
9.1647e-05
3.59582e-05
0.000269338
0.000263699
6.06548e-07
0.000193471
1.24992e-06
0.000456418
7.80986e-05
0.000128075
5.9952e-05
9.41465e-05
0.000453895
0.000102444
3.21173e-05
0.000252858
6.52445e-06
0.000116308
2.0048e-05
0.000320645
3.65084e-05
0.000119394
6.61824e-05
1.52828e-05
1.94922e-05
6.59306e-06
6.37725e-05
0.000175447
3.38101e-05
2.77395e-05
5.49607e-05
9.70674e-05
2.10901e-05
4.5688e-06
4.37542e-05
0.000216548
0.000105861
6.79227e-07
0.000186413
3.07e-05
7.17623e-05
0.000125456
2.99546e-05
0.000107699
4.88029e-05
5.99292e-05
1.37194e-07
1.03101e-05
8.93861e-05
2.40799e-06
7.43425e-05
5.30721e-05
2.75737e-05
3.5698e-05
6.21934e-05
3.41875e-05
8.84159e-05
3.83571e-05
1.68618e-05
2.99295e-05
2.78771e-05
0.000167232
2.67732e-05
1.46615e-05
7.65918e-05
1.70224e-05
2.79987e-05
0.000135245
6.64108e-05
4.84899e-05
5.95638e-05
0.000177869
0.000135025
3.8386e-05
0.000115806
1.03707e-05
6.76061e-06
2.0629e-05
1.13879e-05
0.000132714
1.80793e-05
6.60066e-06
2.30507e-06
1.19683e-05
7.34487e-06
3.37668e-05
2.5745e-05
5.7067e-05
1.13729e-05
1.18528e-06
8.12496e-05
0.000118111
2.90284e-06
1.80189e-05
5.91277e-05
2.13561e-06
1.27619e-05
8.06916e-05
4.06803e-05
1.34326e-05
8.17824e-06
3.89907e-05
8.53005e-06
2.4718e-06
3.4835e-05
5.85837e-05
1.01439e-05
3.19881e-07
3.76406e-05
1.58923e-05
3.0132e-05
4.08577e-06
6.34252e-06
6.88709e-06
1.34168e-05
4.98066e-05
1.28441e-06
2.66894e-06
9.99258e-05
0.000103232
1.49033e-05
8.88077e-06
1.21937e-05
3.14654e-06
4.01541e-05
2.07672e-05
2.25133e-05
2.41126e-05
1.14172e-05
1.90448e-05
1.05218e-05
1.37719e-05
1.96033e-05
7.67936e-05
8.72078e-05
3.08733e-06
4.2692e-05
0.000226706
3.92321e-07
2.1744e-05
1.74949e-05
3.01181e-05
2.45924e-05
5.99387e-06
4.46992e-06
4.93386e-06
1.84325e-05
2.12289e-06
5.55091e-05
8.44376e-05
2.05218e-05
0.00012516
8.72548e-06
7.8817e-06
1.7231e-05
3.14194e-06
0.000109647
1.98538e-06
3.75551e-05
3.83412e-05
3.5123e-05
2.95107e-05
1.10529e-05
4.63776e-05
5.07577e-06
1.98984e-05
5.26388e-06
0.000146726
1.55919e-05
5.34246e-07
7.65361e-05
2.35328e-06
1.2812e-05
5.90751e-06
8.82935e-05
6.08098e-06
2.20869e-05
1.5718e-06
2.35729e-06
6.11994e-05
3.34009e-05
8.05675e-06
2.49133e-05
3.32392e-05
2.05741e-05
1.6246e-06
9.45278e-06
6.28052e-05
8.65895e-06
1.07425e-05
4.93428e-06
1.50458e-05
2.60241e-06
2.01459e-05
0.000120881
2.6821e-06
2.00563e-05
0.00011006
3.019e-05
3.37045e-06
1.32523e-05
3.92604e-06
5.56223e-06
5.72305e-05
7.59526e-06
2.45061e-05
0.000126519
8.13974e-06
1.70715e-05
2.0004e-05
4.16752e-05
7.31031e-06
3.78649e-06
5.02134e-06
1.19639e-05
6.79402e-06
2.92344e-05
2.72525e-06
1.24233e-05
0.000127087
9.30814e-06
1.41201e-07
9.5841e-06
0.000128916
9.82493e-06
4.14147e-05
5.81937e-06
5.61075e-05
5.23647e-05
1.67997e-05
3.78119e-06
4.26585e-05
1.22123e-05
6.11885e-07
