n=32
J=0.707107
eta=1.11392
mu=0.0531646
beta-optimal=0
max-overlap=0
2.27337e-11
4.21879e-12
1.76538e-11
8.67281e-12
1.75689e-11
8.55421e-12
6.81379e-12
9.79081e-12
7.04748e-12
1.23176e-11
1.42242e-11
7.27348e-12
8.60915e-12
4.84069e-12
4.27618e-12
1.92893e-12
1.08802e-11
3.89893e-12
7.87871e-12
2.74547e-12
2.22636e-12
1.9202e-12
4.17759e-12
6.32866e-12
5.03148e-12
4.79758e-12
4.52771e-12
3.48971e-12
4.99805e-12
4.50486e-12
5.70953e-12
1.19795e-12
3.0267e-12
2.48271e-12
8.5378e-13
3.03219e-12
6.31313e-13
4.28749e-12
5.38942e-12
3.00947e-13
3.97441e-12
3.06735e-12
6.70967e-13
1.06445e-12
4.74083e-12
1.86348e-12
4.23514e-12
1.18195e-12
1.2541e-12
1.31042e-12
9.73359e-13
2.51016e-12
1.98803e-12
2.59147e-12
3.45132e-12
1.23529e-12
1.37712e-12
4.16284e-12
2.48551e-12
2.1132e-12
2.03397e-12
3.58168e-12
8.48829e-14
1.54904e-12
3.35838e-12
1.4226e-12
2.5046e-12
1.38765e-12
3.05611e-12
7.04312e-13
1.97899e-12
1.70869e-12
1.68113e-12
8.31119e-13
1.49337e-12
2.27099e-13
1.47344e-12
9.05885e-13
3.18183e-13
3.28932e-12
9.23745e-13
1.57701e-12
1.86567e-13
1.66545e-12
2.89503e-13
8.54057e-13
1.08172e-12
1.24736e-12
1.01394e-12
4.85848e-13
1.05969e-12
1.25929e-12
1.48213e-12
1.44158e-12
7.11693e-13
8.12433e-13
1.51336e-13
1.42845e-12
4.34442e-13
7.88388e-13
1.36313e-12
1.58454e-12
1.01661e-12
6.50007e-13
6.65343e-13
3.38154e-13
1.82177e-12
1.81865e-12
1.03368e-12
1.49201e-12
6.93551e-13
2.06863e-12
1.25648e-12
6.15858e-13
8.37402e-13
6.90349e-13
1.70601e-12
8.21039e-13
7.7791e-13
5.4268e-13
9.40532e-13
1.98388e-13
7.28277e-13
1.59429e-12
1.28936e-12
3.97247e-13
9.98684e-13
2.26781e-12
1.61575e-12
7.81532e-13
5.41771e-13
8.71458e-13
3.02173e-13
3.55835e-13
1.10317e-12
9.49724e-13
5.39137e-13
1.09954e-12
9.5349e-13
1.1009e-12
8.24325e-13
3.0217e-13
1.19785e-12
1.20055e-12
4.92218e-13
6.25287e-14
1.30818e-12
7.79827e-13
6.20748e-13
5.39164e-13
1.36336e-12
8.49309e-13
1.14134e-12
5.98155e-13
4.64577e-13
1.17609e-12
5.41939e-13
2.23772e-12
1.05697e-12
1.09935e-12
1.0206e-12
9.76544e-13
2.72229e-13
9.72598e-13
2.92172e-13
3.78172e-13
1.12501e-12
6.82312e-13
1.10777e-12
1.29613e-12
4.39405e-13
8.40217e-13
1.7795e-13
5.45838e-13
7.03419e-13
9.82065e-14
7.11395e-13
8.0625e-13
1.5057e-12
2.75789e-13
2.17889e-13
2.64666e-13
5.20194e-13
1.35059e-12
8.05177e-13
7.67869e-13
1.04494e-12
2.85371e-13
1.68142e-13
6.44168e-13
1.24407e-12
7.62694e-13
2.58174e-13
6.89959e-13
8.84015e-13
3.24672e-13
3.04301e-13
6.39202e-13
1.14624e-12
1.84203e-12
9.89549e-13
1.01047e-12
4.20834e-13
3.82752e-13
1.06352e-12
1.16037e-12
5.0466e-13
9.80431e-13
7.0739e-13
4.86519e-13
8.35665e-13
2.37988e-12
1.19641e-12
2.32494e-13
7.68066e-13
3.08656e-13
4.87223e-13
7.71914e-13
1.83664e-13
4.12448e-13
2.7816e-13
4.50323e-13
9.04318e-13
5.00094e-13
9.42775e-13
1.43988e-12
2.44194e-14
1.13886e-12
4.48551e-13
5.21214e-13
8.56544e-13
4.56492e-13
8.44881e-13
5.41503e-13
4.89107e-13
4.06316e-13
1.14067e-13
7.22409e-13
6.71604e-13
5.21799e-13
2.82132e-13
1.69293e-13
1.61332e-12
5.3344e-13
4.79863e-13
7.92636e-13
1.28891e-12
3.25591e-13
7.45718e-13
5.36362e-13
5.75211e-13
6.6268e-13
5.55388e-13
8.26486e-13
6.74856e-13
5.25673e-13
