n=32
J=0.707107
eta=1.03797
mu=0.0632911
beta-optimal=0
max-overlap=0
0.00367537
0.00527139
0.00481758
0.00285656
0.00248255
0.00107448
0.00721806
0.00258837
0.00308131
0.00469775
0.00157949
0.0027549
0.0059077
0.00178994
0.002449
0.00220182
0.00146688
0.00249543
0.000977723
0.000993974
0.0044588
0.00148716
0.00157488
0.000177241
0.000937807
0.00081303
0.00147839
0.000361575
0.000986233
0.000349982
0.00186139
0.000433788
0.00124015
0.00188462
0.00108935
0.000753937
3.47067e-05
0.00104651
0.00101999
0.00158752
0.000197527
0.000713577
0.000272783
0.00153689
0.00169396
0.000262369
0.000272017
0.000646567
0.000727385
0.000354542
0.000740989
0.00122946
0.000281649
0.000375506
0.00146238
2.87635e-05
0.000305347
0.000235493
0.00105105
0.00066353
0.00133094
0.000553194
0.000505112
0.000106426
0.000561193
0.00140546
5.5556e-05
0.000317728
0.000580036
0.00083099
0.000397333
5.45801e-05
5.29576e-05
0.000400552
0.000140428
0.000430678
0.00012413
0.000396315
0.000514956
0.00067715
0.000372184
0.000890316
0.000320601
0.000771425
0.000686235
8.51504e-05
0.000912852
2.59627e-05
0.000177019
0.000439039
0.000405073
0.000329883
0.000427876
0.00039661
6.5195e-06
0.000409246
0.000107561
0.00048897
0.000212622
1.09267e-05
0.000395678
0.000391524
0.000537828
1.60296e-05
0.000348342
0.000197853
3.13372e-05
0.000378467
0.000205166
0.000145502
0.000350267
0.000464721
0.000489903
0.000787558
0.000356027
0.000350327
0.000114994
0.000577867
0.00030485
0.00038085
0.000438369
0.00031254
0.00017129
0.000528485
8.52391e-05
0.000609616
0.000552484
1.00387e-05
6.55215e-05
8.5308e-05
8.8989e-05
0.000307765
0.000152132
0.000348248
0.000288978
0.000471206
5.32031e-05
0.000198629
0.000190274
0.000127278
0.000126772
0.000370177
0.000385682
0.000497204
0.000110704
0.000703142
8.26295e-05
0.000251882
0.00027573
8.70651e-05
0.000174444
2.89254e-05
2.16924e-05
0.00034889
7.90277e-05
0.000179776
8.56158e-05
0.000453373
0.000357157
3.57791e-05
0.000231671
0.000147084
5.05453e-05
7.28193e-05
0.000427868
7.97691e-05
0.000127488
3.25089e-05
0.000495044
7.2739e-05
0.000290466
0.000161925
0.000317772
0.000376714
0.000115391
0.000122105
0.00013063
0.000266459
0.00033686
0.000468545
0.000108901
9.98865e-05
0.000472867
0.000353546
0.000279323
0.000593705
0.00010105
9.37664e-06
2.86186e-05
3.72177e-05
6.77044e-05
0.00025559
0.000384008
4.0984e-05
0.000130628
0.000164151
0.000206463
8.26678e-05
0.000119606
9.79464e-05
8.48924e-05
0.000179167
0.000159709
0.000169987
6.95123e-05
2.82996e-06
0.000299973
0.000119575
7.90338e-05
0.000307226
0.000142594
0.000143113
4.21779e-05
0.000248259
8.11063e-05
0.000136532
0.000149037
0.000186929
3.75394e-05
0.000239365
0.000122878
0.000186804
3.45201e-06
0.000191257
0.000243228
0.00038476
0.000132684
0.000120218
3.02204e-05
2.79263e-05
0.000104675
3.55626e-05
0.000189292
0.000145607
6.46348e-05
0.000191601
6.59556e-05
6.08636e-05
0.000141058
6.30436e-06
0.000197882
4.56853e-05
0.000339294
0.000244225
0.000233047
2.96029e-05
0.000269506
0.000233801
9.02945e-05
3.47709e-05
6.59462e-05
0.000126428
5.95838e-05
0.00018123
2.29191e-05
5.13681e-05
