n=32
J=0.707107
eta=1.03797
mu=0.00759494
beta-optimal=0
max-overlap=0
4.86538e-12
9.79581e-12
2.20454e-12
2.69066e-12
4.82201e-12
4.98461e-12
3.59458e-12
8.58381e-13
1.80234e-12
1.55414e-12
1.14063e-12
3.46686e-12
1.35884e-12
3.31277e-12
3.31928e-12
3.00772e-12
5.72945e-12
2.55713e-12
2.74117e-12
1.92939e-12
9.08812e-12
2.78689e-12
1.66376e-12
6.75772e-13
8.49265e-13
4.99323e-13
4.55546e-13
2.04615e-12
2.89152e-12
5.31093e-13
5.29234e-13
1.35287e-12
1.33758e-12
4.54203e-13
1.22719e-12
1.37509e-12
1.24668e-12
4.22695e-13
4.57391e-13
5.7672e-13
4.88013e-13
7.02857e-13
2.26618e-12
1.2112e-13
6.97809e-13
5.84987e-14
4.45318e-13
9.13478e-13
3.0529e-13
1.10209e-12
7.9614e-13
1.58116e-12
2.26337e-13
5.84425e-13
4.84716e-13
2.56201e-12
7.54305e-13
7.00333e-13
7.58206e-13
6.1735e-13
3.20966e-13
7.76197e-13
8.08276e-13
3.8487e-13
1.92652e-13
1.91363e-13
2.21966e-13
2.68473e-13
3.36304e-13
6.86896e-13
2.70676e-13
1.26654e-13
4.30218e-13
3.42581e-13
5.00067e-13
7.04663e-13
1.67435e-13
2.2976e-13
3.7264e-13
7.26278e-13
1.12312e-13
1.60796e-13
1.95997e-13
5.58184e-13
3.99013e-13
1.1923e-13
1.5275e-13
2.50931e-13
2.98793e-13
1.67524e-13
5.57629e-13
6.62182e-13
1.66218e-13
2.91539e-13
3.21676e-13
3.65879e-13
6.64624e-13
1.31215e-13
1.08309e-13
5.13351e-14
1.67644e-13
1.34095e-12
1.73218e-12
1.27978e-12
4.7242e-13
1.2212e-12
9.34538e-13
5.04833e-13
7.80954e-13
1.12429e-13
2.39045e-13
8.17939e-13
2.36399e-13
7.36023e-13
2.06616e-13
2.18564e-13
7.98591e-13
2.03618e-13
1.84058e-13
3.25097e-13
1.5992e-13
4.05632e-13
2.6325e-13
8.50546e-14
2.39108e-13
1.8659e-13
8.92138e-14
6.06315e-13
1.85661e-13
1.86158e-13
2.39151e-13
2.48194e-13
3.33258e-13
1.04139e-13
3.16653e-13
9.32098e-14
5.62604e-13
2.30196e-13
4.66225e-13
1.23001e-13
1.26741e-13
4.12737e-13
4.58148e-13
1.83905e-13
3.19107e-13
1.62231e-13
4.91938e-14
3.19645e-13
8.16923e-14
5.83244e-13
1.96317e-13
2.50345e-13
1.30895e-13
2.06946e-13
7.62632e-14
8.99421e-14
2.05353e-13
3.08259e-13
5.90843e-13
6.6548e-13
1.43679e-12
4.36214e-13
1.79367e-13
1.79916e-13
2.40152e-13
1.56602e-13
1.12864e-13
6.83843e-14
5.68909e-14
2.5048e-13
2.78975e-13
9.21528e-14
5.76741e-14
3.69014e-13
1.13144e-13
1.4183e-13
2.4894e-13
1.29451e-13
4.87265e-13
4.21568e-13
3.4493e-13
1.63178e-13
5.01104e-14
9.02601e-14
2.9081e-13
2.16951e-13
1.01609e-13
1.59531e-13
4.90822e-13
4.20429e-14
1.30009e-13
1.69724e-13
1.16806e-13
7.59661e-14
1.9462e-13
6.51961e-14
8.83111e-14
1.05891e-13
1.05571e-13
1.49909e-13
1.55972e-13
1.9031e-13
2.13785e-13
6.19288e-13
2.21749e-13
4.24736e-13
7.86588e-13
1.42427e-12
3.35947e-13
3.05986e-13
2.32365e-13
1.32949e-13
1.08656e-13
9.0297e-14
1.78015e-14
2.65736e-13
1.34522e-13
1.12351e-13
1.28951e-13
1.05005e-13
1.86762e-13
5.59161e-14
1.23918e-13
3.15005e-14
9.27006e-14
2.85871e-13
4.58648e-13
7.84531e-14
1.64859e-13
2.78352e-13
3.88301e-13
9.48325e-14
1.91412e-13
1.60826e-13
2.08532e-13
1.47008e-13
9.96788e-14
4.72755e-13
1.43179e-13
7.35475e-13
3.40116e-13
2.81919e-13
1.62575e-13
9.11017e-14
3.22746e-13
2.00759e-13
1.92391e-13
1.79089e-13
1.64111e-13
1.54673e-13
1.10581e-13
1.60414e-13
6.73431e-13
1.22106e-12
1.35001e-13
3.06488e-13
