n=32
J=0.707107
eta=1.82278
mu=0.126582
beta-optimal=0
max-overlap=0
1.49136e-12
1.03423e-12
8.12441e-13
1.0288e-12
8.93412e-13
8.69697e-13
9.30024e-13
1.08192e-12
1.56398e-12
2.66911e-12
1.44417e-12
2.92025e-13
6.20158e-13
4.70756e-13
1.9187e-12
5.72518e-13
1.30847e-12
9.29366e-13
1.72598e-12
5.30759e-13
2.13008e-13
5.07473e-13
6.79992e-13
7.60904e-13
1.21269e-12
2.57549e-13
7.84407e-13
1.79788e-13
9.55437e-13
5.22761e-13
1.30648e-12
3.15712e-13
1.49698e-12
3.22028e-13
1.01888e-12
3.17635e-13
1.84155e-12
6.5486e-13
3.37816e-13
7.46825e-13
7.18698e-13
4.61085e-13
2.12569e-13
3.34288e-13
6.18446e-13
1.11385e-12
1.01771e-12
4.81471e-13
9.78535e-13
6.42081e-13
3.62675e-13
5.90236e-13
2.28835e-13
2.63787e-13
5.17249e-13
5.79022e-13
3.78117e-13
2.80168e-13
8.59493e-13
5.45826e-13
1.32291e-12
4.0522e-13
6.65942e-13
1.62021e-13
8.92747e-13
1.7489e-13
2.14116e-13
5.08702e-13
7.97819e-13
3.8465e-13
7.72516e-13
1.15876e-13
3.31355e-13
5.38577e-13
4.05851e-13
4.65274e-13
5.29532e-13
2.85382e-13
9.76876e-13
4.80763e-13
9.81331e-13
9.49528e-13
2.65696e-13
6.96205e-13
2.92659e-13
7.25768e-13
5.70108e-13
9.96875e-13
6.30789e-13
1.51877e-13
3.95812e-13
4.07062e-13
6.91742e-13
5.46718e-13
5.23164e-13
2.84234e-13
1.77315e-13
1.9032e-13
1.63994e-13
3.06372e-13
6.91167e-13
6.81154e-13
2.09622e-13
3.38962e-13
1.18041e-13
2.37899e-13
1.07878e-12
2.4395e-13
5.14871e-13
4.38597e-13
3.20825e-13
4.28229e-13
5.41584e-13
6.88963e-14
4.98208e-13
1.71684e-13
1.52301e-13
3.32618e-13
1.47466e-13
2.47195e-13
1.48603e-13
3.00281e-13
8.18298e-13
2.78328e-13
4.58742e-13
6.36783e-13
5.47791e-13
3.73079e-13
7.03536e-14
4.39779e-13
3.26175e-13
2.72695e-13
2.62677e-13
4.6555e-13
7.81643e-13
2.00201e-13
2.77358e-13
1.87303e-13
2.09067e-13
3.6012e-13
1.54661e-13
3.76023e-13
6.22958e-13
2.12507e-13
2.78147e-13
3.35444e-13
8.77845e-14
2.11001e-13
2.2027e-13
1.39387e-13
4.82592e-13
2.28259e-13
6.02067e-13
2.52436e-13
3.97121e-13
4.94386e-13
2.45663e-13
3.29524e-13
1.50248e-13
8.49242e-13
3.69708e-13
2.53425e-13
3.46615e-13
4.69284e-13
2.70096e-13
1.96559e-13
2.13355e-13
4.10972e-13
3.55004e-13
4.73775e-13
1.95188e-13
4.26047e-13
4.34565e-13
6.41027e-14
7.42517e-13
1.51204e-13
2.45051e-13
2.67026e-13
2.45054e-13
7.66316e-13
1.70908e-13
2.82562e-13
3.86222e-13
5.07727e-13
3.87727e-13
1.79412e-13
8.60616e-13
1.13709e-13
3.91176e-13
1.89415e-13
3.27491e-13
2.56336e-13
2.19446e-13
7.52178e-13
5.87386e-13
4.1793e-13
5.60051e-13
2.10982e-13
3.4106e-13
2.69727e-13
4.66051e-13
7.14007e-14
2.27778e-13
5.55359e-13
9.48069e-13
1.71936e-13
2.7384e-13
1.19523e-14
3.0361e-13
2.44091e-13
4.72032e-13
6.1794e-14
5.04709e-13
1.59698e-13
3.90779e-13
4.35429e-13
1.62385e-13
3.45195e-13
3.20805e-13
1.02522e-13
3.44851e-13
2.64086e-13
2.33215e-13
2.10547e-13
1.61717e-13
2.10824e-13
2.50411e-13
2.48858e-13
4.30684e-13
5.97938e-13
2.71344e-13
3.99658e-13
2.57598e-13
5.88997e-14
1.50235e-14
2.90534e-13
2.06476e-13
1.63153e-13
4.88333e-13
3.73497e-13
2.17828e-13
2.65853e-14
2.06671e-13
2.56534e-13
2.22281e-13
1.58462e-13
2.0432e-13
1.90825e-13
5.54706e-13
9.83893e-13
2.10454e-13
6.96738e-13
2.77833e-13
3.93197e-13
4.39161e-13
4.62e-13
