n=32
J=0.707107
eta=1
mu=0.0860759
beta-optimal=0
max-overlap=0
0.352712
0.295632
0.278454
0.235141
0.221692
0.208398
0.201035
0.185135
0.17225
0.153769
0.17163
0.166222
0.144657
0.135243
0.126539
0.114082
0.100526
0.102246
0.0940428
0.0976849
0.109103
0.0944135
0.0881745
0.0882421
0.0880696
0.0859934
0.0835821
0.0759552
0.0711463
0.0744701
0.0701303
0.0644269
0.0643627
0.0715305
0.0624213
0.0615297
0.0572901
0.055856
0.0600872
0.0506499
0.0511488
0.0511099
0.0501201
0.0524397
0.0447413
0.0432584
0.0464803
0.0411054
0.0407846
0.040914
0.0365879
0.0397523
0.0411315
0.0383626
0.0368226
0.041225
0.0388646
0.0350252
0.0358424
0.0348524
0.0330146
0.0334051
0.0329588
0.0335446
0.0342634
0.0295943
0.02943
0.0331324
0.0303744
0.027342
0.0287954
0.0302471
0.0304454
0.0272556
0.027559
0.0266426
0.0251031
0.0257524
0.0272465
0.0252873
0.0272213
0.0247512
0.022817
0.0224593
0.0220709
0.022643
0.0219077
0.0196797
0.0230571
0.0202897
0.0219539
0.0201312
0.0208106
0.0195993
0.0207468
0.0212844
0.0184738
0.0186816
0.018354
0.0178909
0.019936
0.0173621
0.019529
0.0177085
0.0177731
0.0162532
0.0167503
0.0162718
0.0157181
0.0175768
0.0177763
0.0169112
0.0167176
0.0164121
0.0172943
0.0153005
0.0154933
0.0145721
0.0152362
0.0157159
0.0150202
0.0143533
0.0137711
0.014343
0.014636
0.0151229
0.0138669
0.0130122
0.0133808
0.0135633
0.0129939
0.0131906
0.0123261
0.0121018
0.012672
0.0122695
0.0122962
0.0118476
0.0114351
0.0112294
0.0116828
0.0114924
0.0118298
0.011275
0.0105886
0.0100808
0.0101951
0.0113219
0.0109512
0.0100849
0.0106234
0.0107851
0.0104618
0.0107151
0.0102072
0.0103665
0.0101163
0.00987691
0.00963659
0.00927784
0.00958858
0.00913211
0.00865857
0.00898764
0.0092287
0.00928502
0.00875206
0.00952691
0.00887574
0.00898717
0.00892213
0.00807016
0.00890585
0.008665
0.00791269
0.00838502
0.00781648
0.00735277
0.00868019
0.00763004
0.00730326
0.00764338
0.00749676
0.00767624
0.00749635
0.00691599
0.00753798
0.00702486
0.00710197
0.00712373
0.0070494
0.00690719
0.00660064
0.00701704
0.00702913
0.00669288
0.00687407
0.00669333
0.00642791
0.00665697
0.0064774
0.00602423
0.00626974
0.0063587
0.00614471
0.00620514
0.0059058
0.00632536
0.0064304
0.00590256
0.00641411
0.00573911
0.0060724
0.005769
0.00588947
0.00551524
0.00550087
0.00507394
0.00561994
0.00517114
0.005795
0.00558446
0.0050097
0.00503353
0.00560161
0.00507825
0.00498482
0.00513447
0.00506545
0.00483779
0.00491583
0.00509552
0.00467197
0.00480063
0.00481663
0.0044218
0.00463257
0.00486159
0.00431422
0.00460864
0.00443709
0.004418
0.00438278
0.00436873
0.00400358
0.00417506
0.00417768
0.00375827
0.00381169
0.00388657
0.00391881
0.00382176
0.0037524
0.00363203
0.00338007
0.00341252
