n=32
J=0.707107
eta=1.94937
mu=0.139241
beta-optimal=0
max-overlap=0
1.86618e-12
1.42092e-12
8.3497e-13
1.41508e-12
8.2243e-13
8.64802e-13
1.01664e-12
1.79376e-12
9.24104e-13
2.81276e-12
1.30893e-12
4.86345e-14
9.40104e-13
2.73558e-13
1.98849e-12
8.01666e-13
2.52362e-12
1.37698e-12
9.69897e-13
7.58231e-13
1.41057e-12
6.27243e-13
3.18945e-13
5.04026e-13
1.26127e-12
5.96119e-13
8.4565e-13
6.01303e-13
9.90658e-13
9.4452e-13
1.29672e-12
7.0997e-13
1.88994e-12
1.75434e-13
4.03486e-13
1.4898e-13
2.00905e-12
9.01306e-13
3.40847e-13
8.24685e-13
9.63642e-13
1.27243e-13
1.15608e-13
6.52372e-13
2.28874e-13
8.69481e-13
1.61678e-12
2.02631e-13
6.76699e-13
2.7526e-13
5.59245e-13
3.22497e-13
1.06818e-14
1.56738e-13
6.95068e-13
7.13917e-13
1.08004e-13
3.70627e-13
4.24831e-13
5.00852e-13
1.45671e-12
4.20835e-13
3.99926e-13
2.02001e-13
9.51516e-13
5.05097e-13
4.19544e-13
4.89444e-13
5.1955e-13
6.38187e-13
8.64467e-13
6.39348e-14
4.64317e-13
5.63579e-13
1.85222e-13
6.15003e-13
8.29186e-13
1.30806e-13
8.56277e-13
4.85752e-13
9.03794e-13
7.18675e-13
3.48743e-13
4.54393e-13
2.05349e-13
3.83268e-13
5.62248e-13
6.17289e-13
7.58043e-13
2.78212e-13
3.97834e-13
6.66213e-13
7.57992e-13
6.06101e-13
3.20786e-13
2.97621e-13
1.97547e-13
1.89374e-13
1.40557e-13
2.55858e-13
5.44165e-13
6.69805e-13
2.25495e-13
5.01804e-13
1.087e-13
1.82747e-13
8.04402e-13
1.39151e-13
6.20241e-13
1.38936e-13
3.01391e-13
6.72993e-13
5.31361e-13
2.17967e-13
5.01414e-13
1.36236e-13
1.19681e-13
1.80286e-13
1.81388e-13
4.18737e-13
1.91335e-13
2.89958e-13
8.58272e-13
4.87317e-13
2.11999e-13
6.1225e-13
5.88497e-13
4.53962e-13
1.3286e-13
3.33012e-13
4.62744e-13
2.11856e-13
1.51863e-13
3.14651e-13
5.99175e-13
2.73242e-13
1.62638e-13
5.25391e-14
1.21462e-13
4.84757e-13
2.09228e-13
2.7322e-13
3.47903e-13
2.2107e-13
1.67911e-13
5.03182e-13
1.72832e-13
1.92751e-13
3.13378e-13
1.88025e-13
4.56819e-13
3.56164e-13
5.12383e-13
1.18513e-13
4.76904e-13
3.56974e-13
2.51307e-13
1.28126e-13
1.44928e-13
8.75338e-13
9.09204e-14
1.64355e-13
2.81313e-13
5.49669e-13
4.55914e-14
3.50197e-13
1.8896e-13
5.71903e-14
4.34747e-13
4.5025e-13
2.62171e-13
2.09469e-13
1.4552e-13
3.00867e-13
2.79627e-14
3.95756e-13
1.3162e-13
2.52095e-13
4.07015e-13
8.54812e-14
8.29137e-14
3.52077e-13
3.51045e-13
1.65228e-13
3.6555e-13
4.57026e-13
5.6659e-13
3.98342e-13
7.32528e-13
2.99598e-13
2.26812e-13
1.33186e-13
4.02716e-13
4.3785e-13
5.58743e-13
3.09317e-13
2.21992e-13
1.88396e-13
6.10382e-13
2.44606e-13
2.05312e-13
8.19552e-14
1.72384e-13
2.18732e-13
7.03856e-13
1.8532e-13
3.65869e-13
7.53635e-14
1.02868e-13
2.2718e-13
5.51994e-13
1.89e-13
2.23238e-13
2.99759e-13
4.23217e-13
1.93671e-13
4.04457e-14
5.16144e-13
4.20064e-13
7.73988e-14
7.96364e-14
3.20348e-13
1.86864e-13
2.77732e-13
3.31584e-13
1.93498e-13
2.21577e-13
2.18107e-13
4.7396e-13
5.29598e-13
3.01132e-13
4.73548e-13
3.44333e-13
1.8733e-13
2.21041e-13
3.16874e-13
2.72714e-13
6.57404e-14
3.42609e-13
2.45605e-13
2.12111e-13
9.62741e-14
1.54787e-13
1.0327e-13
1.91872e-13
2.08069e-13
1.08471e-13
1.36204e-13
5.89436e-13
1.00429e-12
3.14531e-13
5.02261e-13
3.91498e-13
3.2479e-13
1.45295e-13
5.54716e-13
