n=32
J=0.707107
eta=1.44304
mu=0.0734177
beta-optimal=0
max-overlap=0
0.000921948
0.00198216
2.00028e-05
0.00202672
0.000751413
0.000187616
0.000929951
1.67131e-05
0.00136846
0.000946742
0.000717387
0.000322711
0.000635499
0.000732337
0.0019937
0.00073893
0.00384512
0.000833996
0.000339566
0.00119569
0.000476563
0.000568333
0.000217558
0.000182324
0.000184547
0.000106874
0.000564604
0.0011487
0.000236343
0.0010173
0.000665028
0.000845657
0.000154443
0.000346337
0.000438224
7.54753e-05
0.000399043
0.000520322
0.000978891
0.000447873
0.000242898
0.000904908
0.000391792
0.00089936
9.70903e-05
0.000312474
0.000577146
0.000823072
0.000101176
0.000109159
0.000580911
0.000698712
0.000160604
8.81945e-05
0.000676808
0.000292263
0.000607176
0.000947864
0.00109732
0.000958073
0.000138668
0.000970431
0.000641743
6.22457e-05
0.000740758
0.000290272
0.000434976
0.000207479
0.000169436
1.376e-05
0.000107631
0.000587843
0.00011347
0.000381384
0.000591739
0.000502069
0.000647739
0.000241099
0.000311777
0.0011676
2.58827e-05
0.000261726
9.42141e-05
0.00023613
0.000100868
7.46377e-05
0.000564625
0.000107079
0.000425727
0.000136289
0.000269389
0.000337501
7.49835e-05
0.000357058
0.000304451
0.000468235
0.000330239
8.56001e-05
0.000312403
0.000175257
0.000214265
0.000311854
0.000112351
0.000134294
0.000658213
0.000118519
0.000543255
0.00021624
0.000108741
0.000417073
0.000145962
0.000567617
0.000220691
3.83465e-05
5.77399e-05
1.08983e-05
0.00022877
0.000182939
0.000138408
5.21214e-05
0.000344244
0.000142865
0.000331491
0.000460079
5.06764e-05
0.000235244
1.58759e-06
3.09648e-05
0.000385463
0.000369324
0.000414914
9.993e-05
0.000238258
2.15836e-05
0.000324268
3.72422e-06
8.51969e-05
0.000513502
0.000240679
0.000615997
0.000178544
9.67442e-05
0.000521573
3.93091e-05
6.36879e-05
0.00037609
0.000882412
0.000576923
3.2465e-05
0.000551227
5.6361e-05
0.00022074
0.000244734
0.000128142
0.000305066
0.000421783
0.000290347
0.000328255
0.000301962
0.000675535
0.000368931
3.64745e-05
0.000771543
0.000202081
0.000172103
0.000223685
0.000425193
9.51227e-05
0.000192461
0.000884467
5.2395e-05
0.000297772
0.000224157
0.000250797
2.24686e-05
0.000182551
0.000213172
3.00566e-06
0.000105042
0.00027234
0.000139196
0.000229961
0.000103258
0.000257523
7.47512e-05
0.000130867
0.000185776
0.000135514
1.53802e-06
0.000149237
0.000280551
0.000337704
0.000196492
0.000253049
0.000103977
0.000140048
0.000605328
0.000313374
0.000823783
0.00041034
1.84392e-05
6.00631e-05
9.74891e-05
0.00037418
8.07961e-05
0.000373546
0.000196884
0.000231882
8.4421e-05
0.000100649
0.000143784
0.000526694
5.43719e-05
8.49726e-05
0.00022233
0.000201526
0.000176054
9.46738e-05
0.000152114
5.0651e-05
7.58577e-05
4.14344e-05
0.000163071
0.000111968
0.000677534
1.11627e-05
0.000233799
0.000333801
4.19022e-05
5.16921e-05
0.000549993
0.000116625
0.000458569
0.000144471
2.73317e-05
7.42334e-05
0.000168542
9.88734e-05
0.000180318
0.000392614
0.000372327
0.000254158
0.00013449
6.49459e-05
0.000409045
0.000306556
0.000439381
5.25061e-05
0.00044043
0.000555141
0.000316129
0.00029462
1.28586e-05
0.000440938
0.000381197
0.000261933
