n=32
J=0.707107
eta=1.03797
mu=0.043038
beta-optimal=0
max-overlap=0
2.26372e-11
8.52376e-11
4.33081e-11
5.33835e-11
1.56916e-11
1.80546e-11
1.31494e-11
2.02003e-11
2.37336e-11
3.96246e-11
2.46991e-11
1.26225e-11
6.56167e-12
1.39442e-11
2.47412e-11
6.50881e-12
1.26343e-11
1.97717e-11
2.23878e-11
9.3502e-13
1.29536e-11
1.9021e-11
4.68567e-12
3.34077e-12
1.09578e-11
2.84225e-12
2.08979e-11
5.80045e-12
1.95145e-12
2.13125e-12
1.84036e-11
1.08304e-11
1.34914e-11
1.8357e-11
6.49047e-12
6.57711e-12
3.60879e-12
1.70406e-12
1.26122e-12
2.77202e-12
5.70151e-12
5.60705e-12
3.97684e-12
3.8473e-12
8.02815e-12
1.36479e-12
4.35279e-12
1.11442e-12
2.11966e-12
1.40606e-11
2.09167e-12
4.45602e-12
7.44087e-12
4.54609e-12
9.97153e-12
2.1265e-12
5.44397e-12
5.1917e-12
6.09442e-12
1.60102e-12
7.5452e-12
3.40932e-12
6.90359e-12
8.05882e-12
1.85495e-12
2.51457e-12
5.9991e-12
5.32225e-12
6.38175e-12
1.28551e-11
3.43412e-12
5.11364e-12
2.62771e-12
2.38082e-12
4.6625e-12
4.05016e-12
4.83183e-12
3.85765e-12
2.76315e-12
2.53202e-12
6.78568e-12
2.7773e-12
3.43889e-12
1.62555e-12
2.51878e-12
4.92853e-12
5.10759e-12
4.28681e-12
1.24714e-12
6.60883e-13
4.15975e-12
3.28389e-12
1.81278e-12
1.38012e-12
1.6768e-12
1.21691e-12
1.73079e-12
2.30334e-12
2.55831e-12
5.20278e-13
1.92274e-12
2.33519e-12
1.91047e-12
2.29702e-12
3.81814e-12
3.64861e-12
1.45815e-12
1.51006e-12
2.83108e-12
3.81367e-12
3.29901e-12
1.54519e-12
1.49286e-12
3.53597e-12
2.38273e-12
9.48817e-13
2.50732e-13
1.65422e-12
2.89611e-13
1.73429e-12
1.94806e-12
7.53783e-13
1.07813e-12
1.74022e-12
1.15651e-12
1.78332e-12
1.68611e-12
4.37649e-12
1.37177e-12
2.74521e-13
1.76325e-12
5.89736e-12
1.98502e-13
2.7773e-12
1.02873e-12
2.95215e-12
7.74072e-13
1.2538e-12
1.35665e-12
1.14099e-12
2.03005e-12
1.77992e-12
4.63409e-13
3.49897e-12
2.89206e-12
8.76888e-14
6.58898e-13
2.68373e-12
3.27686e-12
9.72099e-13
8.00919e-13
1.66551e-12
9.22738e-13
7.79671e-13
1.16534e-12
1.14074e-12
3.73892e-12
3.4742e-12
1.03722e-12
6.89428e-13
1.08956e-12
4.51452e-13
1.22311e-12
9.62966e-13
1.90265e-12
1.6877e-12
6.5725e-12
2.26647e-12
7.5586e-13
2.84351e-12
1.1721e-12
5.28079e-13
2.65713e-12
1.79644e-12
3.95434e-13
1.13534e-12
1.085e-12
9.08722e-13
1.93188e-12
4.82893e-13
1.60939e-12
2.43531e-12
4.73766e-13
3.53677e-12
1.11872e-12
2.41657e-12
1.17425e-12
7.65725e-13
1.13734e-12
1.98572e-12
4.01867e-13
1.92816e-13
3.74597e-12
9.7235e-13
4.15278e-13
1.00099e-12
2.23676e-12
2.89626e-13
1.76399e-12
1.02375e-12
6.85947e-13
1.38459e-12
1.55745e-12
8.93175e-13
2.42713e-12
3.89984e-12
1.64323e-12
1.0002e-12
1.41978e-12
2.34054e-12
1.75845e-12
7.20963e-13
2.13582e-12
7.68467e-13
4.1809e-13
7.87938e-13
1.24718e-12
2.41872e-13
1.78349e-12
2.46487e-12
6.59494e-13
4.70746e-13
1.67718e-12
2.72783e-12
1.43563e-12
2.38553e-12
5.7001e-13
1.033e-12
1.4909e-12
1.68169e-12
1.14559e-12
2.31157e-12
3.63837e-12
4.67937e-13
4.23551e-13
1.34485e-12
1.61961e-12
1.04596e-12
7.19295e-13
5.85145e-13
1.17292e-12
9.53919e-13
3.29241e-12
7.4079e-13
1.64023e-13
7.14594e-13
2.47283e-13
1.93643e-12
1.92067e-12
1.15634e-12
7.15756e-13
1.79489e-12
1.626e-12
2.05476e-12
6.32963e-13
5.99658e-13
