n=32
J=0.707107
eta=1.03797
mu=0.0531646
beta-optimal=0
max-overlap=0
0.0035474
0.00588649
0.00177087
0.00863191
0.000134062
0.00015143
0.00469432
0.000842172
0.000873777
0.00144842
0.00266527
0.000628493
0.0021123
0.000378788
0.00121215
0.000729266
0.00182261
0.000696616
0.00119371
0.00176827
0.000203226
0.000499376
0.000306014
0.00089236
0.00184021
0.000631895
1.6459e-05
0.00168602
0.000996786
0.00109487
0.00121147
0.000748323
4.78332e-05
0.000532132
0.000514588
0.000783154
0.00160348
0.00154392
0.00162352
0.000748615
0.000539407
0.000539123
0.00111999
0.000226284
0.000305926
0.000275933
0.000322008
0.00039695
0.000169854
0.000215276
0.00198379
0.000972634
0.00109112
0.000598878
9.73049e-05
0.000148003
0.00054177
0.000340295
0.000306414
0.00101854
0.000537406
0.000643642
0.000215212
0.000306703
0.000776298
0.000827757
0.000531271
0.000791405
4.15722e-05
0.000371285
0.000590067
0.000779049
0.000191814
0.000147157
0.000774603
5.2261e-05
0.000849907
0.000596823
0.000465569
0.000349446
0.000243218
0.000937696
0.000708048
1.78976e-05
4.41612e-05
0.00027615
0.000137863
0.00106828
0.000415334
0.000428081
6.42277e-05
0.000235656
0.00010871
0.000536975
0.000659134
0.000296372
6.56556e-05
0.000958964
2.17867e-06
0.000113731
0.00105
0.0006468
0.000107297
1.96787e-05
0.000125162
5.25577e-05
0.000294674
7.50008e-06
0.000336126
8.83888e-05
0.000354515
0.0002287
5.0434e-05
0.000368906
2.90003e-05
0.000742464
0.000213122
0.000491127
2.2433e-05
2.37739e-05
0.000220398
0.00026526
0.000339984
0.000289569
0.000275173
0.00087249
0.000157448
0.000422707
1.14293e-05
0.000271962
0.000359109
0.000291839
5.70468e-05
0.000294149
0.000294778
0.00033153
0.000204133
0.000228184
7.92986e-05
0.000314543
0.000411059
8.39496e-05
0.000177482
0.000149859
0.000105928
0.000347737
5.80204e-05
0.000419672
0.000417061
0.00022602
0.000481682
0.000124295
3.91048e-05
0.000350451
0.000335899
0.000158065
4.13419e-06
4.66905e-05
0.000130251
9.43822e-05
4.87771e-05
0.000120081
0.000225973
0.000515427
0.000111904
0.000248127
4.03234e-05
3.59133e-05
0.000113976
2.76991e-05
2.56812e-05
8.47929e-05
1.93552e-05
2.34872e-05
0.000190739
2.63744e-05
5.11003e-05
5.15752e-06
5.31596e-05
0.000300446
8.90221e-05
0.000213172
6.43618e-05
0.00023344
0.0001776
3.93e-05
0.000185996
0.000132206
8.73583e-05
0.000183457
0.000115089
0.000156205
1.70311e-05
0.000123137
0.000461801
1.23989e-05
0.000143666
3.99372e-05
0.000150949
0.000276008
7.86218e-05
0.000203616
0.000114189
0.000215865
0.000257022
0.000347765
8.65561e-05
5.07645e-05
0.000173598
3.41427e-06
5.57084e-05
0.000180246
7.33353e-05
0.00013437
3.8846e-05
6.85082e-05
0.000144036
0.000124349
0.000146197
0.000125576
2.40103e-05
1.05645e-05
0.000161381
0.000141246
3.44323e-05
0.00018942
0.000129555
0.000125815
0.000170806
0.000128559
8.9904e-05
0.000150947
0.000171513
0.000145106
4.82187e-05
0.000170801
1.36224e-05
9.27324e-05
0.000112962
1.18147e-05
0.000362962
0.000340546
8.81831e-05
0.000281725
0.000203593
0.000190657
0.000121362
2.3495e-05
9.78377e-05
0.000114471
0.000146608
0.000246375
3.98857e-05
0.000194443
2.36831e-05
0.000241086
