n=32
J=0.707107
eta=1.46835
mu=0.0860759
beta-optimal=0
max-overlap=0
1.24567e-12
2.43982e-12
5.30882e-12
3.14515e-12
1.86054e-12
1.18122e-12
1.07178e-12
1.78608e-12
2.78988e-12
4.54054e-12
1.9673e-12
8.48979e-13
1.60484e-12
5.5225e-13
2.74655e-12
3.7849e-13
3.42869e-12
9.07033e-13
1.22229e-12
1.06429e-12
6.14374e-13
2.2825e-12
9.7972e-13
1.53016e-12
4.33059e-13
6.30332e-13
1.278e-12
9.66716e-13
3.23666e-12
9.87166e-13
8.74527e-13
1.43722e-12
2.23694e-12
2.69831e-13
1.36486e-12
6.11196e-13
1.44817e-12
1.15104e-12
5.27699e-13
1.01523e-12
1.4677e-12
6.00175e-13
7.22331e-13
1.22795e-12
1.36616e-13
1.9905e-12
3.21893e-12
6.46204e-13
8.806e-13
4.31442e-13
7.55439e-13
3.52735e-13
1.71257e-13
1.04412e-12
1.13383e-12
5.46974e-13
6.0561e-13
6.1587e-13
7.47729e-13
3.94968e-13
1.7464e-12
7.3213e-13
4.53686e-13
3.15125e-13
8.0554e-13
5.21439e-13
4.38622e-13
6.45425e-13
9.23669e-13
1.26677e-13
1.34696e-12
6.82979e-13
5.59966e-13
7.35155e-13
8.91377e-13
9.92341e-13
1.24253e-12
1.1185e-13
2.86456e-12
3.31288e-14
1.56905e-12
4.60695e-13
9.98916e-13
3.09929e-13
5.64964e-13
5.1251e-13
2.20381e-13
6.13721e-13
1.33372e-12
1.07896e-12
2.34325e-13
1.58237e-12
8.23893e-13
1.18178e-12
2.5321e-13
3.02401e-13
9.08702e-14
7.96264e-13
3.5533e-13
2.8378e-13
1.50949e-12
6.28618e-13
4.50293e-13
5.42434e-13
2.4528e-13
2.10413e-13
1.14618e-12
2.5156e-13
8.34475e-13
4.83317e-13
2.17835e-13
1.07925e-12
1.0703e-12
1.43263e-13
4.16094e-13
2.94401e-13
1.96383e-13
1.03432e-13
1.01147e-13
2.04502e-13
5.14933e-13
5.74001e-13
5.7434e-13
4.69237e-13
1.67016e-13
2.30186e-13
1.00502e-12
3.5605e-13
1.18557e-13
3.50983e-13
5.02927e-13
4.30801e-13
2.59468e-13
3.42156e-13
5.23232e-13
2.50762e-13
4.07387e-13
2.88991e-13
2.14445e-13
3.44999e-13
7.48096e-13
4.30531e-13
4.74317e-13
3.42916e-13
4.32012e-13
5.35456e-13
2.8921e-13
2.23275e-13
1.66469e-13
1.77608e-13
4.707e-13
4.07956e-13
4.33634e-13
5.54997e-13
9.36623e-13
3.62006e-13
2.68411e-13
4.91669e-13
2.90955e-13
7.61782e-13
4.44094e-13
6.29301e-13
3.91127e-13
1.04317e-12
1.20754e-13
3.58232e-13
4.76357e-13
2.70601e-13
4.85798e-13
9.12737e-13
3.21076e-13
3.239e-13
2.14694e-13
3.02726e-13
2.45984e-13
6.40653e-13
1.61221e-13
5.25829e-13
2.52861e-13
8.31009e-13
4.36546e-13
2.03722e-13
7.93313e-13
1.91883e-13
3.68682e-13
1.9802e-13
8.6575e-13
3.29102e-13
8.30596e-13
2.75787e-13
2.17392e-13
3.23159e-13
2.96719e-13
7.61482e-13
4.80615e-13
7.15233e-13
5.96242e-13
2.12655e-13
3.87195e-13
5.98715e-14
3.31997e-13
1.95037e-13
2.25784e-13
6.60731e-13
5.71749e-13
3.91152e-13
2.63905e-13
1.65795e-13
1.07893e-13
4.83837e-14
6.89957e-13
1.09412e-13
2.10036e-13
2.82398e-13
5.61546e-13
2.89485e-13
5.56919e-14
4.73721e-13
4.08306e-13
1.22849e-13
1.72624e-13
1.40878e-13
4.3492e-13
6.185e-14
4.28808e-13
1.61148e-13
2.6668e-13
5.5123e-13
3.85327e-13
3.65648e-13
3.52397e-13
4.38272e-13
4.60322e-13
3.37613e-13
1.4883e-13
4.63977e-13
4.09639e-13
7.74944e-13
4.8429e-13
6.9284e-14
1.38165e-13
2.42551e-13
8.27254e-14
2.10025e-13
1.76642e-13
2.35341e-13
7.74723e-14
4.81257e-14
4.67789e-13
1.08831e-12
9.41841e-14
4.33279e-13
2.86106e-13
4.79861e-13
4.72834e-13
3.9759e-13
