n=32
J=0.707107
eta=1.08861
mu=0.0303797
beta-optimal=0
max-overlap=0
0.0015582
0.00319926
0.000702146
0.00383787
0.00230285
0.000983753
0.00111583
0.0010961
0.00167993
0.00115219
0.000834822
0.000233908
0.000902299
0.000379215
0.00143819
0.000659539
0.00321233
0.000769841
0.000249357
0.000935856
4.27959e-05
0.000670195
5.27435e-05
0.000132042
1.32399e-05
0.000237075
0.000353503
0.000735083
0.000464315
0.000711975
0.000224308
0.000687742
0.00016018
0.000421674
0.000165389
0.000101521
6.87406e-05
0.000401537
0.000640143
1.70006e-05
0.000293492
0.000730979
0.000150517
0.000481886
0.000232304
5.61056e-06
0.000348868
0.000390635
0.000207697
9.0883e-05
0.000224168
0.000573079
1.2145e-05
0.000114417
0.000487615
0.00017819
0.000455144
0.000407796
0.000621332
0.000739694
2.20831e-05
0.000672195
0.000380819
3.82439e-05
0.000284769
0.000114455
0.000268126
0.000171454
3.95635e-05
0.000169203
0.000152912
0.000406205
0.000232117
0.000230722
0.000298581
0.000310354
0.000387193
0.000140541
0.000174749
0.000681618
5.24664e-05
0.000180895
7.91289e-06
6.43462e-05
4.85526e-05
5.53269e-06
0.000176049
3.60527e-05
0.000239807
1.96766e-05
8.15255e-05
0.00016577
0.000113085
0.000214187
0.000170644
0.000111179
0.000196928
1.27362e-05
0.00013547
0.000101784
1.50102e-05
7.98281e-05
7.41206e-06
7.69844e-05
0.000360923
4.41507e-05
0.000258119
0.000160883
0.000100493
0.000209876
2.59945e-05
0.000366667
7.05766e-05
1.4284e-05
9.18491e-05
0.000101761
5.97037e-05
4.39479e-05
6.92171e-05
3.24401e-05
0.000137161
7.8025e-05
0.000271329
0.000223772
4.11504e-05
0.00022561
1.38285e-05
6.71865e-06
0.000205513
0.000240568
0.000224986
2.01928e-05
6.84693e-05
4.50627e-06
0.00013806
4.56432e-05
2.12966e-06
0.000211361
0.00011052
0.000247981
0.000178005
5.5722e-05
0.000228321
3.68781e-05
3.05591e-05
0.000244153
0.000393239
0.000337895
1.95378e-05
0.000330653
5.29129e-05
9.91525e-05
0.000177583
1.23716e-05
8.96145e-05
0.000102522
5.3408e-05
0.000195951
8.0882e-05
0.000410719
7.6001e-05
6.07511e-05
0.000390731
0.000109893
7.27161e-05
5.3371e-05
0.000185573
8.38709e-06
8.95962e-05
0.000442186
4.50375e-05
0.00016029
0.000140365
4.47404e-05
3.80598e-05
4.67068e-05
0.000172783
6.1729e-06
9.65586e-06
5.62303e-05
6.43294e-05
8.03851e-05
4.1743e-05
0.000172437
9.60574e-05
6.80893e-05
0.000107795
4.49802e-05
1.05857e-05
6.30115e-05
0.000167494
0.000202722
6.91857e-05
7.49902e-05
2.7248e-05
7.24897e-05
0.000348141
0.000124076
0.000364434
0.000206081
2.8945e-05
4.07055e-06
5.36818e-05
0.000170181
5.60096e-05
0.000221369
8.84731e-05
9.24298e-05
1.38486e-05
2.23732e-05
1.92789e-05
0.000241742
2.5433e-05
6.14297e-05
0.000137024
0.000128659
0.000131381
6.45059e-05
3.55036e-05
8.65883e-06
3.26483e-05
3.44096e-06
9.91194e-05
3.99374e-05
0.000246012
2.01382e-05
7.80787e-05
0.000177984
1.24097e-05
1.98664e-05
0.000244092
6.97593e-06
0.000240909
6.78449e-05
1.57868e-05
7.05515e-05
6.74196e-05
2.83667e-05
0.000114191
0.000122227
0.000198995
8.56988e-05
0.000109445
1.54106e-05
0.000196618
0.000142022
0.00023212
2.02819e-05
0.000171108
0.000252087
0.000129691
0.000148765
4.80233e-05
0.000203196
0.000101318
0.000111033
