n=32
J=0.707107
eta=1.06329
mu=0.0405063
beta-optimal=0
max-overlap=0
0.00168779
0.000479723
0.00513687
0.00166092
0.00460272
0.00338996
0.00669198
0.00266367
0.000607127
0.00240963
0.00430826
0.00338679
0.000758391
0.000946599
8.88176e-05
0.00066875
0.00294113
0.000866697
0.00311258
0.000180305
0.00204157
0.00137345
7.59573e-05
0.0011981
0.000896431
0.000715168
0.00218568
0.00123052
0.00119667
0.00144943
0.000908698
0.000212699
0.00107715
0.000613298
0.00119902
0.000680631
0.0001035
0.000791839
0.000405306
0.00169636
0.000334246
0.000702406
0.000976654
0.000508883
0.00125
4.3005e-05
0.00039942
0.000510335
0.000168002
0.000223909
0.000563234
0.000384999
0.000402142
0.000562785
0.00012223
0.000304482
0.000511006
0.00103923
0.00038568
0.000365307
0.00113046
0.000646545
0.00018373
9.91232e-05
0.00022116
7.96261e-06
9.61016e-05
6.16258e-05
0.000308279
0.000303751
0.000827792
5.09446e-05
0.000777435
0.000521887
0.00035393
0.00101161
0.000508263
0.000129213
0.00050648
0.000331096
0.000405247
0.000250962
0.000244111
0.000300122
0.00015301
0.000135918
9.55931e-05
4.72196e-05
1.44792e-05
0.000376116
0.000392518
0.000155176
0.000156611
0.000193212
0.000206339
8.54508e-06
0.000559274
0.000523006
0.00027549
9.31621e-05
0.000300805
0.000187925
0.000164541
0.000195789
0.000580088
0.000192754
0.000350357
5.74529e-05
0.000509733
0.000116472
5.54765e-06
0.000199138
0.000287459
0.000301831
0.000181231
0.000104011
0.000167456
0.000270761
0.000363964
0.000364394
2.17726e-05
0.000346189
0.000400135
0.000129703
0.000207912
0.000187332
9.50446e-05
0.000374941
9.02788e-05
0.000231736
0.000273172
0.000254083
0.000182242
0.000188046
0.000428151
0.000381205
0.000116186
0.000302564
0.000297459
0.000132329
4.31081e-05
0.000313113
2.8333e-05
0.000110677
0.000294965
1.09045e-05
0.00026088
0.000109487
0.000126441
0.000150916
0.000411751
0.000316796
8.90917e-05
0.000164702
2.29043e-06
0.0003178
0.000150405
0.000233273
7.94139e-05
4.12116e-05
0.000192181
6.29127e-05
0.00016716
7.32426e-05
0.000146795
7.57054e-05
0.000282152
9.61393e-05
0.000109732
0.00019759
8.28935e-05
0.000101935
0.000109487
0.000188531
1.08059e-05
2.01453e-05
3.01866e-05
0.000129591
0.000210868
3.76927e-05
3.25501e-05
0.000178666
0.000105526
7.93815e-05
0.000246902
0.00032241
0.000182879
5.34905e-05
6.07571e-05
0.000114007
7.80695e-05
7.71028e-05
0.000250762
2.73818e-05
0.000180708
0.000151905
4.35155e-05
3.60204e-05
7.78988e-05
0.000496508
0.000112288
4.44459e-05
1.91385e-07
0.000137037
8.58234e-05
3.64738e-05
2.63738e-05
9.01936e-05
6.88134e-05
2.54535e-05
0.000269684
0.000179841
5.06823e-05
8.73378e-06
9.78179e-05
0.000154481
6.70253e-05
8.1696e-05
8.94255e-05
4.21842e-06
0.000117209
4.3273e-05
0.000179906
2.85874e-05
5.17905e-05
0.000303643
8.43389e-05
1.80966e-05
8.76005e-05
0.000139402
3.66299e-05
0.000174116
0.000175409
0.000107036
0.000195962
3.04284e-05
0.000105911
0.000120071
4.73686e-05
0.000125129
6.98686e-05
9.03944e-05
1.68766e-05
2.92588e-05
0.000239909
0.000123586
0.000204151
8.57932e-05
1.84975e-05
8.34736e-05
0.000155311
0.000163382
8.50421e-05
0.000118243
0.000197549
5.78841e-05
