n=32
J=0.707107
eta=1.03797
mu=0.0708861
beta-optimal=0
max-overlap=0
9.43465e-11
8.17307e-11
7.3837e-11
4.98252e-11
5.86545e-11
6.79189e-11
3.89445e-11
3.81706e-11
2.74591e-11
4.64896e-11
3.03728e-11
3.27658e-11
2.42402e-11
2.81384e-11
3.44292e-11
2.89279e-11
2.81992e-11
2.51988e-11
2.26252e-11
1.93008e-11
1.66936e-11
1.72373e-11
1.53972e-11
1.45845e-11
1.42528e-11
1.56173e-11
2.47502e-11
8.52648e-12
1.3715e-11
1.31854e-11
1.51796e-11
1.61466e-11
2.03924e-11
1.1167e-11
7.61106e-12
8.00587e-12
9.51701e-12
9.77593e-12
1.03241e-11
1.15185e-11
5.60308e-12
1.56156e-11
9.37295e-12
1.17631e-11
1.13378e-11
1.01361e-11
4.56201e-12
5.45882e-12
6.2623e-12
6.61704e-12
1.36178e-11
8.00131e-12
7.59898e-12
6.01343e-12
6.59124e-12
5.85515e-12
7.17275e-12
6.91296e-12
1.19592e-11
4.94544e-12
6.84699e-12
4.68856e-12
9.11682e-12
6.68731e-12
6.20609e-12
9.302e-12
4.57746e-12
7.45302e-12
6.00006e-12
4.64336e-12
7.08904e-12
4.53856e-12
4.75532e-12
5.55285e-12
6.64312e-12
5.11753e-12
5.10893e-12
4.90828e-12
4.85927e-12
7.03635e-12
3.56293e-12
5.68071e-12
3.57682e-12
5.75325e-12
3.86056e-12
9.18939e-12
5.33824e-12
4.59456e-12
3.19844e-12
4.48925e-12
3.19588e-12
2.73414e-12
3.15304e-12
3.96476e-12
2.62971e-12
3.83147e-12
3.17103e-12
3.59739e-12
3.77844e-12
2.82506e-12
3.81461e-12
2.80047e-12
3.02323e-12
4.86009e-12
2.69524e-12
2.74344e-12
1.74568e-12
4.27233e-12
2.11971e-12
3.54468e-12
2.70937e-12
2.23062e-12
3.18469e-12
2.31497e-12
3.15667e-12
2.27407e-12
2.8781e-12
6.88543e-13
2.77656e-12
2.57508e-12
2.20205e-12
3.25268e-12
3.56689e-12
1.88896e-12
2.6237e-12
2.8061e-12
2.42311e-12
3.66895e-12
2.64272e-12
2.02099e-12
2.70295e-12
1.65439e-12
2.29116e-12
1.41532e-12
2.54736e-12
2.80219e-12
2.45118e-12
2.02506e-12
1.86941e-12
1.91424e-12
1.78558e-12
1.72168e-12
1.88809e-12
2.07518e-12
1.3593e-12
1.73511e-12
2.09485e-12
2.2517e-12
1.96627e-12
1.24254e-12
1.81965e-12
1.54829e-12
2.21317e-12
1.36462e-12
2.07551e-12
3.26839e-12
1.7302e-12
1.45175e-12
2.54681e-12
1.09843e-12
6.88079e-13
1.7704e-12
1.21812e-12
1.73269e-12
1.88178e-12
1.14261e-12
1.86187e-12
1.98693e-12
2.66764e-12
1.58127e-12
9.08148e-13
1.06289e-12
1.70594e-12
1.81709e-12
1.68172e-12
2.01731e-12
1.55474e-12
1.4738e-12
2.33056e-12
1.0861e-12
1.13477e-12
2.09603e-12
7.58691e-13
1.14337e-12
1.30285e-12
1.08657e-12
1.25704e-12
1.66949e-12
1.393e-12
1.53765e-12
1.9459e-12
1.25871e-12
8.41311e-13
1.0647e-12
1.64585e-12
5.89145e-13
1.32303e-12
1.25839e-12
1.06486e-12
2.39401e-12
1.58022e-12
1.8371e-12
9.79762e-13
2.42001e-12
6.01376e-13
2.06731e-12
1.14691e-12
4.52347e-13
1.23122e-12
3.26096e-14
1.20445e-12
1.46091e-12
1.30109e-12
1.26415e-12
1.39413e-12
1.04324e-12
3.32332e-13
7.93641e-13
1.12915e-12
5.79853e-13
1.34363e-12
1.43964e-12
8.48567e-13
9.37696e-13
8.58698e-13
7.56364e-13
1.06295e-12
1.39849e-12
7.61207e-13
4.38433e-13
1.0129e-12
1.09892e-12
8.10908e-13
1.58627e-12
9.66022e-13
8.45164e-13
7.50056e-13
8.90724e-13
8.18759e-13
8.34119e-13
3.80975e-13
8.40099e-13
6.06045e-13
6.16624e-13
5.06708e-13
8.13926e-13
1.02473e-12
7.70628e-13
1.0405e-12
6.93181e-13
7.91863e-13
7.97431e-14
4.22213e-13
6.51142e-13
5.8896e-13
5.59129e-13
