n=32
J=0.707107
eta=1.8481
mu=0.113924
beta-optimal=0
max-overlap=0
0.000592031
0.0016221
0.000170792
0.00182869
0.00107893
0.00012014
0.000839219
0.000214299
0.00123188
0.00104363
0.000148718
0.000134988
0.000556776
0.000540537
0.00188173
0.000955336
0.00293813
0.000499098
0.000538795
0.00156913
0.000279851
0.000631138
5.8898e-05
6.69043e-05
0.000261627
2.6745e-05
0.00047358
0.00111508
0.000346976
0.00103586
0.000693348
0.000932816
0.000235148
0.000285476
0.00041694
3.17336e-05
0.000639269
0.000465239
0.00103813
0.00041637
0.000134559
0.00103188
0.000541165
0.000978592
0.00026587
0.000229062
0.000500073
0.000983376
6.29511e-05
0.00019836
0.000593097
0.000684175
0.000153981
0.000118263
0.000607431
0.000393343
0.000702389
0.00109558
0.00128475
0.00108656
5.80181e-05
0.00116457
0.000662912
3.23478e-05
0.000981259
0.000442021
0.000447187
0.000414626
0.00027956
2.05314e-05
9.82738e-05
0.000605106
5.6256e-05
0.000385348
0.000644525
0.000597398
0.000665539
0.000323602
0.000322549
0.0013242
7.67671e-05
0.000420174
0.000206369
0.000228951
0.000284328
9.69319e-06
0.000870523
0.000272341
0.000550796
4.17808e-05
0.000356611
0.000333571
5.31009e-05
0.000504043
0.000470003
0.00065542
0.000333378
0.000169947
0.000271483
3.18736e-05
0.000290193
0.00030659
0.000145736
7.54345e-05
0.000826617
0.000207156
0.000651693
0.000286221
0.000258659
0.000377766
0.000133252
0.000672284
0.000201084
6.11536e-07
0.000166654
5.47492e-06
0.000270896
0.000297343
0.00015311
2.79588e-05
0.000402935
0.000198235
0.00037023
0.000573369
0.000155794
0.000242556
3.38929e-05
0.000111503
0.000521523
0.00046598
0.00042971
5.50629e-06
0.000289689
1.62453e-05
0.00032444
0.000165522
0.000162276
0.000491611
0.000272674
0.00081528
0.000432018
0.000134629
0.000597026
9.99171e-05
2.72493e-06
0.000360075
0.0010685
0.000792058
1.69981e-05
0.000692292
9.82107e-05
0.000300107
0.00031337
8.73172e-05
0.000437151
0.000738778
0.000455726
0.000329935
0.000324758
0.000820115
0.000511232
6.94144e-05
0.000895907
0.000181772
0.000207046
0.000196242
0.000490307
0.000220996
0.000257835
0.000995913
6.24423e-05
0.000308752
0.000244611
0.000331862
4.42274e-05
0.000220421
0.000254666
0.000222559
0.000256273
0.00033068
0.000152113
0.000369672
0.000204972
0.000205101
9.16403e-05
0.000208507
0.000180512
0.000206477
2.36907e-05
0.000255989
0.000403599
0.000420613
0.000370502
0.000388335
0.000150053
0.000175152
0.000823783
0.000446548
0.000932178
0.000555045
1.69021e-05
3.86731e-05
0.000110476
0.000472241
7.2336e-05
0.000589744
0.000244814
0.000230992
5.76616e-05
0.000204853
0.000242652
0.000691718
6.52866e-05
0.000208672
0.000266134
0.000254346
0.000221735
0.000122928
0.000221127
7.03288e-05
0.000206995
1.86609e-05
0.00025661
0.000233933
0.000885385
5.13634e-05
0.000275726
0.000376793
4.40514e-05
5.67619e-05
0.00080836
0.000169049
0.000659456
0.000176833
3.22652e-05
0.000109949
0.000119112
0.000187749
0.000359155
0.000621801
0.000511019
0.000374119
0.000172711
2.66827e-05
0.000569977
0.000392895
0.000621855
4.85598e-05
0.000566915
0.000709218
0.00046994
0.000324448
7.60407e-05
0.000496654
0.000538835
0.000307348
