n=32
J=0.707107
eta=1.08861
mu=0.0202532
beta-optimal=0
max-overlap=0
7.414e-12
9.85716e-12
3.40332e-12
1.06359e-12
4.51114e-13
7.54322e-12
2.91328e-12
1.64636e-12
4.2803e-12
9.55572e-13
2.53493e-12
3.34574e-12
6.84053e-12
4.2736e-12
1.37942e-12
1.21769e-12
9.48191e-13
2.2172e-13
2.08208e-12
9.01651e-13
4.06768e-12
9.8129e-13
7.31995e-13
2.8267e-13
5.95631e-13
2.14399e-12
2.13233e-12
1.20309e-13
9.36993e-14
1.7499e-13
1.65168e-12
9.08449e-13
6.65831e-13
1.46821e-12
1.81388e-12
1.64256e-12
4.45326e-13
4.30533e-13
2.5733e-13
5.82655e-13
7.36221e-13
2.11879e-12
1.16378e-12
2.10461e-12
2.04353e-12
4.26842e-13
1.62764e-12
2.52111e-12
9.33166e-14
1.07219e-12
2.2188e-13
5.39746e-13
3.86263e-13
8.38577e-13
4.60985e-13
3.24352e-13
2.3702e-13
3.69434e-13
1.35114e-12
2.07426e-13
8.40472e-13
2.99106e-13
5.17329e-13
1.20477e-12
3.89175e-14
1.72225e-13
1.86552e-14
3.73409e-13
1.36433e-13
6.9544e-13
2.41404e-13
3.58691e-13
1.26765e-13
3.28221e-13
1.4028e-13
1.42488e-13
5.69843e-13
2.27424e-13
2.67669e-13
1.83374e-13
2.17938e-13
2.65641e-13
3.29919e-13
7.69178e-13
1.71642e-13
1.08571e-13
9.95771e-13
1.88239e-13
2.4933e-13
6.01995e-13
2.13544e-13
4.25646e-13
6.32776e-13
8.6647e-13
6.41936e-13
7.50249e-13
8.26794e-13
3.44985e-13
7.24545e-13
8.10805e-13
8.52448e-13
3.35231e-13
5.02651e-13
4.58595e-13
1.02263e-13
3.74094e-13
1.51995e-13
3.15753e-13
6.37108e-14
3.30102e-13
3.15367e-13
1.49121e-13
2.7728e-13
2.68545e-13
1.46585e-13
4.5064e-14
9.72897e-14
2.49786e-13
4.75118e-14
4.95039e-13
4.77844e-13
2.46156e-13
7.50934e-14
1.9809e-13
1.39941e-14
6.78211e-14
4.04888e-14
1.18692e-12
8.64636e-14
2.97192e-14
8.11394e-13
1.65121e-13
1.67677e-13
1.1743e-13
2.59371e-13
3.53416e-14
3.59204e-13
4.13295e-13
1.57787e-13
4.93331e-14
1.04549e-13
4.39773e-13
1.01752e-13
1.49518e-13
1.77364e-13
1.08852e-13
7.85545e-15
1.7796e-13
6.89424e-13
2.22891e-13
4.7496e-13
4.72991e-13
2.44124e-13
7.89684e-14
7.16651e-13
1.47675e-12
7.86614e-13
6.7e-13
7.29437e-13
8.20603e-13
5.37454e-13
1.79069e-13
9.02705e-14
1.78849e-13
1.97097e-13
2.20634e-13
2.01678e-13
2.19593e-13
1.97019e-13
1.09947e-13
2.61752e-13
9.45147e-13
1.53419e-13
4.40125e-13
6.53768e-14
7.93328e-14
9.06652e-14
2.52397e-13
4.19732e-13
1.19859e-13
3.95585e-14
1.07658e-12
2.66801e-13
2.489e-13
4.62807e-14
1.68681e-13
7.60972e-14
1.7655e-13
1.02973e-13
8.66428e-13
8.38286e-14
5.98943e-14
2.70708e-13
1.35579e-13
7.50043e-14
2.98805e-14
3.8423e-13
1.15203e-13
1.54526e-13
1.37602e-13
1.54949e-13
6.26193e-14
4.31058e-14
1.16102e-13
4.38028e-14
6.16897e-13
8.62467e-13
6.4383e-13
2.27111e-13
5.4775e-13
1.89318e-13
1.15401e-13
1.74612e-13
1.08108e-13
1.17017e-13
1.20068e-13
3.55766e-13
1.50051e-13
1.88256e-13
1.97737e-13
3.80395e-13
2.05761e-13
2.02589e-13
1.97972e-13
1.15486e-13
2.16127e-13
4.28228e-14
1.73188e-13
5.55527e-13
1.18783e-13
1.12266e-13
8.36429e-14
1.46721e-13
1.87578e-14
6.7822e-14
5.73865e-14
8.86159e-14
6.02154e-14
7.04646e-13
9.79291e-14
1.17402e-13
4.09022e-13
7.82062e-13
4.79988e-13
1.18638e-13
1.01212e-13
1.30385e-13
1.65153e-13
2.07015e-13
1.33241e-13
5.10779e-13
1.77105e-14
1.72296e-14
4.41558e-13
1.64505e-13
1.41498e-13
