n=32
J=0.707107
eta=1.24051
mu=0.0734177
beta-optimal=0
max-overlap=0
2.77275e-12
5.25868e-12
8.97992e-13
8.67955e-12
1.34508e-12
5.04041e-12
2.58207e-12
1.81808e-12
4.98618e-12
2.49081e-12
7.88563e-12
2.57927e-12
3.74192e-12
4.78379e-12
7.43187e-12
1.01973e-11
9.20487e-12
1.87552e-12
6.87371e-12
4.32121e-12
5.08759e-12
3.17916e-12
9.7679e-13
4.73589e-12
1.37939e-12
3.45302e-12
3.04489e-12
1.10419e-12
3.37532e-12
4.60021e-12
2.41537e-12
1.07371e-12
5.20397e-12
8.58534e-13
2.01201e-12
3.39809e-12
2.19267e-12
3.85366e-12
1.17057e-12
1.01572e-12
3.78057e-13
2.01213e-12
3.03283e-13
1.96144e-12
2.71814e-12
5.12848e-12
1.51672e-12
4.52854e-12
1.54872e-12
1.1213e-12
1.00243e-12
1.44964e-12
2.95995e-12
9.33455e-13
1.42881e-12
2.38461e-12
2.82342e-12
1.74044e-12
2.31546e-12
1.44616e-12
7.6752e-13
1.35977e-12
1.04088e-12
3.6523e-13
1.71756e-12
2.15782e-12
1.212e-12
9.98406e-13
1.55749e-12
2.66404e-12
5.10951e-13
9.80967e-13
1.06423e-12
9.17439e-13
9.60691e-13
5.40775e-13
1.66891e-12
8.66049e-13
1.51053e-12
2.77996e-12
1.96331e-12
7.1677e-13
1.00268e-12
8.77777e-13
1.13914e-12
5.39481e-13
4.07933e-13
2.81451e-13
7.86574e-13
1.15935e-12
1.82595e-12
2.13885e-13
1.50191e-12
1.55118e-13
1.21685e-12
6.84029e-13
1.12651e-12
7.32085e-13
1.08443e-12
1.13687e-12
4.91312e-13
5.52352e-13
1.57778e-12
7.57655e-13
1.44754e-12
6.31645e-13
1.01825e-12
9.92012e-13
2.73684e-13
5.68807e-13
1.54096e-12
1.53757e-12
2.29985e-12
3.73118e-13
1.90554e-12
1.98915e-12
2.61399e-13
1.08898e-12
6.5609e-13
6.12853e-13
4.57063e-13
4.0088e-13
7.7477e-13
4.89615e-13
1.11099e-12
2.49678e-13
5.51411e-13
2.21883e-13
1.0552e-13
3.99485e-13
9.32994e-13
1.0687e-12
8.07324e-13
8.58211e-13
7.59844e-13
2.52825e-13
3.42465e-13
5.13808e-13
1.37864e-12
3.78288e-13
3.24697e-13
2.20551e-13
4.11132e-14
2.91242e-12
1.73789e-12
5.5279e-13
7.54418e-13
9.74908e-13
7.01615e-13
3.65831e-13
9.09025e-13
3.85666e-13
6.19576e-13
4.663e-13
6.57971e-13
3.60668e-13
1.12787e-12
7.19917e-13
1.35727e-12
6.81791e-13
3.40563e-13
1.11285e-12
6.52038e-13
1.12899e-13
1.37762e-12
9.77292e-13
8.86162e-13
1.02828e-12
5.4143e-13
3.9587e-13
1.07228e-12
1.97072e-13
2.82301e-13
1.6829e-13
1.49973e-12
4.07514e-13
4.49933e-13
1.83178e-13
1.99229e-13
2.53072e-13
5.04346e-13
3.23207e-13
1.10486e-13
1.06753e-12
5.28254e-13
5.22078e-13
9.82254e-13
2.52762e-13
9.23408e-13
9.7034e-13
7.39713e-13
6.04351e-13
5.4225e-13
5.75963e-13
6.54555e-13
6.73572e-13
4.15905e-13
3.74445e-13
1.43008e-12
1.53504e-12
1.36854e-12
1.6761e-13
5.37579e-13
3.55232e-13
7.99412e-13
4.4388e-13
6.41239e-13
8.89717e-13
4.762e-13
1.55135e-12
2.68066e-13
4.12299e-13
4.74611e-13
7.17486e-13
2.11669e-13
7.90546e-13
1.34799e-12
8.37509e-13
1.40858e-12
9.89485e-13
3.51965e-13
1.11709e-12
4.18143e-13
1.81964e-13
2.22575e-13
3.47287e-13
1.0769e-12
4.70961e-13
5.01135e-13
3.38717e-13
2.13817e-13
6.80031e-13
6.75461e-13
5.07463e-13
4.07644e-13
4.43211e-13
3.47863e-13
2.30838e-13
4.32099e-13
8.97324e-13
2.17255e-13
5.17407e-13
7.1087e-13
1.38601e-13
4.83948e-13
5.21603e-13
4.49166e-13
1.35774e-12
6.23182e-13
3.72968e-13
1.61526e-12
7.71535e-13
6.81325e-13
2.16899e-13
3.14707e-13
8.37786e-13
