n=32
J=0.707107
eta=1.01266
mu=0.0506329
beta-optimal=0
max-overlap=0
1.02829e-09
6.9041e-10
5.45094e-10
4.7392e-10
3.91437e-10
3.48191e-10
2.64734e-10
2.34548e-10
2.58436e-10
1.847e-10
2.24049e-10
2.83789e-10
1.9772e-10
1.43782e-10
1.60842e-10
1.20695e-10
1.11962e-10
1.47653e-10
1.05858e-10
1.09376e-10
1.31167e-10
9.98764e-11
9.68656e-11
1.03895e-10
9.25653e-11
8.57424e-11
1.08001e-10
8.71406e-11
6.43798e-11
8.43684e-11
7.33388e-11
5.62422e-11
6.35262e-11
6.02656e-11
6.11051e-11
5.27539e-11
4.86661e-11
4.04337e-11
6.70055e-11
4.56125e-11
4.57183e-11
5.70148e-11
3.97636e-11
3.18145e-11
4.25519e-11
3.24469e-11
4.06649e-11
4.59376e-11
3.19294e-11
3.65612e-11
2.77535e-11
3.51545e-11
3.5299e-11
3.13658e-11
4.08198e-11
4.11695e-11
3.30034e-11
2.54185e-11
3e-11
3.08143e-11
3.0069e-11
2.34779e-11
3.30978e-11
2.89194e-11
4.09853e-11
2.50659e-11
2.2765e-11
3.25363e-11
2.39613e-11
2.21643e-11
2.23009e-11
2.84717e-11
3.33473e-11
2.10881e-11
2.28147e-11
2.55984e-11
2.20395e-11
2.00715e-11
2.04514e-11
1.98128e-11
2.78692e-11
2.0133e-11
1.47143e-11
1.99378e-11
1.42345e-11
1.47654e-11
1.54782e-11
1.48593e-11
1.56227e-11
1.5258e-11
1.40353e-11
1.66312e-11
1.57172e-11
1.75727e-11
1.7026e-11
1.73002e-11
1.36616e-11
1.71426e-11
1.36117e-11
1.3024e-11
1.68823e-11
8.83796e-12
1.64785e-11
1.12534e-11
1.84485e-11
1.18744e-11
1.26001e-11
9.92871e-12
1.16237e-11
1.43079e-11
1.48045e-11
1.15475e-11
1.35107e-11
1.24627e-11
1.60915e-11
1.00167e-11
1.15067e-11
1.14916e-11
1.11488e-11
1.01119e-11
1.21283e-11
1.01237e-11
9.17088e-12
1.07668e-11
1.08688e-11
1.38767e-11
1.03389e-11
9.73279e-12
9.3357e-12
9.07847e-12
8.42357e-12
9.86428e-12
8.47521e-12
9.39013e-12
1.17046e-11
1.26421e-11
6.95102e-12
7.04112e-12
6.24195e-12
7.25047e-12
9.91873e-12
1.05632e-11
1.16373e-11
7.61378e-12
7.77492e-12
5.50908e-12
6.83401e-12
7.87826e-12
7.14984e-12
7.13619e-12
7.75246e-12
7.63567e-12
6.54537e-12
8.58028e-12
5.72157e-12
7.99947e-12
9.25022e-12
8.79263e-12
7.17503e-12
6.42689e-12
4.868e-12
6.91135e-12
5.41396e-12
7.7069e-12
6.75783e-12
6.33434e-12
6.77449e-12
6.27136e-12
6.55369e-12
5.89833e-12
5.74011e-12
6.85979e-12
6.26092e-12
4.48028e-12
3.055e-12
6.94969e-12
7.23451e-12
3.58276e-12
6.48678e-12
5.35857e-12
4.13532e-12
5.34542e-12
4.46763e-12
4.68806e-12
5.4466e-12
5.25387e-12
4.01599e-12
6.57208e-12
5.00374e-12
6.99501e-12
5.71642e-12
3.20517e-12
5.21097e-12
6.33121e-12
4.16246e-12
4.50241e-12
4.1158e-12
4.20907e-12
3.49363e-12
3.70457e-12
5.35701e-12
3.99565e-12
3.8217e-12
2.28429e-12
4.77362e-12
3.40081e-12
3.32131e-12
4.18752e-12
4.13077e-12
2.82257e-12
4.24754e-12
4.02403e-12
2.95966e-12
4.15071e-12
2.96263e-12
3.89525e-12
3.4246e-12
2.92463e-12
4.24701e-12
3.09425e-12
6.16065e-12
4.42189e-12
2.63424e-12
2.5518e-12
3.34595e-12
3.81847e-12
3.23268e-12
3.55014e-12
3.46446e-12
3.03237e-12
2.82611e-12
3.97163e-12
2.57185e-12
2.24805e-12
2.56915e-12
3.35594e-12
3.5697e-12
3.72263e-12
2.50017e-12
2.50495e-12
2.33404e-12
3.89471e-12
2.84612e-12
4.17266e-12
2.24137e-12
2.20797e-12
2.34565e-12
2.62373e-12
2.01824e-12
3.17171e-12
2.34541e-12
2.98436e-12
2.36911e-12
1.47998e-12
2.06143e-12
1.6472e-12
