n=32
J=0.707107
eta=1
mu=0.0202532
beta-optimal=0
max-overlap=0
0.594089
0.565856
0.184352
0.135726
0.0916234
0.0662434
0.0816632
0.0566188
0.0375799
0.0450809
0.0460038
0.026248
0.0411872
0.0295077
0.0196029
0.0288698
0.0216072
0.0221588
0.0225433
0.0190111
0.013451
0.0181708
0.0138341
0.0181408
0.0160286
0.0130547
0.0136857
0.0107959
0.0139688
0.0104119
0.0119554
0.0101186
0.012453
0.00658966
0.00767201
0.010423
0.00631113
0.00520044
0.00549361
0.0056846
0.0042475
0.0062738
0.00593991
0.00711596
0.00518047
0.00573937
0.00797732
0.00498232
0.00406428
0.00586683
0.00439715
0.00527966
0.00343922
0.006236
0.00370015
0.00493768
0.00388088
0.00527696
0.00476638
0.00353643
0.00367794
0.00291085
0.00295735
0.00339893
0.00269664
0.00285316
0.00287664
0.00237101
0.0026911
0.00414063
0.00313333
0.00192602
0.00209477
0.00351958
0.00269945
0.003889
0.00137899
0.00244448
0.00286283
0.00179082
0.00180865
0.0021067
0.00131429
0.00148241
0.00227768
0.00180624
0.00197596
0.00231861
0.00161135
0.00183266
0.00153918
0.001652
0.00178948
0.00155143
0.00163512
0.00145311
0.00131506
0.00126843
0.00175296
0.00168016
0.00183959
0.00112824
0.00154305
0.0015888
0.00166894
0.00133768
0.00116165
0.00135838
0.00133214
0.00129322
0.00129801
0.00142996
0.00114773
0.00111976
0.000930306
0.00137741
0.00142164
0.00101801
0.00101296
0.00093389
0.00115341
0.000786807
0.000897508
0.000657908
0.000943935
0.000908567
0.000694803
0.00117274
0.000741083
0.00103699
0.000978637
0.00121175
0.000789302
0.00109952
0.00122444
0.00111358
0.00101059
0.00117758
0.000827368
0.000577909
0.000685057
0.000845227
0.000857587
0.000855493
0.000987061
0.000645497
0.000603067
0.000822484
0.000754483
0.00110533
0.000637457
0.00065838
0.000629459
0.000488328
0.000585588
0.000697971
0.000625043
0.000530402
0.00052897
0.000741228
0.000575782
0.000493597
0.000618634
0.000498098
0.000555104
0.000448682
0.000424191
0.000594732
0.000448151
0.000529468
0.000504554
0.000476381
0.000523386
0.000587099
0.000372272
0.000411546
0.000507531
0.000479311
0.000499167
0.000455084
0.000498566
0.000389538
0.000354606
0.000457301
0.000537404
0.00044943
0.000397077
0.000624089
0.000399802
0.000464236
0.00047251
0.000579356
0.000279815
0.00034556
0.000406523
0.000261929
0.000314414
0.000306915
0.000274703
0.000403187
0.000336013
0.00042818
0.000442166
0.000377625
0.000519846
0.000360783
0.000439635
0.000337005
0.000317943
0.00022866
0.000289472
0.000356027
0.000300544
0.000271566
0.000335784
0.000398036
0.000228555
0.000261918
0.000347376
0.000282844
0.000189624
0.000265897
0.000286293
0.000324491
0.000200754
0.000300011
0.000280136
0.000192836
0.000233009
0.000383488
0.000218867
0.000244588
0.000218929
0.000215682
0.000211285
0.000265113
0.00019234
0.000201708
0.000195953
0.000215486
0.000241104
0.000260812
0.000230684
0.00023321
0.000168184
0.000177377
0.000250649
0.000218701
0.000206193
0.000237378
0.000200743
0.000235635
0.000178594
0.000158538
0.00015488
0.000187835
