n=32
J=0.707107
eta=1.06329
mu=0.0734177
beta-optimal=0
max-overlap=0
0.00534012
0.00472603
0.00675061
0.00160186
0.00353289
0.000718604
0.00449324
0.00273205
0.00232612
0.000991471
0.0020182
0.00610879
0.000400231
0.000567196
0.00204212
0.000213259
0.000288921
0.00117899
0.00296141
0.00131905
0.00259594
0.000862915
0.00146032
0.000613166
0.00172935
0.00078437
0.00053629
0.0023747
0.000209577
0.000244076
0.0018628
0.00168426
0.00157383
0.000221935
0.000944086
0.000920715
0.000983979
0.000955664
0.000636376
0.00141289
0.000552909
0.000130622
0.000512532
0.00041909
4.55088e-05
5.77658e-05
0.0012421
0.000985173
0.00111128
0.000662534
0.00054108
0.00100473
0.00171569
0.000351943
0.00101116
0.000738035
0.000490061
0.000727571
0.000331594
0.000162495
0.000953975
0.000556381
0.00129099
0.000131836
0.000940533
0.000166588
9.54668e-05
0.00104973
0.00111294
1.35547e-05
0.000123844
0.000165412
0.000492646
0.00145358
0.000772175
0.000221514
0.000290891
0.000117755
0.00232112
7.43533e-05
0.00126092
0.000186674
0.00031941
0.000397504
0.000554071
0.000369738
0.00060222
0.00156537
0.000215673
0.000424269
0.000105454
0.000406644
0.000307813
0.000162205
0.000361019
0.000313276
0.000721258
0.000247966
0.000244506
0.000367022
0.000285951
7.05893e-05
0.00104438
0.000165758
0.000109455
0.000220876
0.000192133
0.000380942
0.000278978
0.000523104
4.54701e-06
0.000221166
0.000597186
0.00091072
0.000191368
0.000788593
0.000476985
0.000877819
5.59252e-05
0.000945705
0.000520754
0.000473346
0.000411415
0.000395772
0.000315187
0.000230377
0.000336941
3.4777e-06
0.000116182
0.000210365
0.000130807
0.000599436
0.000344496
0.000257519
0.000366927
0.000114305
0.000406172
0.000419877
0.00024208
0.00013443
0.000179055
0.000634862
6.61595e-06
0.000346461
6.52016e-05
0.000118488
9.42045e-05
0.000283102
0.000272948
0.000233509
0.000166044
0.000348356
0.000149007
4.78465e-05
0.000297666
3.47038e-05
8.01366e-05
6.92027e-05
0.000368311
2.07301e-05
0.000138814
0.00055627
0.000217944
0.000190229
0.000142281
0.000148463
9.09095e-05
0.000264566
0.000369906
0.000285724
0.000150351
0.000207073
0.000283346
0.000102752
0.000458504
0.000433026
0.000189449
1.4922e-05
0.000166474
0.000417118
0.000231231
0.000289422
0.000234829
0.000169669
0.000277436
5.17543e-05
0.000166684
0.00030293
0.000273542
9.94573e-05
7.58981e-05
2.87748e-05
0.000625891
0.000135574
0.000215537
8.74788e-05
0.000174054
5.69474e-05
0.000230311
0.000303053
2.81679e-05
1.49189e-05
1.82837e-05
0.00022133
0.000192993
0.000126985
0.000328299
6.59074e-05
0.000272873
5.89388e-05
0.000323326
0.000478119
0.00013213
0.000347499
0.00011401
3.42919e-05
2.04647e-05
0.00039823
6.48348e-05
0.000324148
0.000161732
0.000127945
0.000204147
7.06038e-05
0.0001598
1.35067e-05
0.000201489
0.000106479
0.000198008
2.07301e-05
0.00035823
7.26687e-05
2.7974e-05
4.58494e-05
8.72475e-05
9.03433e-05
0.000209415
0.000256863
0.000124416
0.000367767
3.39917e-06
0.000204891
0.000235067
6.017e-05
0.000169427
0.00037672
0.000457878
4.15278e-05
0.000421511
0.000202521
0.000138022
2.41289e-05
0.000207903
0.000201498
2.73827e-05
2.9033e-05
