n=32
J=0.707107
eta=1.03797
mu=0.0683544
beta-optimal=0
max-overlap=0
8.61264e-11
6.84264e-11
5.48306e-11
2.6732e-11
3.53304e-11
2.9632e-11
5.20348e-11
5.70583e-11
3.66454e-11
3.53788e-11
5.0984e-11
1.73365e-11
3.00271e-11
4.16788e-11
2.9188e-11
2.87879e-11
1.90045e-11
7.08244e-12
1.27312e-11
1.54416e-11
2.45067e-11
1.3928e-11
1.51358e-11
1.40562e-11
1.70942e-11
1.86246e-11
2.00275e-11
8.05643e-12
1.53785e-11
1.43196e-11
1.7645e-11
1.09113e-11
9.07963e-12
2.19905e-11
7.24578e-12
2.04261e-11
6.92929e-12
1.32022e-11
3.30555e-12
1.35897e-11
1.25408e-11
1.57284e-12
1.20417e-11
1.64009e-11
6.3959e-12
9.20815e-12
9.52859e-12
5.42432e-12
6.24658e-12
6.83673e-12
3.20913e-12
9.06797e-12
1.01115e-11
7.0951e-12
6.85998e-12
1.48689e-11
6.40175e-12
9.20944e-12
2.63509e-12
3.32659e-12
4.84096e-12
1.10744e-11
7.98873e-12
1.9672e-12
2.38833e-12
4.56124e-12
5.56843e-12
6.16272e-12
3.90296e-12
4.22189e-12
5.05938e-12
2.37192e-12
8.47486e-13
8.75599e-12
2.53175e-12
5.20964e-12
2.10505e-12
4.97163e-12
9.2312e-12
3.48897e-12
3.03903e-12
2.35865e-12
5.94624e-12
4.37843e-12
6.89425e-12
3.86299e-12
4.54142e-12
2.54229e-12
2.89907e-12
1.82143e-12
7.84865e-12
3.60466e-12
1.04608e-11
2.01643e-12
3.36831e-12
3.19333e-12
2.7253e-12
1.55501e-12
1.59777e-12
4.40004e-12
3.7796e-12
3.50111e-12
1.19775e-12
4.39033e-12
1.6679e-12
3.58772e-12
4.99419e-12
2.61514e-12
1.45005e-12
2.57111e-12
1.38065e-12
1.93169e-12
2.21144e-12
2.4876e-12
8.05965e-13
2.95162e-12
1.30613e-12
3.9429e-12
2.80216e-12
5.48081e-12
6.21359e-13
1.85025e-12
2.85363e-12
3.41456e-12
2.09083e-12
3.64003e-12
2.64229e-12
2.27573e-12
1.23918e-12
2.14594e-12
3.09646e-12
1.34901e-12
1.06027e-12
7.13141e-13
1.35262e-12
7.01412e-13
2.66877e-12
2.30478e-12
1.69696e-12
1.93604e-12
3.26578e-12
1.58223e-12
2.0816e-12
2.40662e-12
1.30552e-12
9.914e-13
8.78317e-13
1.55843e-12
1.35843e-12
2.60401e-12
6.48783e-13
1.51378e-12
2.24095e-12
1.63504e-12
5.20778e-12
1.38716e-12
4.74474e-13
1.99159e-12
2.52883e-12
1.28717e-12
1.72889e-12
3.15314e-13
1.81746e-12
2.26021e-12
1.23258e-12
3.88008e-12
3.6338e-12
2.22165e-12
9.05575e-13
3.11624e-12
2.77492e-12
1.21448e-13
9.96899e-13
2.34511e-12
2.30501e-12
1.1285e-12
6.70744e-14
1.99534e-12
1.88432e-12
1.66257e-12
1.00837e-12
5.6322e-13
1.19166e-12
1.53389e-12
5.41695e-13
8.91285e-13
1.13362e-12
4.37327e-13
1.98737e-12
3.19789e-12
5.19203e-13
1.12825e-12
1.26313e-12
2.34643e-13
9.23057e-13
6.3596e-13
1.301e-12
8.92225e-13
2.67347e-12
9.04942e-13
6.79154e-13
2.89936e-12
1.34554e-12
1.98663e-12
1.27141e-12
1.09011e-12
2.32736e-12
1.49836e-12
4.44125e-13
2.22962e-12
7.76894e-13
6.74127e-13
2.86746e-12
7.67253e-13
1.22876e-12
1.25694e-12
1.75185e-12
2.29408e-13
1.27652e-12
6.90303e-13
1.20317e-12
1.89031e-12
2.48409e-12
1.08857e-12
6.92575e-13
6.62561e-13
5.22157e-13
5.77682e-13
2.11624e-13
8.96777e-13
6.87416e-13
6.93252e-13
1.05329e-12
1.07233e-12
7.16442e-13
4.0616e-13
2.52178e-13
8.35296e-13
1.10585e-12
6.36763e-13
1.82299e-12
2.18425e-13
1.25155e-12
1.07047e-12
1.46629e-12
1.32535e-12
1.36182e-12
3.99035e-13
1.62803e-12
2.25158e-13
4.46412e-13
1.21142e-12
2.2274e-13
9.68331e-13
8.51409e-13
9.68191e-13
