n=32
J=0.707107
eta=1.01266
mu=0.0177215
beta-optimal=0
max-overlap=0
1.56264e-11
5.4852e-11
2.37372e-11
9.55395e-11
2.09101e-11
1.59706e-11
9.78308e-12
2.50621e-11
1.44273e-11
3.07303e-11
1.47159e-12
1.25487e-11
2.04462e-11
1.60065e-11
1.16056e-11
1.73723e-12
6.47882e-12
1.22908e-11
1.20403e-11
1.27338e-11
4.18447e-12
1.33755e-12
1.03266e-11
5.31215e-12
1.07879e-11
3.56508e-12
8.4851e-12
4.38933e-12
1.15333e-11
8.18091e-12
6.38241e-12
1.63136e-12
9.81319e-12
3.3581e-12
3.77975e-12
9.75203e-12
4.75268e-12
4.75965e-12
8.27642e-12
2.49297e-12
4.199e-12
2.99426e-12
2.51934e-12
4.61271e-12
1.14915e-12
4.87309e-12
1.90572e-12
9.89648e-12
3.68386e-12
1.13475e-12
6.47178e-12
5.5796e-12
1.20848e-12
4.40918e-12
3.24525e-12
8.49798e-12
1.98126e-12
2.23186e-12
1.78256e-12
1.70202e-12
3.11988e-12
5.05707e-12
1.55503e-12
1.28674e-12
3.72651e-12
2.86174e-12
3.80245e-12
2.22611e-12
2.29082e-12
5.1881e-13
6.10772e-13
4.12748e-12
1.26928e-12
3.25526e-12
4.40381e-12
8.30538e-13
1.56217e-12
2.80456e-12
5.84547e-13
4.07935e-12
1.06311e-12
2.08109e-12
1.53284e-12
1.34662e-12
1.63201e-12
2.77535e-12
7.36057e-13
8.4283e-13
3.2384e-13
1.18374e-12
1.1022e-12
1.99547e-12
1.34137e-12
3.20382e-13
3.16661e-12
1.77082e-12
1.07911e-12
1.08574e-12
3.64208e-13
2.56342e-12
9.94607e-13
6.39372e-13
8.48466e-13
2.10685e-12
3.40162e-12
2.60072e-12
6.48816e-13
2.12136e-12
2.19914e-12
1.34517e-12
1.2289e-12
1.33457e-12
1.06874e-12
2.81014e-12
3.0563e-13
2.70271e-13
9.5452e-13
7.67766e-13
1.12729e-12
9.20707e-13
4.07811e-13
1.29765e-12
1.84645e-12
8.86866e-13
1.38545e-12
1.65656e-12
1.01927e-12
1.89649e-12
4.217e-13
1.67317e-13
9.77105e-13
5.45463e-13
2.54236e-13
8.64372e-13
6.08109e-13
2.7327e-13
1.79265e-12
9.84488e-14
1.31111e-12
1.39919e-12
2.40189e-12
7.24559e-13
1.03406e-12
8.54031e-13
1.29666e-12
1.1889e-12
1.20078e-12
1.17602e-12
8.87855e-13
2.96443e-13
2.03284e-12
9.144e-13
3.25443e-13
1.11385e-12
1.64251e-12
4.37212e-13
1.23807e-12
7.80393e-13
9.71452e-13
1.53894e-12
8.8873e-13
4.8377e-13
1.57263e-12
3.9341e-13
8.54115e-13
2.72001e-13
5.33574e-13
2.3167e-12
7.09487e-13
5.81213e-13
1.95315e-12
7.7979e-13
9.13495e-13
5.28366e-13
4.86531e-13
8.07065e-13
1.05348e-12
8.73533e-13
8.0609e-13
2.40252e-12
4.58654e-13
1.06355e-12
1.71358e-12
2.65476e-13
1.10384e-12
8.47985e-13
1.53466e-12
5.3335e-13
8.79394e-13
9.58405e-13
4.21244e-13
4.57296e-13
2.17916e-12
7.8003e-13
6.36891e-13
1.40271e-13
6.05171e-13
3.89617e-13
5.63519e-13
1.02283e-12
1.36944e-12
8.36653e-13
3.67218e-13
4.52551e-13
1.24654e-12
1.66655e-12
4.46808e-13
3.77971e-13
8.29325e-13
1.46167e-12
8.46717e-13
6.04622e-13
1.04595e-13
1.30627e-12
7.35773e-13
8.42997e-13
6.99807e-13
2.44562e-13
3.64566e-13
8.36463e-13
1.15501e-12
1.78313e-12
2.38124e-13
5.32309e-13
1.12681e-12
7.87839e-13
8.02203e-13
1.22532e-12
3.19634e-13
1.08808e-12
3.35451e-13
7.3011e-13
4.05742e-13
2.4442e-13
7.76401e-13
2.70322e-13
5.16051e-13
3.19375e-13
1.08057e-12
5.06407e-13
1.5873e-12
1.05514e-12
1.07692e-12
2.75019e-13
1.30515e-12
5.45585e-13
4.10465e-13
5.5887e-13
4.42884e-13
7.18801e-13
4.74906e-13
1.1193e-12
1.18434e-12
7.99345e-13
8.16105e-13
1.7009e-12
