n=32
J=0.707107
eta=1
mu=0.129114
beta-optimal=0
max-overlap=0
0.253198
0.241932
0.245407
0.214412
0.195054
0.190054
0.175024
0.170899
0.173189
0.154972
0.141284
0.147758
0.143619
0.132439
0.138306
0.130785
0.121151
0.124205
0.121394
0.111637
0.109984
0.11183
0.112861
0.110386
0.108114
0.0996728
0.092779
0.0965065
0.0939075
0.0910351
0.0859164
0.0831505
0.0871976
0.0829166
0.0837762
0.0834797
0.0820442
0.0779289
0.0762493
0.0766514
0.0754757
0.0779853
0.0723914
0.0689336
0.0729965
0.0684408
0.0663828
0.0666935
0.065362
0.0619214
0.0615878
0.058189
0.0589377
0.0577709
0.055685
0.0589127
0.0581681
0.0560579
0.0529469
0.0544261
0.0530806
0.0546008
0.0495414
0.0491815
0.0490575
0.0482169
0.0481404
0.0484713
0.0446443
0.0458513
0.0442828
0.0427599
0.0461802
0.0443701
0.0430274
0.0450599
0.0417028
0.0449502
0.041473
0.0406831
0.040752
0.0404429
0.0382186
0.0366568
0.0392916
0.0352681
0.0378927
0.0370879
0.0370333
0.0345525
0.0358472
0.0362926
0.0345532
0.0345599
0.0337691
0.0342496
0.0337922
0.0333983
0.034048
0.0311684
0.0331428
0.0325778
0.0306463
0.0300175
0.0293657
0.0317014
0.0293626
0.028931
0.0294064
0.0302234
0.0306154
0.0285182
0.0276012
0.026698
0.0276954
0.0280273
0.0270602
0.0261981
0.0275316
0.0269988
0.0270162
0.0274084
0.025789
0.0258686
0.0254847
0.0249073
0.0241666
0.0237463
0.0239161
0.0242885
0.0234073
0.0236707
0.0233635
0.0227832
0.0231724
0.0235352
0.0218159
0.0222596
0.0228596
0.0218381
0.0226665
0.0217827
0.0213591
0.0217372
0.020844
0.0203458
0.0204178
0.0203986
0.0215109
0.0197159
0.0193863
0.0196103
0.0209214
0.0196158
0.0194662
0.0184353
0.0191814
0.019489
0.0186597
0.0183458
0.0178651
0.0179363
0.0178322
0.0170941
0.0177164
0.0172075
0.0165295
0.016676
0.0175626
0.0158615
0.0166208
0.0161007
0.0158838
0.0156488
0.0155159
0.0157826
0.0155152
0.0156195
0.0149143
0.0155619
0.0153632
0.015293
0.0146407
0.0152522
0.0150643
0.014694
0.0149983
0.0142012
0.0146743
0.0143265
0.0134761
0.0141829
0.0139307
0.0131946
0.0134529
0.0132043
0.0128716
0.0135845
0.0131368
0.0131719
0.01304
0.012721
0.0121797
0.0120921
0.0126
0.0117871
0.0119257
0.0124349
0.0117868
0.0116539
0.0120023
0.0111179
0.0116813
0.0116091
0.0114822
0.0115043
0.0109114
0.0111749
0.0112361
0.0116573
0.01067
0.0112732
0.0105648
0.0101015
0.0101286
0.0103319
0.0102308
0.0101542
0.0102508
0.00980138
0.0103158
0.0096531
0.00986069
0.00982139
0.0100157
0.00939929
0.00949758
0.00920201
0.00880941
0.00922441
0.00887392
0.00910175
0.00884239
0.00882171
0.00842885
0.00865424
0.00827609
0.00853812
0.00818909
0.0083615
0.00845403
0.00776212
0.00778495
0.00777387
0.00739497
0.00735714
