n=32
J=0.707107
eta=1.13924
mu=0.0556962
beta-optimal=0
max-overlap=0
3.48872e-12
1.02952e-12
8.61743e-12
5.5926e-12
1.35333e-11
5.36806e-12
2.26252e-12
8.34759e-12
4.4961e-12
3.75334e-12
9.88822e-12
1.20683e-12
7.65826e-12
6.87232e-12
7.83226e-12
6.71468e-12
5.05754e-12
2.95207e-12
3.8205e-12
3.28528e-12
5.48099e-13
1.80502e-12
2.65559e-12
6.57432e-12
3.14731e-12
6.55613e-12
2.49373e-12
1.53832e-12
1.36906e-12
4.23264e-12
9.22551e-13
1.69064e-12
3.12287e-12
1.18231e-12
2.50777e-12
1.5909e-12
6.71726e-12
3.90469e-12
1.30569e-12
3.44032e-12
4.11117e-12
7.44667e-13
1.14059e-12
1.82007e-12
1.90876e-12
1.63164e-12
5.58801e-12
2.62405e-12
2.38434e-12
1.409e-12
1.63172e-12
1.45939e-12
1.47433e-12
1.20725e-12
1.13544e-12
2.42516e-12
1.66835e-12
1.67927e-12
2.01126e-12
1.84109e-13
2.60229e-12
9.28026e-13
1.31934e-12
1.60751e-12
9.69262e-13
1.37086e-12
7.00973e-13
2.10715e-12
1.72734e-12
8.73516e-13
1.95824e-13
9.5773e-13
1.11576e-12
7.11426e-13
1.23137e-12
9.70338e-13
1.01541e-12
9.12082e-13
5.99878e-13
1.31853e-12
2.01676e-12
1.08307e-12
2.56448e-12
1.0807e-12
1.87799e-12
4.18752e-13
6.71101e-13
1.40196e-13
1.01865e-12
1.30207e-12
8.7875e-13
1.97329e-12
7.46667e-13
4.74552e-13
8.43186e-13
7.93333e-13
3.20724e-13
6.30599e-13
1.32917e-12
5.2863e-13
8.53904e-13
8.16148e-13
1.50257e-12
4.18241e-13
1.0326e-12
7.45361e-13
5.52453e-13
3.87399e-13
9.53225e-13
3.00306e-13
7.51736e-13
9.75756e-13
2.36576e-12
3.02128e-13
3.179e-13
1.53375e-12
8.46585e-13
3.82947e-13
2.67041e-13
2.55128e-13
9.0452e-13
5.47654e-13
7.7936e-13
1.41849e-13
5.16521e-13
3.98617e-13
4.11954e-13
2.00549e-13
1.14822e-13
3.70359e-13
3.18662e-13
1.22612e-12
4.08986e-13
4.67919e-13
2.32777e-13
4.22597e-13
1.98921e-13
9.88558e-13
1.15675e-12
2.44311e-13
1.03767e-12
8.09968e-13
2.40034e-13
1.50944e-12
6.88638e-13
6.11989e-13
8.62213e-14
5.76678e-13
5.95587e-13
7.92299e-13
8.98067e-13
8.53195e-13
2.5168e-13
6.56822e-13
4.4346e-13
7.69087e-13
9.2371e-13
1.60584e-13
8.12128e-13
3.38246e-13
4.042e-14
5.0037e-13
8.73509e-13
4.48778e-13
7.75464e-13
7.20652e-13
4.34467e-13
6.90379e-13
4.39735e-13
9.35073e-13
1.12372e-12
2.41422e-13
2.28345e-14
7.58552e-13
3.45595e-13
2.64537e-13
3.24036e-13
3.22012e-13
4.85209e-13
2.1745e-13
5.74378e-13
3.10215e-13
9.4224e-13
1.0049e-12
9.31962e-13
1.36768e-13
4.6093e-13
1.64125e-13
3.76708e-13
4.6025e-13
5.61547e-13
2.55719e-14
2.82831e-13
5.68341e-13
3.27457e-13
2.73444e-13
1.86193e-13
3.96826e-13
8.03975e-13
1.39251e-12
6.92829e-13
2.65985e-13
3.2634e-13
6.75216e-13
1.80538e-13
4.21168e-13
6.56232e-13
2.77389e-13
2.32962e-13
3.63785e-13
1.16035e-13
7.38524e-14
7.6881e-13
6.1507e-13
4.31006e-13
1.02809e-12
1.14947e-12
8.84337e-13
1.1278e-12
8.09667e-13
3.17787e-13
4.33896e-13
3.16829e-13
1.5566e-13
7.858e-13
4.77053e-13
3.15141e-13
1.5844e-13
5.75834e-13
5.27675e-13
3.69283e-13
4.23548e-13
5.42249e-13
7.55698e-13
6.19777e-13
4.82996e-13
5.33556e-13
2.66374e-13
1.08742e-13
1.26056e-13
3.50477e-13
4.43154e-13
7.15291e-13
5.39396e-13
9.3922e-13
1.0149e-12
3.80859e-13
4.52565e-13
6.30147e-13
1.37447e-12
5.011e-13
4.37939e-13
2.20416e-13
5.48122e-13
1.03412e-13
2.54403e-13
