n=32
J=0.707107
eta=1.08861
mu=0.0531646
beta-optimal=0
max-overlap=0
0.000198213
0.00132811
0.00236978
0.000361351
0.00255963
0.000967831
0.00240555
0.00249998
0.00309948
0.00205396
0.00261461
0.000578426
0.00122504
0.000911288
1.47699e-05
0.00170057
0.00129283
0.00113944
0.00147297
0.000409884
0.000723556
0.000857863
0.00296283
0.000552451
0.00104141
0.00153214
0.00166697
0.00115451
0.00100319
0.00111988
0.00105262
0.000631695
0.000997765
0.000496708
0.00148376
0.000412067
0.000502985
0.000463414
0.000639524
0.0011754
0.000824787
0.000628341
0.00142862
0.000775201
0.00136895
0.000180597
0.000217723
0.000412093
0.000646156
0.000107884
5.36274e-05
0.000589513
0.000473815
0.000283544
0.000492071
0.000840494
0.000426096
0.00103861
0.000643375
0.000416784
0.000346111
0.000467735
6.83034e-06
0.000339364
0.000112996
0.000717007
0.000385673
0.000294139
0.000168676
0.000505263
8.59586e-05
0.000623174
5.08209e-05
0.000518525
0.000325204
0.000316796
8.75348e-05
4.86284e-05
0.00122998
0.000120927
0.000188087
0.000243999
0.000568128
0.000380623
0.00060434
0.000178675
0.000593251
7.19119e-06
0.000742954
0.000182789
0.000254632
0.000402292
0.000703241
0.000122535
0.00039878
0.000312063
6.04018e-05
1.70382e-06
0.000184834
0.00010922
0.000250272
0.000357475
9.02018e-06
0.000122575
0.000229917
0.000387442
6.7249e-05
0.000333985
0.000558917
0.000195325
0.000398588
0.000345965
0.000286126
0.000598346
0.000257876
0.000299147
1.32102e-05
0.000267792
0.000129105
8.62324e-05
0.000120933
0.000268715
0.000232372
0.000459827
0.000652661
0.000724392
0.000218672
0.000139702
2.33213e-05
8.27765e-05
6.34095e-05
0.000518997
0.000178111
0.000101482
0.000623638
2.96856e-05
0.000396578
0.000335701
0.000143155
5.28847e-05
0.000201815
0.000320789
0.000184131
0.000417427
0.000198895
0.000255772
7.05417e-05
0.000464433
0.000125108
0.000283869
8.48771e-05
0.000174827
0.000480522
0.000145617
0.000139518
0.000343195
2.93896e-05
7.47167e-05
3.04443e-05
4.54758e-05
0.000145043
1.89946e-05
0.000197236
5.66924e-05
4.77858e-06
7.44978e-05
0.000358984
0.000151162
9.43857e-05
0.000292912
0.000190058
0.00014404
2.08747e-05
0.000126537
0.000121968
6.55276e-05
5.83142e-05
3.48718e-05
0.000222486
0.000362619
6.31337e-05
0.000122975
0.000101678
8.3955e-05
1.79386e-05
8.24323e-05
7.22485e-05
5.15646e-05
0.000292164
7.52127e-05
0.000363162
0.000115267
0.000131773
5.71929e-05
9.75821e-05
5.24661e-05
0.000178951
6.4575e-05
2.99163e-05
0.000389629
0.000151148
9.23052e-05
0.000148122
0.00018697
0.000146601
1.06413e-05
3.17326e-05
5.16808e-05
0.000181532
0.000270358
0.000210005
2.68135e-05
0.000442274
2.40153e-05
0.000422289
0.000155032
1.93588e-05
0.000116184
7.88403e-05
0.000179489
5.14574e-05
0.00010229
5.22277e-06
0.000189551
5.60027e-05
2.91989e-05
5.24604e-05
0.000318407
4.44697e-05
0.000140715
0.000463142
7.51547e-05
1.64721e-05
5.01943e-05
3.48249e-05
5.39199e-05
8.48528e-05
0.000255647
1.01258e-06
0.000126988
0.000181565
5.05823e-05
0.000128371
0.000158511
0.000154174
0.000181708
0.000180828
0.000113924
0.000212111
3.32598e-05
5.63679e-06
0.0005063
0.000285646
6.53863e-05
0.000214922
6.12506e-05
