n=32
J=0.707107
eta=1.11392
mu=0.0506329
beta-optimal=0
max-overlap=0
6.92893e-12
4.07373e-12
1.79569e-11
8.16052e-12
1.8067e-11
8.60191e-12
2.16332e-12
6.44647e-12
4.92793e-12
7.07992e-12
1.36138e-11
3.07692e-12
7.11599e-12
7.58791e-12
8.90643e-12
8.90064e-12
7.28289e-12
4.07232e-12
5.15529e-12
3.18302e-12
1.61845e-12
1.53787e-12
2.98088e-12
8.37269e-12
2.65589e-12
6.70451e-12
2.55527e-12
2.38166e-12
7.06211e-13
4.21578e-12
1.17625e-12
1.56286e-12
3.26382e-12
1.91473e-12
3.65315e-12
2.23095e-12
8.12792e-12
4.77192e-12
1.73586e-12
3.65145e-12
5.58436e-12
5.83038e-13
8.01143e-13
3.27223e-12
1.9157e-12
3.86678e-12
7.6957e-12
1.0763e-12
4.87358e-13
7.38263e-13
3.4533e-12
2.13649e-12
2.32001e-12
2.79632e-12
6.94298e-13
2.13392e-12
2.6482e-12
1.6906e-12
3.07041e-12
1.1627e-12
3.53081e-12
1.30333e-12
9.86947e-13
1.43665e-12
2.53091e-13
1.44271e-12
6.72361e-13
2.231e-12
1.90658e-12
8.49573e-13
1.54742e-13
1.2761e-12
1.25575e-12
1.43027e-12
1.18448e-12
1.13132e-12
1.49452e-12
1.68211e-12
5.2184e-13
1.46545e-12
2.1925e-12
1.3136e-12
2.6601e-12
1.24959e-12
1.60511e-12
5.67763e-13
9.38639e-13
3.63336e-13
1.1851e-12
1.35409e-12
1.15628e-12
2.05765e-12
1.0901e-12
1.81702e-13
1.01502e-12
5.52849e-13
1.80172e-13
6.9481e-13
1.82244e-12
1.0778e-12
9.93546e-13
1.32144e-12
2.10747e-12
6.58051e-13
1.3559e-12
1.12084e-12
7.84509e-13
3.60889e-13
1.08935e-12
2.47293e-13
7.4186e-13
1.28663e-12
2.52617e-12
4.30719e-13
5.25602e-13
1.56693e-12
8.29404e-13
4.55576e-13
4.37964e-13
3.43789e-13
9.06997e-13
7.42039e-13
9.584e-13
1.40325e-13
4.9323e-13
2.68866e-13
4.61326e-13
3.76247e-13
9.85102e-14
4.75954e-13
6.03997e-13
1.345e-12
5.62776e-13
6.561e-13
2.68032e-13
7.46894e-13
2.28161e-13
1.15525e-12
1.26891e-12
4.26804e-13
7.98496e-13
8.41938e-13
1.96272e-13
1.84482e-12
9.45611e-13
5.14196e-13
4.33558e-13
3.92551e-13
9.95769e-13
7.07033e-13
8.84965e-13
7.90246e-13
5.15517e-13
4.90162e-13
8.89823e-13
5.42431e-13
7.50956e-13
3.0647e-13
1.10992e-12
5.14907e-13
2.87026e-13
3.25234e-13
1.09771e-12
2.05871e-13
6.9519e-13
9.28334e-13
8.47731e-13
8.03108e-13
6.81207e-13
7.76809e-13
1.07283e-12
2.99547e-13
3.80468e-13
7.78779e-13
4.41397e-13
2.36931e-13
5.43903e-13
5.8892e-13
1.89701e-13
3.80961e-13
5.68635e-13
3.33023e-13
8.79694e-13
1.07257e-12
9.06623e-13
2.28868e-13
5.35129e-13
1.64311e-13
6.27061e-13
4.71157e-13
6.6133e-13
1.37943e-13
8.64243e-14
5.4956e-13
2.50392e-13
2.79585e-13
6.70218e-14
4.13477e-13
8.95118e-13
1.4562e-12
8.02961e-13
3.02068e-13
4.22169e-13
8.22079e-13
2.1785e-13
5.65158e-13
6.45476e-13
1.77687e-13
1.8263e-13
2.07674e-13
2.95182e-13
7.35597e-14
8.77939e-13
5.93347e-13
7.61619e-13
8.70409e-13
1.30684e-12
1.05227e-12
1.12814e-12
9.82589e-13
3.57729e-13
5.1907e-13
2.51715e-13
4.53142e-13
9.00525e-13
3.89625e-13
2.25124e-13
2.54643e-13
5.07835e-13
5.83106e-13
3.6365e-13
5.45275e-13
5.44051e-13
8.54049e-13
7.84442e-13
3.50699e-13
2.70943e-13
3.32467e-13
3.11428e-13
1.75768e-13
2.34839e-13
3.24736e-13
3.07474e-13
4.4516e-13
7.28448e-13
1.43448e-12
5.69332e-13
6.50068e-13
8.52984e-14
5.25171e-13
9.2785e-13
2.65225e-13
6.20473e-13
3.81186e-13
3.78116e-13
6.28578e-13
