n=32
J=0.707107
eta=1
mu=0.144304
beta-optimal=0
max-overlap=0
0.233971
0.214109
0.210474
0.203341
0.191701
0.188366
0.166025
0.163529
0.163209
0.157598
0.145814
0.14601
0.150397
0.140949
0.141168
0.140833
0.140602
0.129175
0.125412
0.120394
0.109319
0.112179
0.105815
0.104608
0.101099
0.105237
0.10474
0.0995578
0.096068
0.0905729
0.0945864
0.092551
0.0892342
0.0851651
0.0824512
0.0829628
0.0816346
0.0777946
0.0779619
0.0785611
0.0763967
0.0741584
0.0762654
0.0734995
0.070003
0.0723564
0.0690529
0.0646604
0.0694228
0.0641498
0.0691366
0.0630036
0.0633926
0.0610943
0.0609036
0.0615847
0.0580189
0.0584512
0.0596865
0.060043
0.0545354
0.0565989
0.0553991
0.0556691
0.0559344
0.057641
0.0507385
0.0520724
0.0507761
0.0490329
0.0502647
0.0502834
0.0479951
0.0515938
0.0464858
0.0481605
0.0467939
0.0464852
0.045653
0.0442383
0.0450208
0.0451739
0.0422147
0.0412194
0.0411506
0.0409961
0.0428655
0.0420685
0.0396972
0.0396109
0.0388469
0.0394822
0.0387363
0.0396718
0.0382398
0.0376755
0.0366201
0.0359942
0.0360989
0.0376474
0.0356423
0.0350851
0.0359787
0.0345457
0.0344507
0.0341578
0.0353131
0.0351329
0.0319456
0.0325063
0.0324894
0.0296377
0.0313174
0.031693
0.0316887
0.0304756
0.0311319
0.0298612
0.0305883
0.0296456
0.0316061
0.0305402
0.0286682
0.0288797
0.0292507
0.0282982
0.0272509
0.0275834
0.027856
0.0274094
0.0268261
0.026665
0.0258229
0.0263906
0.0259623
0.0255781
0.0249535
0.0252503
0.0250776
0.0248139
0.0240435
0.0240697
0.0240019
0.0242995
0.0236448
0.0227668
0.0227297
0.0238756
0.0224714
0.0231356
0.0230068
0.022088
0.0221744
0.0217016
0.0224962
0.020879
0.0212382
0.0206263
0.0216045
0.0203041
0.020052
0.0208684
0.0206713
0.0200137
0.0200145
0.0202249
0.0200696
0.0199962
0.0192051
0.0183281
0.0198727
0.019204
0.0190987
0.0193249
0.0183305
0.0182289
0.0186493
0.0180534
0.0185743
0.0175821
0.0175902
0.0177846
0.017447
0.0176512
0.0173364
0.016991
0.016776
0.0169367
0.0168418
0.0165093
0.0161848
0.0168293
0.0165256
0.016211
0.015908
0.0157845
0.0158845
0.0156849
0.0156658
0.0162982
0.0154021
0.0151046
0.0148047
0.0155052
0.0148353
0.0143163
0.0148996
0.0144194
0.0145599
0.0137949
0.0139264
0.0137441
0.0132704
0.0135326
0.0135094
0.0131769
0.0133418
0.0131131
0.0131845
0.0133872
0.0129155
0.0127231
0.0126711
0.0126573
0.0123863
0.0127168
0.0121927
0.0125924
0.0122329
0.0118461
0.0117797
0.0116313
0.0119144
0.0115695
0.0118706
0.0117764
0.011344
0.011113
0.0110412
0.0108518
0.0111847
0.0110562
0.010705
0.0107615
0.0103637
0.0103887
0.0104655
0.010152
0.00984098
0.00986489
0.00957024
0.0095936
0.00937878
0.00926573
0.00931564
0.00873398
