n=32
J=0.707107
eta=1.16456
mu=0.0860759
beta-optimal=0
max-overlap=0
5.18647e-12
2.07642e-12
1.16148e-11
1.02999e-11
8.55104e-12
9.59697e-12
1.69118e-12
6.23677e-12
4.78897e-12
7.98828e-12
2.99866e-12
1.21394e-12
3.11631e-12
4.70814e-12
4.5947e-12
5.74923e-12
5.83118e-12
4.41559e-12
1.44924e-12
2.155e-13
2.42924e-12
5.47276e-12
2.26732e-12
3.06833e-12
3.52588e-12
3.45725e-12
2.40774e-12
1.39312e-12
3.16953e-12
3.21436e-12
6.16003e-13
7.58231e-12
2.66095e-12
4.34533e-12
1.44068e-12
6.21068e-13
4.0447e-12
6.51851e-13
6.27675e-13
1.0678e-12
1.24453e-12
2.19606e-12
2.21858e-12
2.05454e-12
6.96309e-13
4.54832e-13
3.78014e-12
2.047e-12
4.26052e-12
2.81687e-12
1.19362e-12
1.43805e-12
1.47639e-12
2.1105e-12
1.14217e-12
1.69525e-12
1.30653e-12
1.59337e-12
7.99101e-13
1.71387e-12
1.05626e-12
1.76676e-12
1.66151e-12
1.60528e-12
1.675e-12
3.0196e-12
3.79784e-12
1.13578e-12
6.50317e-13
1.93331e-12
5.80079e-13
1.35525e-12
1.58788e-12
2.15853e-12
6.42492e-13
7.98966e-13
8.91577e-13
9.92877e-13
1.89884e-12
7.49499e-13
1.77942e-12
1.10853e-12
9.18305e-13
1.01967e-12
1.47386e-12
9.19371e-13
1.44048e-12
7.38312e-13
2.94818e-13
1.91509e-12
3.88794e-13
8.01689e-13
3.46083e-13
1.16387e-12
1.17211e-12
1.56329e-13
2.33538e-12
1.71955e-12
1.02504e-12
1.5221e-12
9.29842e-13
4.4628e-13
6.79549e-13
8.90612e-13
8.75222e-13
3.88985e-13
5.63243e-13
5.8784e-13
5.79442e-13
1.00491e-12
7.35705e-13
1.42384e-12
1.29493e-12
1.13626e-12
7.05344e-13
1.59653e-12
6.49113e-13
2.81265e-13
1.496e-12
1.13188e-12
1.30002e-12
1.53505e-12
1.02972e-12
8.17053e-13
1.02377e-12
8.64559e-13
7.28342e-13
6.45437e-13
3.27701e-13
1.31138e-12
1.02863e-12
9.44539e-13
1.11264e-12
4.98201e-13
3.10152e-13
1.30442e-12
1.27245e-12
5.34166e-13
5.16363e-13
7.87762e-13
7.31345e-13
1.88507e-13
9.45487e-13
7.47788e-13
6.21233e-13
3.44915e-13
1.93003e-12
1.12486e-12
1.50546e-12
4.91356e-13
2.25306e-13
5.9619e-13
7.31541e-13
8.87498e-13
4.94037e-13
7.12229e-13
8.04852e-13
8.5779e-13
1.32312e-12
5.89645e-13
7.07193e-13
4.24184e-13
6.92466e-13
4.28118e-13
7.87897e-13
1.35715e-12
1.10846e-12
8.09827e-13
6.17272e-13
2.70967e-13
7.56177e-13
5.25322e-13
4.46934e-13
2.99804e-13
4.36003e-13
6.68352e-13
2.61745e-13
6.01971e-13
5.30217e-13
5.73384e-13
6.09439e-13
6.69311e-13
9.07935e-13
8.19894e-13
6.98609e-13
1.02679e-12
3.98488e-13
6.52537e-13
5.47159e-13
4.96177e-14
9.31818e-13
3.59264e-13
6.41567e-13
6.83586e-13
4.32009e-14
2.70718e-13
3.7672e-13
6.75471e-13
5.00396e-14
2.82772e-13
3.33034e-13
8.96416e-13
4.39492e-13
3.87665e-13
1.87408e-13
6.10386e-13
1.97185e-13
3.06171e-13
3.81815e-13
5.95241e-13
7.35027e-14
5.13265e-13
4.12009e-13
4.49296e-13
7.49833e-13
6.24167e-13
7.4716e-13
8.67029e-13
2.41707e-13
9.05246e-14
1.22935e-12
2.93812e-13
3.92139e-13
5.75689e-13
2.78183e-13
1.67137e-13
2.77799e-13
2.25762e-13
6.03685e-13
4.37354e-13
4.60543e-13
1.08035e-13
1.28095e-12
3.76653e-13
7.49823e-13
3.84787e-13
4.3605e-13
1.27215e-13
6.63247e-13
1.84421e-13
2.54111e-13
2.04532e-14
8.75959e-13
7.7919e-14
4.28598e-13
3.46596e-13
6.16535e-13
7.00704e-13
3.74151e-13
6.19522e-13
4.3111e-13
1.61245e-12
3.14266e-13
3.58799e-13
6.2516e-13
2.44769e-13
