n=32
J=0.707107
eta=1.08861
mu=0.0531646
beta-optimal=0
max-overlap=0
0.00186297
0.00269835
0.00237529
0.00346376
0.000746156
0.00170488
0.00503242
0.00217367
0.000321249
0.00129831
0.000946097
0.000683765
0.00166599
0.000510809
0.000508608
0.00107269
0.00046809
6.81312e-05
0.000511428
0.00291034
0.000962726
0.000880577
0.000428141
0.000666958
0.000956507
7.56451e-05
0.000421483
0.00143474
0.00153895
0.000527997
1.83334e-06
1.41445e-05
4.15011e-05
0.00115656
6.36958e-05
0.000730496
0.000220609
0.00181498
0.000486152
0.0006724
0.000488445
0.000450377
0.000409268
0.000740835
0.000856077
0.000253663
0.000906267
0.000326634
0.000178126
0.00058833
0.00169821
0.00152375
0.000122383
0.000953874
1.17259e-05
0.000342782
0.000493402
0.00091129
0.000619072
0.000792561
0.000529068
0.000930246
0.000537904
0.000427697
0.000829465
0.000236568
0.000519885
0.000214939
4.50717e-05
0.000102706
0.00116272
3.71827e-05
1.98634e-05
0.000370742
0.000691088
8.18528e-06
0.000375798
0.000546514
0.000523677
0.000371861
2.04569e-05
0.000906993
0.000538309
0.000150224
0.000211342
0.000376542
0.000705374
0.00086236
0.000190893
0.000530037
0.000313237
0.000182668
7.40978e-05
0.000746689
0.000504279
0.000109945
0.000183302
0.00080527
0.000290854
0.000141826
0.000560593
0.000364987
0.000148233
0.000245043
0.000291627
3.60681e-05
0.000299974
0.000104732
0.000226361
3.75229e-05
0.00021559
0.000235204
0.000255743
0.000625916
0.000545001
0.000638425
6.9468e-05
0.000200609
3.82487e-05
6.12197e-05
0.000133422
0.000536012
0.000613041
0.000199852
0.000373939
0.00059088
0.000267539
9.35318e-05
0.000267346
0.000300806
0.00053819
6.43244e-05
0.00010079
0.000350099
0.000247899
0.000293578
0.000211574
6.16486e-05
0.000330115
0.00010951
0.000230578
8.11433e-06
3.15172e-05
0.000478628
7.28335e-05
0.00024165
6.63092e-05
0.000308752
0.000258369
0.00015348
7.13071e-05
0.000171947
0.000228995
0.000282222
0.000213524
0.000333863
5.48937e-05
3.70901e-05
0.000133225
7.15118e-05
7.34017e-05
0.000325503
4.13106e-05
0.000681119
0.000193113
0.000395787
0.00013702
4.90707e-05
5.44206e-05
9.67423e-06
9.30918e-05
0.000133285
9.41582e-05
8.71969e-05
1.89183e-05
1.33698e-05
3.91976e-05
2.96692e-05
0.000197895
3.2551e-05
0.000104439
0.000216668
0.000269581
0.000142852
3.60201e-05
5.0995e-05
5.36364e-05
0.000189388
1.01146e-05
4.30404e-05
0.000135822
5.73091e-05
2.64915e-05
0.000165742
5.67504e-05
2.19434e-05
0.000238439
6.67285e-07
0.000239357
0.000156989
0.000230491
0.000240017
0.000109553
0.00038171
0.000199272
0.000260753
1.57492e-05
0.000153046
0.000258836
0.000172491
2.61978e-05
0.00020729
6.87172e-05
0.000157114
0.000148037
0.000131156
0.00017056
0.000174704
9.40786e-05
0.000197861
6.44046e-05
3.35513e-05
0.000169863
0.000186436
2.44433e-05
0.000233765
8.97475e-05
0.000115356
0.000258295
0.000243467
9.25175e-05
0.000177564
0.000154739
5.91838e-05
4.68906e-05
0.000105747
2.67e-05
0.000158429
0.000140585
4.18913e-05
0.000429971
0.000435031
0.000106931
0.000220733
0.000196786
0.000162044
0.00017918
0.000132886
0.000150918
9.11401e-05
0.000193903
0.000228052
0.000183294
0.000175891
0.000247541
0.00022592
