n=32
J=0.707107
eta=1
mu=0.00506329
beta-optimal=0
max-overlap=0
0.925413
0.0541379
0.0249386
0.00326581
0.0173296
0.00261921
0.0119238
0.00174796
0.00121176
0.008981
0.00861609
0.00109713
0.000996417
0.000706656
0.00815297
0.00581875
0.000819301
0.000777772
0.00193805
0.00338154
0.000495415
0.00413919
0.000482273
0.00299043
0.000482301
0.00172139
0.00114435
0.00238777
0.000281722
0.00041939
0.00190456
0.000308245
0.00304221
0.00229008
0.000322026
0.00178105
0.000256631
0.000317105
0.0022498
0.00102566
0.000329208
0.0002095
0.000163991
0.000671382
0.00026319
0.000195072
0.000811252
0.000847341
0.000888701
0.00021378
0.000554843
0.000129901
0.00118466
0.000948782
0.000156774
0.000622224
0.000111845
0.000287305
0.000113048
0.000118561
0.00106046
0.00011905
0.000496041
0.000153968
0.000461076
0.000449217
0.000123848
0.00049767
0.00013528
0.000102461
0.000243589
0.000105907
0.000287983
0.000115029
0.000395509
9.66928e-05
0.00022633
0.000419333
8.10365e-05
0.000407462
0.000376054
7.94931e-05
8.39967e-05
0.000103043
0.000562614
6.94586e-05
7.98374e-05
0.000204772
7.35663e-05
0.000650758
4.91643e-05
0.000303447
5.77081e-05
0.000195341
4.43956e-05
4.68754e-05
0.000250019
0.00024838
5.82427e-05
0.000173145
5.49108e-05
5.30999e-05
0.000221837
0.000157578
0.00020044
4.02018e-05
0.000279159
9.9684e-05
4.21451e-05
5.27396e-05
4.26577e-05
0.000196005
5.10092e-05
0.000128316
0.000102298
4.18101e-05
3.16386e-05
8.56915e-05
4.52944e-05
4.02343e-05
0.000200641
4.55483e-05
0.000134706
3.469e-05
0.0001675
3.07129e-05
0.000148044
3.67401e-05
0.000239448
0.000148773
0.000141963
3.32765e-05
0.000140765
3.09603e-05
0.000114597
4.80191e-05
6.01406e-05
2.79936e-05
4.97015e-05
0.000117165
0.00015103
2.30917e-05
2.40304e-05
0.000124029
3.22196e-05
9.52313e-05
2.79787e-05
0.000137263
2.47219e-05
4.81868e-05
2.26688e-05
2.46436e-05
5.4631e-05
2.46441e-05
9.23187e-05
2.75677e-05
5.26275e-05
9.74573e-05
7.72863e-05
2.37385e-05
5.12352e-05
2.42088e-05
2.08668e-05
1.79958e-05
4.43135e-05
2.0353e-05
7.075e-05
6.13289e-05
7.76435e-05
2.30705e-05
7.94715e-05
1.2933e-05
6.22552e-05
1.8393e-05
5.79189e-05
1.88705e-05
5.85012e-05
1.9836e-05
7.75363e-05
1.81712e-05
4.83669e-05
1.96223e-05
1.26026e-05
9.51831e-05
1.5388e-05
2.55915e-05
5.37156e-05
1.53804e-05
4.47357e-05
1.36954e-05
1.16425e-05
1.39638e-05
3.249e-05
2.90534e-05
1.28649e-05
4.36731e-05
3.21552e-05
1.29764e-05
2.31116e-05
1.51716e-05
7.43138e-05
1.28661e-05
1.46683e-05
4.65829e-05
1.6194e-05
4.4317e-05
1.4396e-05
2.62609e-05
1.36967e-05
1.12831e-05
3.55832e-05
7.87991e-05
3.23804e-05
1.34486e-05
2.6077e-05
1.47676e-05
3.08944e-05
3.7067e-05
1.01717e-05
4.67918e-05
1.21071e-05
1.24477e-05
3.44549e-05
4.13179e-05
1.64424e-05
9.87165e-06
3.74744e-05
1.06949e-05
9.66869e-06
4.1361e-05
1.02933e-05
1.54436e-05
2.95267e-05
8.97176e-06
3.88039e-05
9.69294e-06
3.82837e-05
8.31779e-06
1.0311e-05
9.84054e-06
3.51663e-05
3.74447e-05
6.69985e-06
4.12317e-05
8.45241e-06
4.74052e-05
8.33533e-06
6.46734e-05
4.54146e-05
7.49274e-06
1.34575e-05
1.42092e-05
6.98471e-06
7.40778e-06
6.97597e-06
1.77567e-05
