n=32
J=0.707107
eta=1
mu=0.0607595
beta-optimal=0
max-overlap=0
0.48966
0.308106
0.303262
0.251221
0.282001
0.222831
0.164927
0.180359
0.152409
0.110614
0.102721
0.118523
0.107826
0.0929848
0.0826129
0.0845743
0.0861704
0.0747513
0.0794266
0.0636914
0.0621985
0.0551238
0.0623993
0.0608912
0.0572552
0.0573774
0.0548442
0.0566756
0.0425321
0.045545
0.0441965
0.0427653
0.0333015
0.0393038
0.0369828
0.0374068
0.0332161
0.0420733
0.0382483
0.0334582
0.030569
0.0267694
0.0252286
0.0303602
0.0240783
0.0260202
0.0277893
0.0273137
0.0261952
0.023865
0.023668
0.0233929
0.0220385
0.0186158
0.0225109
0.0205049
0.020768
0.0203832
0.0198726
0.0206237
0.0182834
0.0189188
0.018624
0.0202425
0.0155777
0.0157238
0.0187337
0.0161899
0.0189681
0.0183993
0.0151284
0.0169194
0.0146994
0.014472
0.0134445
0.01317
0.0144014
0.0131829
0.0136646
0.01585
0.0139389
0.0124246
0.0122303
0.0124163
0.0101199
0.0117045
0.0117029
0.0130404
0.0121927
0.010235
0.0108212
0.00983741
0.0109917
0.011326
0.00851123
0.0104375
0.0119284
0.0107763
0.0107711
0.0105217
0.00973285
0.00843118
0.00841634
0.009015
0.00920043
0.0101509
0.00996927
0.00783306
0.00870936
0.00852693
0.00709443
0.00957373
0.00909779
0.00871877
0.00739576
0.00847547
0.00769165
0.00711556
0.00786938
0.00723053
0.00747184
0.00679903
0.00679658
0.0063758
0.00597724
0.00651856
0.00713963
0.00657558
0.00634641
0.00659211
0.00711289
0.00610171
0.00626708
0.0067518
0.00620847
0.00646267
0.00590286
0.00572338
0.0054046
0.00544938
0.00569001
0.00469607
0.00574718
0.00564385
0.00571103
0.00527099
0.0055474
0.00551627
0.00514463
0.00470578
0.00483641
0.00501362
0.00473847
0.00439432
0.00489511
0.00459012
0.00442799
0.00470466
0.00480654
0.00490186
0.00402753
0.00431826
0.00421243
0.0041478
0.00402199
0.00421528
0.00465799
0.00416685
0.0042609
0.00435272
0.00415673
0.0036904
0.00379315
0.00386915
0.00366665
0.00377882
0.00412964
0.003832
0.00369809
0.00365723
0.00399895
0.00371415
0.00344598
0.00369035
0.00356959
0.00337665
0.00336565
0.00308099
0.00335935
0.00323688
0.00321852
0.00302488
0.00374696
0.00317884
0.00338166
0.00285006
0.00321963
0.00320317
0.00295413
0.00297318
0.00279368
0.00292054
0.00331146
0.00298007
0.002758
0.0027906
0.00278033
0.00267196
0.00298859
0.0025172
0.00268114
0.00260645
0.00241272
0.00252153
0.00257373
0.00265265
0.00253162
0.00230405
0.00235628
0.00244204
0.00253974
0.00228404
0.00198169
0.00217086
0.00231591
0.00243937
0.0020419
0.00208329
0.00214777
0.00207368
0.00214125
0.00233203
0.00206979
0.00208897
0.00228565
0.00197603
0.00197854
0.00203002
0.00185244
0.00184206
0.0021332
0.00201783
0.00189004
0.0020583
0.00211126
0.00195399
0.00193749
0.0017402
0.001869
0.00176483
0.00163764
0.00188904
0.00159949
0.00160887
0.00152158
0.00161311
