n=32
J=0.707107
eta=1.01266
mu=0.0101266
beta-optimal=0
max-overlap=0
6.79215e-12
9.69341e-11
3.46721e-11
3.94275e-11
3.16581e-11
5.31063e-12
2.72065e-11
9.72961e-12
8.66878e-12
2.88722e-11
2.029e-11
5.46934e-13
1.58424e-12
9.93459e-12
2.93811e-11
1.31825e-11
3.04294e-12
1.88338e-11
3.77113e-12
1.79534e-11
4.58445e-12
1.5504e-11
6.64812e-13
7.99687e-12
3.27885e-12
6.88018e-12
2.26385e-12
9.74025e-12
2.38617e-12
3.21644e-12
6.24362e-12
3.1103e-12
1.18661e-11
7.6645e-12
3.21123e-12
6.82312e-12
1.71759e-12
1.23262e-12
1.16436e-11
8.11701e-12
1.29057e-12
3.93411e-12
2.38873e-12
8.2669e-12
1.94255e-12
2.73913e-12
6.33964e-12
3.5955e-12
1.73269e-12
3.69204e-13
1.48671e-12
2.6461e-12
6.16052e-12
2.29119e-12
4.12218e-13
3.20783e-12
5.77382e-13
3.90923e-12
1.24544e-12
1.89457e-12
1.51169e-11
2.47402e-12
2.55234e-12
4.58226e-13
5.04659e-12
9.32766e-13
1.68636e-13
2.21623e-12
4.66376e-13
1.52845e-12
5.67855e-12
1.49286e-12
2.71486e-12
4.85745e-13
3.28343e-12
1.0085e-12
7.95805e-12
3.04385e-12
2.55819e-13
4.18934e-12
4.3912e-12
9.18095e-13
1.86046e-12
5.64742e-13
3.31094e-12
6.62782e-13
3.14593e-12
3.77847e-12
5.05395e-13
1.30806e-13
5.31436e-13
2.00528e-12
4.21092e-13
4.37468e-12
5.59558e-13
6.64927e-13
4.8502e-12
5.8219e-12
4.0194e-14
1.88814e-12
5.63684e-13
3.56032e-13
1.93655e-12
2.78906e-12
2.14202e-12
1.04921e-12
2.49226e-12
3.84678e-12
1.00275e-12
1.08774e-12
1.002e-12
1.29713e-12
6.4313e-13
6.29427e-13
1.90729e-12
8.11418e-13
1.02907e-12
1.44668e-12
1.22983e-12
1.0086e-12
2.02306e-13
1.46046e-12
6.17221e-13
4.63961e-13
4.89765e-12
6.92603e-13
3.33403e-12
3.95976e-13
1.04983e-12
1.11809e-12
1.38273e-12
8.51038e-13
1.91529e-12
1.15171e-12
1.81611e-12
8.81871e-13
2.68379e-12
4.38925e-13
8.02805e-13
6.55327e-13
3.31208e-12
8.05344e-13
2.00081e-13
2.82451e-12
1.21033e-12
2.2773e-12
1.53181e-13
2.86929e-12
8.51459e-13
3.06897e-13
2.4519e-13
4.2708e-13
8.6717e-13
2.07215e-13
8.35577e-13
3.38004e-13
1.05992e-12
1.51498e-12
2.56913e-12
3.16491e-14
2.11807e-12
4.91915e-13
2.79335e-13
2.9353e-13
7.00521e-13
3.72962e-13
2.85898e-12
5.60488e-13
2.87067e-12
2.56137e-13
1.86739e-13
4.9307e-13
6.90546e-13
2.3264e-13
2.21647e-12
2.55825e-13
6.51701e-13
4.55217e-13
1.11261e-12
8.81763e-14
8.95997e-13
5.21054e-13
3.15994e-13
2.97846e-12
2.01093e-13
1.17794e-12
2.16219e-12
7.96552e-13
2.11426e-13
1.5267e-13
4.53049e-14
5.16506e-13
6.87538e-13
1.84237e-12
8.17636e-13
1.44454e-12
2.48613e-12
4.19192e-13
8.24373e-14
2.84011e-13
1.66671e-12
6.13926e-13
7.68866e-14
1.37404e-12
3.91978e-13
2.61098e-12
4.25594e-13
2.06265e-12
2.56561e-13
4.55396e-13
1.44372e-12
2.00029e-12
4.54129e-13
8.75418e-14
3.31782e-14
1.45404e-13
2.00906e-12
1.27424e-12
3.40609e-13
1.15713e-12
2.2682e-13
2.07693e-13
1.00808e-12
9.16221e-13
3.77784e-13
3.01863e-13
2.07086e-12
2.71188e-13
2.69811e-13
8.84623e-13
5.62221e-13
2.31736e-12
3.03198e-13
3.39867e-13
2.00527e-12
4.33954e-13
1.8139e-12
4.78041e-13
3.47667e-13
5.4127e-13
5.62058e-13
3.93153e-12
5.86719e-13
3.31437e-13
2.43773e-13
1.68955e-12
3.61627e-13
1.35829e-12
9.07273e-13
2.21863e-14
8.40079e-13
7.70921e-13
1.12996e-12
6.2057e-13
2.41501e-13
1.60996e-12
