n=32
J=0.707107
eta=1.08861
mu=0.043038
beta-optimal=0
max-overlap=0
1.34618e-11
1.34305e-11
9.02077e-12
9.40253e-12
1.59746e-12
1.17751e-11
5.40196e-12
1.33249e-11
5.06687e-12
5.6234e-12
4.51512e-12
1.50143e-11
8.60259e-12
1.39165e-11
5.01017e-13
2.20621e-12
1.05479e-11
3.41088e-12
1.5072e-12
6.44942e-12
1.8349e-12
1.43366e-11
4.93133e-12
6.07536e-12
4.66762e-12
3.62555e-12
1.85674e-12
8.20852e-12
2.71546e-12
4.37998e-12
1.14932e-12
2.61353e-12
4.78278e-12
1.01178e-12
5.22326e-12
1.38829e-11
2.45454e-12
1.33024e-12
1.73425e-12
4.72348e-12
1.02819e-12
3.41675e-12
2.3087e-12
5.48109e-12
7.92564e-13
3.22472e-12
4.76527e-12
1.57217e-12
1.05456e-12
4.93681e-13
7.50014e-13
4.22436e-12
1.38875e-12
2.18328e-12
7.55683e-13
1.45981e-12
2.56267e-12
2.26184e-12
2.18882e-12
2.77344e-12
4.86215e-13
7.56434e-13
1.57733e-12
2.04322e-12
1.80006e-12
6.47472e-12
9.31517e-13
6.04623e-13
2.97754e-12
2.0891e-12
9.00255e-13
1.62464e-12
1.58098e-12
4.89155e-12
2.76799e-12
2.23742e-12
3.84487e-13
3.0052e-12
8.26069e-13
2.85253e-12
1.10394e-12
1.17541e-13
1.45306e-12
7.53385e-13
1.06185e-12
3.21955e-13
7.451e-13
2.05707e-13
2.81644e-12
1.26732e-12
1.62093e-12
6.902e-13
2.84108e-12
1.65543e-12
8.60071e-13
5.44889e-13
1.40657e-12
8.43333e-13
3.37222e-13
2.11045e-12
1.87813e-12
1.46925e-12
7.14424e-13
3.06149e-12
1.08836e-12
2.30437e-12
6.13439e-13
2.64739e-12
1.0725e-12
2.6718e-12
4.15854e-13
1.26152e-12
8.32958e-13
1.55055e-12
5.80281e-13
9.47771e-13
1.17815e-12
1.69091e-12
4.02114e-13
7.40902e-13
9.67784e-13
2.12152e-13
8.64033e-13
6.2303e-13
2.55053e-12
1.3264e-12
1.06522e-12
2.76719e-12
1.23558e-12
6.82736e-13
1.58314e-12
2.81844e-13
7.42156e-14
2.35764e-13
1.35852e-12
7.55795e-13
9.27107e-13
1.30242e-12
4.54687e-13
2.51509e-13
2.52661e-13
6.69504e-13
2.14106e-12
5.62423e-13
1.85933e-12
5.63711e-13
5.52888e-13
1.02562e-12
1.30276e-12
9.52697e-13
3.90401e-13
3.06787e-13
6.81463e-13
2.25117e-13
9.99402e-13
2.01105e-13
1.16382e-12
5.14571e-13
2.34201e-13
1.77119e-12
4.74663e-13
5.7825e-13
1.6314e-12
9.14021e-13
1.37564e-12
8.26608e-13
6.7478e-13
7.71282e-13
1.22132e-12
7.20269e-14
1.27066e-12
3.45606e-13
5.1702e-13
1.06295e-12
8.19774e-13
1.01988e-12
9.02421e-13
4.79514e-13
3.88895e-13
1.85129e-13
4.32912e-13
2.02128e-13
8.87591e-14
4.99738e-13
1.94611e-12
5.44838e-13
2.76709e-13
1.01406e-12
2.11208e-13
3.30115e-13
1.06015e-12
1.54235e-12
4.56555e-13
4.79214e-13
7.5404e-13
4.99713e-13
8.77117e-14
5.5971e-13
2.63505e-13
6.5222e-13
1.12704e-12
1.09648e-12
1.20811e-12
4.9393e-13
6.85635e-13
5.02616e-13
1.90412e-13
5.20778e-13
2.85983e-13
7.34537e-14
1.36123e-13
6.79442e-13
7.22238e-13
8.98192e-13
7.80117e-13
1.52628e-13
2.21977e-13
3.20916e-13
1.33863e-12
4.87052e-13
1.09247e-13
2.50776e-13
1.44753e-13
2.71052e-13
8.45571e-13
6.97215e-13
9.76108e-13
4.94476e-13
4.03058e-13
9.17952e-13
7.06532e-13
2.4275e-13
5.60538e-13
1.94873e-13
2.62869e-13
4.60678e-13
8.77406e-13
1.15336e-12
2.52297e-14
4.40742e-13
1.14484e-12
7.19874e-13
1.04654e-12
6.31269e-13
8.82124e-13
1.27252e-12
4.68569e-13
1.75601e-13
1.79556e-13
1.19964e-12
9.10505e-13
3.81333e-13
9.62463e-13
3.17416e-13
7.06772e-13
1.42882e-13
