n=32
J=0.707107
eta=1.24051
mu=0.0658228
beta-optimal=0
max-overlap=0
2.22781e-12
4.94799e-12
1.158e-11
8.49798e-12
2.11119e-12
4.94919e-12
1.3392e-12
3.39775e-12
5.39403e-12
8.69412e-12
2.46252e-12
2.23707e-12
4.20773e-12
3.59388e-13
3.34443e-12
1.61383e-12
5.98822e-12
1.33065e-12
1.40074e-12
6.48414e-13
1.27316e-12
1.98505e-12
3.35641e-13
2.94242e-12
3.33914e-13
6.43642e-13
2.79785e-12
2.45522e-12
4.77796e-12
1.92951e-12
3.06328e-12
2.05758e-12
2.63719e-12
9.731e-13
2.75374e-12
6.57268e-13
1.72518e-13
8.13305e-13
6.2869e-13
1.06794e-12
8.4678e-13
1.88407e-12
2.06586e-12
1.65621e-12
2.10024e-13
2.56761e-12
4.72762e-12
1.96378e-12
2.21608e-12
5.13079e-13
1.50912e-12
4.97581e-13
2.18709e-13
2.29458e-12
2.16367e-12
2.97679e-13
8.79564e-13
1.86928e-12
1.68777e-12
6.52899e-13
3.29699e-12
1.28377e-12
1.07388e-12
9.92472e-13
9.88565e-13
4.55833e-13
4.26896e-13
4.7083e-13
1.92701e-12
4.11831e-13
1.94996e-12
3.80727e-13
3.65387e-13
1.84483e-12
1.46908e-12
1.9808e-12
1.36041e-12
2.62554e-13
4.01613e-12
5.69512e-13
2.22736e-12
1.69033e-13
7.84735e-13
1.09866e-12
5.00292e-13
1.35751e-12
6.84464e-13
9.89099e-13
1.96928e-12
5.59115e-13
6.79712e-13
2.11103e-12
3.60251e-13
1.42545e-12
2.66995e-13
2.83586e-13
5.87682e-13
1.4721e-12
6.18321e-13
5.63216e-13
2.56417e-12
7.41224e-13
7.09999e-13
9.56276e-13
2.4124e-13
5.81947e-14
1.57368e-12
3.54019e-13
1.27566e-12
7.91756e-13
7.99514e-13
1.81241e-12
1.24311e-12
1.91371e-13
7.23531e-13
5.08416e-13
4.53671e-13
3.3958e-13
3.68642e-13
6.25766e-13
8.17819e-13
4.61551e-13
7.25373e-13
6.06932e-13
3.964e-13
2.33586e-13
1.18749e-12
3.28792e-13
2.82088e-13
5.06899e-13
1.11691e-12
7.0183e-13
3.41097e-13
1.06563e-13
4.56755e-13
2.9943e-13
6.03058e-13
1.9567e-13
7.05879e-14
4.96301e-13
1.42281e-12
5.9895e-13
4.01063e-13
4.18664e-13
7.77867e-13
1.02475e-12
3.56483e-13
2.54264e-13
3.90861e-13
4.07351e-13
5.78904e-13
3.92977e-13
6.40416e-13
4.60871e-13
1.51314e-12
5.23817e-13
3.55331e-13
6.82665e-13
6.72349e-13
5.98511e-13
7.66396e-13
8.64018e-13
7.64634e-13
1.6428e-12
2.46035e-13
5.22106e-13
1.44898e-13
2.64347e-13
2.07179e-13
1.42397e-12
6.67236e-13
6.31393e-13
3.84809e-13
3.73479e-13
1.94104e-13
5.24336e-13
1.30855e-13
5.86001e-13
2.39871e-13
9.88865e-13
7.33985e-14
1.73662e-13
1.58599e-12
5.4229e-13
6.32149e-13
4.39754e-13
1.56437e-12
8.1262e-14
8.91172e-13
2.73795e-13
5.1443e-13
7.62065e-13
1.38751e-13
9.65178e-13
8.43374e-13
1.03063e-12
9.77753e-13
2.94657e-13
2.60602e-13
1.87826e-13
7.498e-13
1.72424e-13
9.85485e-14
7.51641e-13
6.68866e-13
6.1087e-13
3.22607e-13
2.23285e-14
1.32576e-13
2.49086e-13
1.19722e-12
1.34723e-13
4.39373e-13
2.38418e-13
7.33126e-13
2.75955e-13
2.33489e-13
9.72279e-13
7.14078e-13
2.46858e-13
1.02549e-12
6.92074e-13
9.91361e-13
6.15359e-14
7.71959e-13
3.29233e-13
4.1868e-13
5.83368e-13
2.65144e-13
4.93337e-13
3.40274e-13
1.57744e-13
2.61722e-13
2.4618e-13
1.1556e-13
6.51466e-13
3.42317e-13
7.16437e-13
6.20132e-13
6.09324e-14
5.45576e-13
4.38173e-14
3.44151e-13
4.11899e-13
1.11454e-13
3.89702e-13
6.5469e-14
3.85225e-13
4.37783e-13
1.0028e-12
9.60628e-14
9.75704e-13
5.39574e-13
9.38099e-14
6.90417e-13
6.02552e-13
