n=32
J=0.707107
eta=1.11392
mu=0.101266
beta-optimal=0
max-overlap=0
1.33537e-12
1.29321e-11
5.15687e-12
3.31172e-12
5.06442e-12
1.32526e-11
1.06758e-11
2.8003e-12
8.52658e-13
1.20106e-11
8.61278e-12
9.47415e-12
1.20567e-11
3.65929e-12
1.06587e-11
9.84889e-13
1.76155e-12
3.17857e-12
2.32954e-12
6.9615e-13
2.41338e-12
4.1308e-12
2.78774e-12
7.0695e-12
5.78658e-12
5.62931e-12
3.00028e-12
4.54724e-12
3.85935e-12
4.74975e-12
3.27929e-12
1.80245e-12
4.54987e-12
3.9775e-12
3.24019e-12
4.82763e-12
3.70446e-12
8.21085e-12
3.08093e-12
1.00081e-12
2.70479e-12
3.66628e-12
1.65615e-12
1.43469e-12
2.91584e-12
1.66059e-12
4.26668e-12
3.75756e-13
5.71016e-12
5.35561e-12
5.54319e-13
5.45637e-12
2.93916e-12
2.75648e-12
1.56554e-12
1.16708e-12
2.08772e-12
2.19666e-12
1.14122e-12
2.76492e-12
1.70052e-12
1.67242e-12
8.97778e-13
1.04988e-12
1.4021e-12
1.25329e-12
1.75611e-12
1.1026e-12
1.08697e-12
6.53276e-13
3.10059e-12
1.00461e-12
3.76364e-12
9.97826e-13
9.98549e-13
2.47042e-12
9.95236e-13
1.34544e-12
8.46984e-13
5.90114e-13
2.0764e-12
1.8574e-12
1.00689e-12
9.11053e-13
9.7438e-13
9.53473e-13
2.12826e-12
2.00321e-12
1.3686e-13
5.04129e-13
3.13888e-13
2.47176e-12
4.0458e-13
1.50954e-12
4.9434e-13
3.28215e-13
3.28297e-13
2.05442e-13
7.95189e-13
5.99652e-13
9.46217e-13
1.63872e-12
2.50002e-12
7.81625e-13
1.53943e-12
1.17202e-12
4.71304e-13
7.55999e-13
2.60993e-13
2.81123e-13
3.03648e-13
1.3642e-13
1.92206e-12
2.70553e-12
7.64701e-13
4.1244e-13
4.5096e-13
6.96781e-13
1.71427e-13
5.6003e-13
2.23939e-13
4.34012e-13
5.15335e-13
2.15256e-13
5.78579e-13
1.06187e-12
4.87217e-13
1.1461e-12
3.58974e-13
6.69008e-13
1.35893e-13
2.73873e-13
1.0248e-12
1.7197e-12
5.17428e-13
1.93868e-12
2.23814e-12
9.08377e-13
1.86208e-13
1.35687e-12
7.94448e-13
5.44184e-13
3.29674e-13
1.19964e-12
5.90882e-13
9.23415e-13
1.16271e-12
2.79946e-13
1.09584e-12
1.51087e-12
5.66782e-13
2.82603e-13
1.12136e-12
1.5841e-12
8.85411e-13
7.1456e-13
4.737e-13
7.36454e-13
1.34712e-12
5.94001e-13
9.78393e-13
1.85081e-12
1.40878e-12
2.92099e-13
1.00882e-12
1.20137e-12
7.0706e-13
1.43023e-12
1.95543e-12
9.74579e-13
4.64555e-13
5.43869e-13
4.64448e-13
1.0507e-12
1.93056e-13
3.1422e-13
7.67158e-13
7.90249e-14
1.11774e-13
2.01886e-12
2.29786e-13
9.85682e-13
1.2815e-12
6.13986e-13
1.80041e-12
9.24202e-13
6.778e-13
5.43684e-13
7.16236e-13
1.43444e-12
4.72992e-13
1.05073e-12
4.18762e-13
3.67045e-13
1.18662e-12
3.50254e-13
1.45589e-12
3.66295e-13
1.11935e-12
5.86996e-13
3.66296e-13
2.05399e-13
1.26224e-12
2.99584e-13
1.30769e-13
1.42116e-13
6.72488e-13
5.66423e-13
2.24055e-13
7.86698e-13
3.6453e-13
1.03575e-12
1.40095e-13
6.79966e-13
9.29511e-13
3.30092e-13
6.75079e-13
3.54221e-13
5.77113e-13
7.53883e-13
1.96148e-12
1.60355e-13
6.64831e-14
1.5055e-12
6.9081e-13
1.50722e-12
2.28732e-13
2.77623e-13
1.31901e-13
1.01778e-12
6.52416e-13
7.85958e-14
7.57007e-13
2.69643e-13
5.93804e-13
1.23618e-12
1.11934e-12
8.47459e-13
1.15926e-13
8.19855e-13
1.82448e-13
9.99135e-13
2.95303e-13
5.07086e-13
2.34658e-13
2.37074e-13
5.83499e-13
5.64156e-13
7.2952e-13
2.93402e-14
9.65573e-13
5.30654e-13
9.74514e-13
3.44783e-13
2.82059e-13
6.25302e-13
