n=32
J=0.707107
eta=1.56962
mu=0.0911392
beta-optimal=0
max-overlap=0
0.000619591
0.00186103
3.72314e-05
0.00186683
0.000561415
0.00048769
0.000857552
0.000364751
0.00131251
0.00107352
0.000466322
0.000236215
0.000376832
0.000796126
0.00212931
0.000855872
0.0037079
0.000637742
0.000385977
0.00129248
0.000609191
0.000510939
0.000229883
0.000244074
0.000291623
7.39457e-05
0.000579135
0.00123021
0.000120239
0.00101994
0.000917537
0.000924986
0.000175995
0.000315465
0.000550386
1.1162e-06
0.000689466
0.000432415
0.00101279
0.000594386
0.000160936
0.000915239
0.000504737
0.00102629
0.000320137
0.000370623
0.000640381
0.00104307
3.56725e-05
0.00012398
0.000702682
0.000590503
0.000245223
0.000146562
0.000673128
0.000312447
0.000604
0.00116277
0.00121041
0.000993305
0.000195447
0.00103649
0.000702499
8.89539e-05
0.000899841
0.000390367
0.000445841
0.000223934
0.000358298
0.000120703
4.27887e-05
0.000549992
2.95202e-05
0.000477624
0.000692538
0.00054984
0.000710882
0.000290782
0.00032026
0.00129881
7.63573e-05
0.000266053
0.000159861
0.000397634
0.000143902
0.000108325
0.000728189
0.000242378
0.00050488
0.000212571
0.000393581
0.000355263
6.68949e-05
0.000413927
0.000352514
0.000601486
0.0003573
0.000163426
0.00035151
0.000131106
0.000303466
0.000394721
0.000174221
0.000111689
0.000767953
0.000228837
0.00059101
0.000210022
0.000145974
0.000464721
0.000227922
0.00059734
0.000248938
6.53367e-05
2.41522e-05
8.3355e-05
0.000315497
0.00027349
0.000144866
6.35476e-05
0.000413772
0.000163805
0.000297235
0.000498962
0.000138957
0.000192661
4.6804e-05
3.64479e-05
0.000423728
0.00036323
0.000432595
0.000120294
0.000327224
1.92991e-05
0.000357325
8.68063e-05
0.000146916
0.000553085
0.000255487
0.000734182
0.000238262
0.000101339
0.000623823
8.72948e-05
3.96215e-05
0.00037994
0.00105519
0.000664029
1.15646e-05
0.000609846
2.71312e-05
0.000226004
0.000259521
0.000166565
0.000397121
0.000639474
0.000404396
0.000328545
0.000345141
0.000718574
0.000502899
0.000108457
0.000883611
0.000195339
0.000202443
0.000247768
0.000454836
0.000183915
0.000190485
0.000973587
0.000113914
0.000319856
0.000228922
0.000336271
2.11448e-05
0.000262777
0.000175137
2.09779e-05
0.000151875
0.000368034
0.000145402
0.00031867
0.000133769
0.000227162
2.2057e-05
0.000114596
0.000186606
0.000212428
1.0118e-05
0.000213706
0.000295686
0.000351294
0.00026406
0.000342323
0.000149417
0.000162012
0.000656802
0.000378585
0.000918525
0.000464999
1.65745e-05
9.49129e-05
0.000100914
0.000454025
0.000103862
0.000421444
0.000220655
0.000259294
7.3768e-05
0.000155351
0.000196859
0.000589222
0.00011921
6.23296e-05
0.000230613
0.000202931
0.000182883
5.3379e-05
0.000183585
6.67599e-05
0.000114458
4.68339e-05
0.000170849
0.000166897
0.000870622
3.32849e-06
0.000283724
0.000343203
7.89465e-05
8.28246e-05
0.000676704
0.000176408
0.000515354
0.000123838
4.07271e-05
5.67171e-05
0.000174532
0.000133907
0.000209612
0.000536796
0.000443764
0.000348659
8.30127e-05
4.14274e-05
0.000471095
0.000344431
0.000491348
3.12204e-05
0.000522764
0.000659681
0.000340289
0.000321311
3.51309e-06
0.00049232
0.000453617
0.000314417
