n=32
J=0.707107
eta=1.11392
mu=0.0455696
beta-optimal=0
max-overlap=0
2.32291e-11
7.68265e-12
1.01693e-11
9.15643e-12
1.16277e-11
3.14357e-12
2.15669e-11
5.95161e-12
2.75133e-12
1.21375e-11
5.96161e-12
3.2857e-12
4.61496e-12
6.12999e-12
9.13503e-12
1.19026e-11
9.78902e-12
2.93897e-12
3.36127e-12
2.66898e-12
1.68384e-12
4.27882e-12
5.56796e-12
2.1806e-12
4.88132e-12
3.79401e-12
4.75207e-12
1.15588e-11
7.72866e-12
2.20848e-12
2.20432e-12
2.876e-12
8.89946e-12
2.704e-13
2.44407e-12
2.87415e-12
3.70562e-12
1.82615e-13
2.63629e-12
1.49609e-12
7.60075e-13
3.74151e-12
2.10075e-12
4.17761e-12
4.92095e-12
1.37164e-12
5.35878e-12
4.81149e-13
2.21136e-12
3.26454e-12
1.32037e-12
2.27062e-12
1.455e-12
2.67662e-12
3.26328e-12
2.51739e-12
1.78537e-12
4.13346e-12
3.01784e-12
3.89265e-12
1.12907e-12
1.2297e-12
3.86009e-12
1.58703e-13
2.42026e-12
1.42648e-12
4.7138e-13
2.11178e-12
3.17343e-12
4.65842e-13
2.86701e-12
4.57358e-13
2.11662e-12
4.03244e-12
1.02324e-12
1.7126e-12
2.01128e-12
1.29723e-12
3.00253e-13
1.99775e-12
1.98894e-12
2.59427e-12
9.74022e-13
8.8683e-13
2.28163e-13
3.34412e-13
1.33445e-12
1.35891e-12
1.91059e-12
1.70244e-13
8.43826e-13
1.47187e-12
1.68902e-12
1.68567e-12
5.67366e-13
1.34383e-12
5.29442e-13
1.28458e-12
3.31542e-12
1.34643e-12
2.20425e-12
1.41592e-12
5.5845e-13
1.73638e-12
7.4899e-13
1.26746e-12
2.11725e-12
7.34187e-13
1.62575e-12
6.0397e-13
1.49026e-12
1.27878e-12
7.88059e-13
5.64917e-13
3.28499e-13
6.33515e-13
1.88033e-12
6.46295e-13
9.73234e-13
6.00662e-13
4.72651e-13
4.80687e-13
8.75669e-13
1.53852e-12
6.47257e-13
1.59483e-12
2.92862e-13
1.1828e-12
5.27831e-13
3.0933e-13
3.62814e-13
8.59805e-13
2.82869e-14
2.61525e-13
7.18377e-13
2.27948e-13
3.16694e-13
1.528e-12
3.94456e-13
5.49155e-13
6.02703e-13
5.13571e-13
1.00329e-12
5.6281e-13
1.79096e-12
1.24559e-12
2.21577e-13
6.91141e-13
5.36318e-13
1.34006e-12
6.26383e-13
8.15877e-13
8.84247e-13
1.90756e-13
5.33895e-13
8.64278e-13
1.39321e-12
3.56394e-13
5.88411e-13
1.18995e-12
1.50443e-12
1.10785e-12
7.56233e-13
4.74171e-13
3.93946e-13
1.43631e-12
2.93623e-13
5.14299e-13
4.23489e-13
1.28879e-12
7.49885e-13
9.38575e-13
2.59784e-13
8.97731e-13
8.15053e-13
5.02939e-13
2.41893e-13
9.09948e-13
5.3041e-13
1.11218e-12
1.93905e-13
6.00469e-13
1.62756e-13
1.64309e-13
1.43822e-12
6.02716e-13
4.42498e-13
1.29615e-12
1.27946e-13
3.67658e-13
4.87753e-13
3.90956e-13
1.97161e-13
2.32054e-13
2.79603e-13
2.39469e-13
3.18939e-13
8.74895e-13
5.20656e-13
1.26432e-12
4.0324e-13
3.15341e-13
4.95584e-13
7.48749e-13
1.01521e-13
1.24857e-12
5.52757e-13
2.92409e-13
3.21764e-13
5.39256e-13
9.67553e-13
3.29046e-13
3.55174e-13
9.06486e-13
3.70417e-13
1.1575e-12
1.49674e-13
4.1728e-13
8.30585e-13
5.74507e-13
2.30052e-13
1.0236e-12
4.19355e-13
4.26521e-13
5.57542e-13
5.67368e-13
2.98109e-13
4.19348e-13
1.58384e-13
5.03959e-13
1.12764e-12
1.1493e-13
3.26909e-13
9.82214e-13
9.84174e-14
6.26523e-13
3.56912e-13
4.27196e-13
9.19196e-13
1.00211e-13
5.60858e-13
3.71425e-13
3.82561e-13
2.60603e-13
6.83877e-13
4.475e-13
1.31097e-12
5.68431e-13
1.7353e-13
1.94425e-13
3.5987e-13
1.67516e-12
8.37755e-13
5.99555e-13
1.11987e-12
3.10039e-13
