n=32
J=0.707107
eta=1.11392
mu=0.0936709
beta-optimal=0
max-overlap=0
0.00360163
0.0044201
0.00222334
0.00276633
0.00182882
0.00229066
0.00079354
0.00285984
0.000697964
0.00255657
0.00199795
0.00278147
0.00233075
0.0011037
0.00223931
0.000223144
0.000400836
0.00119501
0.00213122
0.00201817
0.00154967
0.00219486
0.000935364
0.0022197
0.00223323
0.000686983
0.000999602
0.00104657
0.000111967
0.00150089
0.000578019
0.00232259
0.000326891
0.00128504
0.00122777
0.00143153
0.00210827
0.00186919
0.00050317
0.000991886
0.00218213
0.000731554
0.000812623
0.00191719
0.000267916
0.000930931
0.000448668
0.000143874
0.00146905
7.68958e-05
0.00052171
0.00041237
0.000178376
0.00024457
7.02516e-05
9.30579e-06
0.00049799
0.000793848
0.000101354
0.000321992
0.00155798
0.000256666
0.0001157
0.000411961
0.000413317
0.0011189
0.000447115
0.000115277
0.0001156
0.000624002
0.000922861
0.000242604
3.0953e-05
0.000351297
9.46305e-05
0.00103038
0.000804122
0.00152714
0.000550887
0.000653332
5.51578e-05
2.54254e-05
0.000667189
0.000156988
4.68141e-05
0.00010254
0.000258028
0.000113318
0.000545495
0.000621296
0.000153895
0.000868604
0.00064383
0.000717028
0.000627529
0.000401693
0.000654815
0.000523722
0.000309961
0.000799243
0.000155536
0.000306038
0.000298185
5.51498e-05
0.000231109
0.000199036
0.000318161
0.000329593
0.00048971
0.000737067
0.000187261
0.000142772
0.000327431
0.000486454
0.000764785
0.000125576
3.41141e-05
0.000649047
7.05794e-05
0.000392024
0.000227592
0.000709639
0.000305896
0.000394514
0.00092869
0.000575494
0.000772363
0.000287597
0.000165322
0.00050511
0.000580659
0.000763151
0.000203983
0.000574139
0.000147012
1.31395e-05
7.27772e-06
0.000358019
0.000815056
0.000562836
0.000263032
0.000892197
1.62665e-05
0.000295337
8.54849e-05
0.000657268
0.000458382
0.00030116
0.000233983
4.61107e-05
2.74762e-06
2.00616e-05
0.000108935
0.000127481
7.92511e-05
0.000135426
0.000642554
0.000391704
0.000369963
0.000429652
8.03339e-05
9.4002e-06
0.000161361
8.38505e-05
0.000361396
0.000280339
4.64067e-05
8.05345e-05
0.000616974
0.000146998
0.000121032
7.00521e-06
8.55736e-05
0.000193775
0.000455515
0.000192142
3.65246e-06
1.96915e-05
0.000268756
0.000647714
0.000282828
0.000237631
0.000118666
0.000180464
0.00054259
3.35429e-06
0.000360504
0.000145095
0.000110553
0.000191742
0.000340652
6.03619e-06
0.000127922
0.000441652
7.52157e-06
9.10631e-05
0.000342403
0.000347387
0.000578654
0.00039852
8.02922e-05
0.000211387
2.44123e-05
0.000269828
0.000275532
0.000275326
0.000308984
0.000302577
5.48727e-05
9.38173e-05
0.00026547
1.25546e-05
0.000165777
0.000197499
0.000678522
0.000100323
6.46657e-06
0.000174774
0.000206396
0.000245733
0.00031547
0.000383405
0.00026216
0.000390141
0.000397769
0.000125982
3.16663e-05
0.000119431
0.00015641
0.000267635
0.000284959
0.000433344
0.000102695
6.34932e-05
0.000134755
0.000145577
0.000189648
0.000163753
3.93709e-05
0.000182262
0.000360729
0.000159229
2.99656e-05
0.000330448
0.000100211
0.000105932
0.000219512
8.23164e-06
0.000213072
0.000161342
6.71365e-06
0.000123674
6.35562e-05
9.72348e-05
5.73625e-05
4.21344e-05
