n=32
J=0.707107
eta=1.29114
mu=0.0531646
beta-optimal=0
max-overlap=0
0.00116302
0.00210035
1.82359e-05
0.00241279
0.00132561
0.000440334
0.00100213
0.00052507
0.00143198
0.000899288
0.00076548
0.000202615
0.000870186
0.000537006
0.00169192
0.000719657
0.00351133
0.000843757
0.000356514
0.00119366
0.000219087
0.000664106
9.75573e-05
8.4452e-05
5.24032e-05
0.000160139
0.000463016
0.000958764
0.000428989
0.000930409
0.000342937
0.000774763
0.000165691
0.000396164
0.000270455
0.000133003
0.000103628
0.000529148
0.000869561
0.000200916
0.000308866
0.000855488
0.000290295
0.000730876
0.000128338
0.000146042
0.000435213
0.000561728
0.00019232
0.000114193
0.000389462
0.000734665
3.81089e-05
7.07173e-05
0.000617279
0.000289779
0.000597734
0.000660627
0.000921932
0.000921009
4.36698e-05
0.000897795
0.000520214
1.2246e-05
0.000539629
0.000214752
0.000380187
0.000232928
4.28437e-06
0.000133893
0.000107228
0.000543243
0.000240455
0.000277239
0.000441573
0.000435699
0.000529262
0.000193126
0.000274995
0.000969326
5.60732e-05
0.000267807
4.29951e-05
8.3931e-06
8.97188e-05
1.30252e-05
0.000388553
3.94995e-06
0.000339887
1.53486e-06
0.000148958
0.000262288
0.000100963
0.000310334
0.000264663
0.00029273
0.000267953
2.16293e-05
0.00021731
0.000141631
0.000101005
0.000171972
4.06856e-05
0.000111509
0.00052848
2.69271e-06
0.000431514
0.000215896
0.00011435
0.000305757
1.57987e-05
0.000511072
0.000140163
5.0713e-06
0.000116294
9.08426e-05
0.000123229
9.87965e-05
0.000110713
3.66968e-05
0.000234378
0.000123529
0.000344506
0.000375647
1.19517e-05
0.000273308
3.14692e-05
3.46039e-05
0.000315775
0.000352398
0.000341879
3.30351e-05
0.000124667
1.41481e-05
0.000237175
3.72649e-05
3.70328e-05
0.00037182
0.000191905
0.000451674
0.000211462
9.0824e-05
0.000367846
1.96622e-05
5.19862e-05
0.000335009
0.000640809
0.000492354
2.91249e-05
0.00047831
7.52088e-05
0.000191508
0.000231494
4.82805e-05
0.000191495
0.00023951
0.000163077
0.000286349
0.000196823
0.000587946
0.000205059
3.89836e-05
0.000597289
0.000167544
0.000128203
0.000140844
0.000327846
3.99213e-05
0.000162926
0.000687735
2.90318e-05
0.000235599
0.000204447
0.000136558
3.73673e-05
9.17615e-05
0.000238204
2.64436e-05
6.57428e-05
0.000134
0.0001061
0.000146953
8.22491e-05
0.000237083
0.00011983
0.000125775
0.000160141
7.33385e-05
5.43505e-06
9.93177e-05
0.0002584
0.000299171
0.000140373
0.000157092
5.71714e-05
0.000109356
0.000527291
0.000232527
0.000609935
0.000333871
2.81988e-05
8.21551e-06
8.0125e-05
0.000274789
5.79326e-05
0.000335419
0.000146
0.000160424
5.76744e-05
5.91779e-05
8.37909e-05
0.000414408
1.8685e-05
0.000108523
0.000196954
0.000186887
0.000174912
0.00011122
9.88911e-05
1.97804e-05
6.0634e-05
2.00786e-05
0.000148967
7.52841e-05
0.000441857
3.12385e-05
0.000156555
0.000279212
1.46955e-06
2.13314e-05
0.000410255
4.76536e-05
0.000385733
0.000131613
1.33348e-05
9.77451e-05
0.000116066
6.16936e-05
0.000176193
0.000248182
0.000300697
0.000161654
0.00015706
3.94257e-05
0.000325115
0.000234167
0.000367957
4.70076e-05
0.000314706
0.000406873
0.000257285
0.000229029
5.25864e-05
0.000331906
0.000257768
0.000184255
