n=32
J=0.707107
eta=1.06329
mu=0.0582278
beta-optimal=0
max-overlap=0
0.00503791
0.00333264
0.00033229
0.00129745
0.00434956
0.000630992
0.00135183
0.00485414
0.000982673
0.00155026
0.00418474
0.000417735
0.00139555
0.000625738
0.000429693
0.00102462
0.000458025
0.000551261
0.000503946
0.000688833
0.00243769
0.00419271
0.000512723
0.00136923
0.00136355
0.00030821
0.000546352
0.0010127
0.000165292
0.000885019
0.000624748
0.00198574
0.00163493
0.000216231
0.00039923
0.000945428
6.23975e-05
0.00142695
0.000770248
0.00106538
1.77997e-05
0.000503034
0.000574746
0.00079189
0.00065282
0.000830453
0.00124863
0.000909812
8.9864e-05
0.000974269
0.00207592
0.000394567
5.53913e-05
0.000811898
0.000883705
0.0009548
0.00158034
0.00138386
0.000142401
0.00041599
0.00125082
0.00104328
0.000255629
0.000800265
0.000305299
0.00026503
0.000292284
0.000871395
0.000748016
0.000415994
2.06555e-05
0.000147787
0.000211517
0.000225722
0.0012964
0.000575946
0.000243304
0.000109154
8.52244e-05
0.000163515
0.000242091
0.00053599
0.000397853
0.00043355
0.000128413
0.000759023
9.32725e-05
0.000661712
0.000206024
0.00027903
0.000801601
0.000195746
0.000440396
0.000293404
2.67097e-05
0.000414948
0.000299304
0.000477242
0.00016434
0.00101444
0.000263377
0.000167176
0.000526052
0.000882513
0.000329165
0.00116032
0.000400217
0.000712425
9.58533e-05
0.000360637
0.000541753
0.000332825
0.000132537
9.43165e-05
8.58246e-05
0.000142027
0.000282584
3.60665e-05
0.000661069
3.16475e-05
0.000127143
7.4486e-05
0.000299115
9.0983e-05
3.225e-05
0.000452173
0.000548326
0.000118228
1.3429e-05
0.000273431
0.000466291
1.03348e-05
0.00063826
0.000273346
5.98414e-05
0.000148293
0.00019998
0.000251215
0.000417625
3.88595e-05
0.000681097
4.74737e-06
0.000232521
6.18591e-06
7.19044e-05
0.000113299
0.000563937
4.76802e-05
4.88148e-06
0.000203742
0.000127056
0.000200094
0.000127265
2.3438e-05
3.05577e-05
2.02917e-05
2.53983e-05
5.90126e-05
0.000356743
0.000401235
0.000161593
3.62743e-05
0.000633193
9.21794e-05
2.06407e-05
0.000222548
0.000201783
3.29495e-05
0.000224814
0.00061268
0.000144815
0.000189655
2.392e-05
0.000204886
0.000411941
1.24875e-06
0.000177256
6.35613e-05
0.000251241
0.000241917
0.000105624
8.19568e-05
0.000315451
0.000109993
0.000270612
0.000474024
0.000104856
2.33862e-05
3.58426e-05
1.34786e-05
9.6526e-05
0.000163245
0.000179982
0.000184888
6.58463e-05
0.000181734
9.55013e-05
2.23651e-05
0.000144499
0.000272564
0.00017713
0.000129701
2.15758e-05
0.000228264
1.8578e-05
0.000189664
0.000156705
0.00021235
0.000188513
4.13297e-05
0.000181292
0.000147217
1.72383e-05
0.000304668
0.000441545
0.000170891
0.000175654
0.000330134
0.000344408
8.30025e-05
4.27987e-05
0.00017578
5.15492e-05
0.000116832
0.000168348
2.79671e-05
5.44593e-05
0.000116402
0.000385608
6.04779e-05
0.000113999
0.000408652
9.25074e-05
0.000194029
0.000135832
1.26637e-05
0.000143663
0.000103471
7.83321e-05
0.00010012
6.41121e-05
0.000193128
3.42636e-05
8.44164e-05
5.2709e-05
2.04968e-05
2.87383e-05
0.000338192
2.60931e-06
9.31948e-05
0.000315242
0.00027517
0.000157565
5.9011e-05
6.06216e-05
6.83401e-05
