n=32
J=0.707107
eta=1.08861
mu=0.00506329
beta-optimal=0
max-overlap=0
9.609e-13
7.17705e-13
8.04476e-13
9.02733e-14
4.60883e-13
6.1828e-13
1.1931e-12
7.80233e-14
1.00758e-13
4.45875e-13
5.13479e-13
4.71507e-13
2.59249e-13
8.90359e-13
2.80589e-12
1.91411e-12
1.65321e-12
3.54776e-12
2.08828e-12
9.50993e-13
2.45661e-13
3.59148e-13
3.36138e-13
4.7627e-13
2.42463e-13
5.8363e-13
2.37195e-13
3.62226e-13
3.8138e-13
1.53345e-13
3.07305e-13
1.68207e-13
3.2224e-13
1.84995e-13
2.84736e-13
2.96582e-13
2.96389e-13
1.13869e-13
5.77638e-14
8.07335e-14
1.14776e-13
1.72413e-13
3.76767e-13
1.56906e-13
2.22693e-13
4.78754e-14
3.16791e-13
1.25145e-13
1.95469e-13
1.63096e-13
2.52104e-13
5.57098e-13
1.41035e-12
2.2889e-12
2.71441e-13
2.19723e-13
1.29547e-13
2.99672e-13
1.43705e-13
2.04955e-13
1.27947e-13
2.03167e-13
4.2044e-14
8.35724e-14
5.06027e-14
1.16517e-13
6.64028e-14
2.36613e-13
9.35512e-14
1.32567e-13
4.9405e-14
5.66015e-14
1.23362e-13
3.23497e-13
8.36498e-14
1.79174e-13
4.96222e-14
7.35204e-14
1.39355e-13
1.74829e-13
1.48143e-13
7.59562e-14
5.88083e-14
1.60129e-13
5.06714e-14
6.19764e-14
3.563e-14
9.95084e-14
1.5741e-13
4.95647e-14
8.23345e-14
1.25033e-13
2.71643e-14
1.08169e-13
2.10771e-13
1.03566e-13
1.00093e-13
6.71855e-14
9.81598e-14
9.5358e-14
1.88975e-13
2.02663e-12
1.77842e-12
1.16763e-12
5.74378e-13
9.68348e-13
6.94313e-13
1.26944e-13
2.20608e-13
3.34713e-14
6.60152e-14
1.22241e-13
1.1217e-14
1.53801e-13
1.72721e-14
6.87092e-14
1.66229e-13
7.54529e-14
5.71634e-14
6.59957e-14
6.98492e-14
5.98737e-14
1.30682e-13
4.52959e-14
1.47373e-14
2.19911e-14
2.09257e-14
4.46832e-14
5.61244e-14
7.56485e-14
9.48255e-14
8.34766e-14
9.30261e-14
6.81377e-14
1.76885e-13
5.32669e-14
1.33392e-13
7.05024e-14
9.0388e-14
3.42629e-14
5.43524e-14
4.92883e-14
6.54295e-14
2.20152e-14
4.76117e-14
7.71224e-14
2.98853e-14
3.90688e-14
4.70381e-14
2.62197e-14
5.7775e-14
5.1593e-14
4.62183e-14
4.292e-14
5.34817e-14
4.69009e-14
1.96642e-13
1.48202e-13
2.83033e-13
4.56766e-13
1.0771e-12
5.14667e-13
1.32956e-13
3.32672e-13
2.23515e-13
1.28139e-13
3.29724e-14
1.09327e-14
5.75522e-15
5.52911e-14
2.08471e-14
3.79683e-14
6.15121e-14
4.04574e-14
5.9133e-14
6.68294e-14
5.262e-14
2.9779e-14
5.10935e-14
9.6234e-14
1.0531e-13
5.64419e-14
2.38905e-14
1.68943e-14
3.85368e-14
5.6912e-14
4.82826e-14
1.26309e-13
3.40722e-14
9.52613e-14
2.74597e-14
1.69362e-13
3.42964e-14
2.23548e-14
5.76109e-14
7.39007e-14
2.11314e-14
3.79048e-14
4.25962e-14
7.88549e-14
1.19366e-14
5.57539e-14
9.19132e-14
8.97063e-14
1.03501e-13
5.7444e-14
9.82134e-14
1.25132e-13
2.04256e-13
7.76506e-14
8.4353e-13
4.56151e-13
2.99711e-13
1.08454e-13
6.56332e-15
3.51035e-14
2.00362e-14
2.28364e-14
3.70386e-14
2.89115e-14
3.68326e-14
2.80968e-14
5.98892e-15
2.98993e-14
8.93342e-15
8.00245e-14
8.86316e-14
3.1903e-14
2.08529e-14
2.71198e-14
1.19753e-13
2.05635e-14
8.06397e-14
7.53669e-14
4.58576e-14
4.2996e-14
2.90354e-14
8.95928e-14
5.83716e-14
4.06158e-14
1.55611e-13
2.92652e-14
1.26421e-13
1.51021e-12
4.47709e-13
4.83691e-14
9.01645e-14
6.50631e-14
5.74755e-14
3.06152e-14
2.52971e-14
7.09198e-14
1.00503e-13
3.03377e-14
7.14445e-14
6.45802e-14
