n=32
J=0.707107
eta=1.06329
mu=0.0556962
beta-optimal=0
max-overlap=0
0.00107452
0.000724149
0.000272954
0.00433588
0.000823949
0.00154806
0.00347682
0.00210821
0.000390999
0.000994023
0.00183634
0.00278473
0.000549133
0.00128438
0.00301639
0.000431737
0.000691274
0.00196637
0.00166532
0.00208386
0.000100993
0.000432615
0.00102623
0.000430104
0.000450245
0.000960093
0.000579787
0.000843256
0.000527034
0.000153429
0.0009327
0.00244677
0.000978406
0.000745931
0.000848258
0.000442753
0.000889497
0.00141853
0.000378921
4.81349e-05
0.000158024
0.000592698
0.000677918
0.00136661
0.00109979
0.000805858
0.000262143
0.000353549
0.00104274
0.000424824
7.19524e-05
0.000407102
0.00111427
0.000340707
0.000549539
5.25032e-05
0.000442203
0.000858996
1.79337e-05
0.00014385
0.00104804
3.64927e-05
0.000271586
0.00101346
0.00115268
3.81706e-05
0.000609357
0.000376885
0.000328183
7.25948e-05
0.000403261
0.00018817
4.88362e-05
0.000174482
0.000228889
0.00027999
0.00017469
0.0010472
0.00038028
0.000651969
0.000291581
0.00119698
0.000121358
0.000236681
0.000419443
6.14825e-05
0.000317001
0.000488672
0.000316028
5.32241e-06
0.000308623
0.000578597
0.000506904
0.00053123
2.89422e-05
0.000155721
0.000250698
0.000278075
0.000120712
0.000653562
0.000148784
0.000300676
0.000296344
0.000540976
1.08947e-05
0.000471007
0.000219124
8.75992e-05
0.000742035
0.000245757
0.00023738
0.000244987
0.000144215
8.37708e-05
0.000479328
0.000180326
0.000142145
0.000491134
5.38274e-05
0.000382961
8.67576e-05
3.16324e-05
3.50928e-05
3.41135e-05
0.000343729
0.000148306
9.5395e-05
0.00042549
0.00026233
0.000154121
0.000638306
0.000593842
5.13874e-05
0.000347392
0.000296629
2.7757e-05
0.000249672
8.52487e-05
0.000233652
4.65801e-05
0.000484394
0.00023888
0.00017336
0.000116959
0.000182266
7.22005e-05
0.00023897
0.000233079
0.000224984
1.84188e-06
6.53186e-05
0.00014014
0.000115131
0.000178776
1.26445e-05
0.000109821
0.000344866
4.56467e-05
0.000346507
0.000280762
2.8054e-05
0.00017936
1.11766e-05
0.000258658
0.000112687
1.08513e-05
6.10016e-05
3.91507e-05
0.000286437
2.21982e-05
0.000339845
0.0001414
0.000100753
0.000173799
0.000131038
0.00019827
4.84557e-05
0.000214832
0.000349897
0.000554341
0.0002221
0.000259484
2.38878e-05
0.000247073
0.000190226
5.93468e-05
0.000250458
0.000267383
0.000287459
0.000112688
0.000353848
0.000138363
0.000143285
7.72094e-05
5.61717e-07
6.27412e-05
6.33287e-05
0.000195273
0.000397288
4.15942e-05
6.05961e-05
6.89108e-05
0.00013297
7.29334e-05
8.28448e-05
0.000161509
0.000422842
0.000159933
9.38944e-06
0.000188838
4.30933e-05
5.05636e-06
0.000111277
9.48327e-05
0.000271344
6.83199e-05
4.21102e-06
3.89856e-05
0.000373034
0.000655462
0.000154298
0.000436397
2.19418e-05
0.000403739
0.000141103
0.000409814
0.000103219
5.07355e-05
0.000198118
0.000146701
0.000128916
8.09334e-05
0.000173416
0.000177715
0.000116077
0.000140286
0.000206723
0.000138581
0.000183176
7.31256e-05
5.24246e-05
0.000333689
0.000382069
0.000362503
1.15409e-06
2.03895e-05
0.000216143
0.000275726
0.00011684
3.81968e-05
9.03272e-05
9.2559e-05
2.86272e-05
0.000170907
7.88905e-05
2.87718e-05
