n=32
J=0.707107
eta=1.16456
mu=0.0582278
beta-optimal=0
max-overlap=0
1.50729e-12
2.75028e-12
5.4619e-12
4.19158e-12
8.24781e-12
6.3461e-12
3.48991e-12
9.36148e-12
4.58642e-12
4.11813e-12
8.73444e-12
1.63957e-12
8.4835e-12
5.23313e-12
6.16381e-12
5.0761e-12
2.73948e-12
3.70865e-12
3.84496e-12
1.7128e-12
2.63409e-12
9.47641e-13
3.11885e-12
5.62394e-12
2.60078e-12
6.68762e-12
1.91416e-12
1.95897e-12
1.55579e-12
5.08823e-12
8.38198e-13
2.27809e-12
6.42927e-13
1.57292e-12
2.08811e-12
2.74075e-12
6.74301e-12
2.79464e-12
1.33255e-12
2.57511e-12
5.15584e-12
6.67243e-13
1.13806e-12
1.67118e-12
2.01053e-12
9.15991e-13
7.25556e-12
8.65984e-13
7.60651e-13
1.32564e-12
1.74775e-12
1.2422e-12
1.06089e-12
2.34911e-12
8.09908e-13
1.70479e-12
1.35661e-12
9.94496e-13
1.60535e-12
1.00906e-12
2.85911e-12
1.07978e-12
1.01978e-12
1.50199e-12
7.50772e-14
1.87474e-12
2.60296e-13
2.08972e-12
1.24131e-12
2.8425e-13
3.88365e-13
7.00041e-13
1.37519e-12
8.99392e-13
8.39081e-13
1.21517e-12
8.06855e-13
1.79796e-12
4.341e-13
9.10757e-13
2.3177e-12
1.02213e-12
2.23907e-12
1.19373e-12
1.23203e-12
4.58799e-13
9.04232e-13
1.74384e-13
1.09484e-12
9.80608e-13
7.40723e-13
1.77083e-12
6.78918e-13
5.44958e-13
2.81747e-13
9.59075e-13
5.20284e-13
7.4297e-13
1.32788e-12
1.54453e-13
7.77672e-13
9.41472e-13
1.39022e-12
5.9746e-13
8.96003e-13
8.93649e-13
4.11375e-13
1.58671e-13
7.85339e-13
3.11509e-13
3.8059e-13
1.13312e-12
2.06229e-12
2.83444e-13
4.36913e-13
8.54229e-13
6.28257e-13
1.19812e-13
6.92821e-13
3.89317e-13
7.80662e-13
7.39404e-13
7.6708e-13
1.81135e-13
5.43166e-13
5.50829e-13
3.90056e-13
4.81303e-13
4.16781e-13
2.8386e-13
3.30653e-13
1.07974e-12
1.95185e-13
4.95242e-13
4.5422e-13
1.79366e-13
1.52968e-13
1.3421e-12
2.86936e-13
1.46494e-13
1.07478e-12
6.26568e-13
2.39647e-13
7.68495e-13
5.78693e-13
4.45892e-13
4.73528e-13
1.77859e-13
6.37711e-13
6.20262e-13
5.55461e-13
8.03456e-13
5.25315e-13
6.40396e-13
7.67379e-13
1.69405e-13
3.86046e-13
5.65041e-13
1.4292e-12
4.09694e-13
4.75158e-13
3.52753e-13
7.36388e-13
4.72202e-14
9.12116e-13
8.26747e-13
5.15906e-13
6.36771e-13
7.04713e-13
8.98129e-13
8.44691e-13
4.22121e-13
4.2148e-13
7.63714e-13
3.23058e-13
3.02998e-13
5.34004e-13
4.77702e-13
3.92137e-13
3.16874e-13
2.2748e-13
2.34618e-13
8.24215e-13
5.21065e-13
7.01507e-13
2.61215e-13
7.12016e-13
1.26786e-13
5.81894e-13
3.02034e-13
6.33728e-13
2.98901e-13
7.51428e-14
3.73106e-13
2.29419e-13
2.37175e-13
1.3256e-13
4.1409e-13
7.34994e-13
1.08263e-12
2.95347e-13
1.61945e-13
4.55772e-13
8.33722e-13
3.17702e-13
4.67447e-13
5.94283e-13
2.8887e-13
2.17508e-13
1.77351e-13
2.98081e-14
1.58914e-13
6.46711e-13
2.61998e-13
4.1404e-13
9.93163e-13
1.18165e-12
4.96684e-13
7.8131e-13
9.19367e-13
4.39873e-13
4.56064e-13
3.78162e-13
2.77519e-13
8.70041e-13
5.00627e-13
5.70578e-13
3.29347e-14
5.55309e-13
3.423e-13
3.24136e-13
4.2362e-13
8.978e-13
6.51378e-13
7.22758e-13
1.67471e-13
2.12842e-13
2.15515e-13
1.48046e-13
1.74363e-13
1.89158e-13
3.4313e-13
2.00793e-13
3.31162e-13
5.65626e-13
7.08374e-13
9.8851e-13
2.13961e-13
5.14488e-13
1.00793e-12
9.56784e-13
2.97866e-13
5.68448e-13
7.10467e-13
4.06731e-13
4.81439e-13
