n=32
J=0.707107
eta=1
mu=0.0810127
beta-optimal=0
max-overlap=0
0.369593
0.30528
0.284902
0.237883
0.22279
0.208462
0.200728
0.184207
0.170456
0.150605
0.169803
0.164756
0.141965
0.131957
0.122911
0.110196
0.0964083
0.0985669
0.0901366
0.0936874
0.105875
0.0904501
0.0843298
0.0845815
0.0843639
0.0821323
0.0802598
0.0720957
0.067539
0.0708732
0.0664323
0.0610442
0.0608498
0.0683546
0.0588217
0.0581278
0.0538064
0.0524615
0.0566807
0.0474696
0.0478346
0.0478184
0.0468891
0.0492061
0.0416195
0.040168
0.0434417
0.0380525
0.0379646
0.0379125
0.0337656
0.0368808
0.0384307
0.0354919
0.0341802
0.0386555
0.0361843
0.032385
0.0331347
0.0322685
0.0305581
0.0308349
0.0305951
0.0310508
0.0318124
0.0272873
0.0270083
0.0308464
0.0279771
0.0251347
0.0265213
0.0280354
0.0281669
0.0250588
0.0253859
0.0245072
0.0230159
0.0236168
0.0250853
0.0232019
0.0251701
0.0226968
0.0208449
0.0205103
0.0201334
0.0207253
0.0200462
0.0178509
0.0211233
0.0184308
0.0201171
0.0183204
0.0190336
0.0178106
0.0190013
0.0194623
0.0167693
0.0170281
0.0166744
0.0162569
0.0183105
0.0157643
0.0178445
0.0161148
0.0161462
0.0147267
0.0152145
0.014751
0.0141964
0.0159957
0.0162293
0.0153359
0.0152158
0.0149003
0.0157969
0.0138472
0.014047
0.0131969
0.0138614
0.0143085
0.0136132
0.0129751
0.0124354
0.0130003
0.013286
0.0137895
0.0125507
0.0117554
0.0120765
0.0122563
0.0117572
0.0119592
0.0110814
0.0108941
0.0115035
0.0110502
0.0111067
0.0106949
0.0103141
0.0100959
0.0105788
0.0103874
0.0107147
0.0101543
0.00951902
0.00901727
0.00915006
0.0102323
0.00987451
0.00903241
0.00955788
0.00975047
0.00941851
0.00967482
0.00920602
0.00936931
0.00911277
0.00889257
0.00867281
0.00829842
0.00860931
0.00820727
0.00775253
0.00807411
0.00830235
0.00837179
0.00782819
0.00856155
0.00794218
0.00807048
0.00803844
0.00721004
0.00801445
0.0077871
0.00706927
0.00753212
0.00699407
0.00655339
0.00782338
0.00681772
0.00650843
0.00684275
0.00672201
0.00686859
0.0066925
0.00614876
0.00674629
0.00627155
0.00636125
0.00636981
0.00631715
0.00618027
0.00588428
0.00627748
0.00629808
0.00597038
0.0061617
0.00596714
0.00572439
0.00595855
0.00575715
0.00535419
0.0056076
0.00567395
0.00546796
0.00553977
0.00526184
0.00566389
0.00576244
0.00525912
0.00574768
0.00510911
0.00542603
0.00514475
0.00525417
0.00490841
0.00490136
0.00449531
0.00502406
0.00459194
0.00519582
0.00499098
0.00444342
0.00448378
0.00500928
0.00451583
0.00443162
0.00456808
0.00450702
0.00430258
0.00437416
0.00455817
0.00414337
0.00426133
0.00429839
0.0039155
0.00412626
0.00434014
0.00382011
0.00409102
0.00394836
0.00392816
0.00390444
0.00389053
0.00354153
0.00371138
0.0037176
0.00331197
0.00336763
0.0034421
0.00347145
0.00339462
0.00332451
0.00321892
0.00298009
0.00301973
