n=32
J=0.707107
eta=1.03797
mu=0.0379747
beta-optimal=0
max-overlap=0
0.000763389
0.00481198
6.50848e-05
0.00236432
0.00359755
0.00129035
0.000207026
0.0030277
6.2848e-06
0.000224764
0.00356429
0.000656695
0.00029163
0.000667804
0.00014573
0.00184852
0.000386928
0.00122628
0.000314296
0.000837588
0.00239954
0.00185061
0.000266289
0.000536887
0.00084384
0.000370664
0.00210452
0.000829401
0.000208978
0.000333431
0.000521519
0.00111087
0.000810304
4.2e-05
0.000517322
0.000343168
0.000222578
0.000340219
0.000259538
0.000478781
0.000399452
8.67297e-05
2.73814e-05
0.000707628
0.000314114
0.000819207
0.000960258
0.000329256
0.00044825
0.000576562
0.001758
7.29099e-05
0.000278122
0.000678255
0.000530091
0.000509285
0.000645875
0.000727918
0.000103433
0.000405082
0.000552571
0.000481794
0.000195794
0.000395742
0.000182593
2.22054e-05
0.000530945
0.000587831
0.000383486
0.000116384
2.99939e-05
0.000150265
5.15583e-05
5.49395e-05
0.000733234
0.000100328
0.000129269
0.000158988
8.74644e-06
0.000171489
0.00015951
0.000268412
0.000401423
0.000473375
9.00178e-05
0.000777279
9.95914e-05
0.000534481
3.69275e-05
1.56261e-06
0.000431027
0.000175789
0.000105489
0.000273538
0.000251206
0.000227796
4.34648e-05
0.000165403
9.28866e-06
0.000288913
5.26322e-05
7.8739e-05
0.000392335
0.000488742
9.69504e-06
0.000574585
0.000105877
0.00046388
8.21782e-05
0.000268311
0.000178672
0.000142151
5.96164e-07
3.91752e-05
2.20033e-05
0.000300274
0.000127112
1.94717e-05
0.000432774
3.01045e-07
4.291e-05
7.43569e-05
1.20893e-06
3.72871e-05
0.000116777
0.000132672
0.000482299
2.12057e-07
0.00014715
4.04837e-05
3.63546e-05
4.32482e-05
0.000293493
0.00017803
8.56846e-05
0.000245743
0.000106863
0.000165685
0.00018357
0.000124045
0.000200494
3.32705e-05
3.9597e-05
8.67357e-05
7.54546e-07
8.79602e-05
0.000474317
1.9613e-05
0.000120518
0.000255188
0.000123724
8.92789e-05
0.000116921
6.87566e-05
4.24458e-06
0.000173581
0.000117432
3.26088e-05
0.000108825
0.000160206
7.38921e-07
1.64282e-05
0.000418386
1.54249e-05
5.55635e-05
0.000194889
9.44941e-05
3.34893e-05
0.00017923
0.000413113
3.08527e-05
8.81691e-05
0.000141805
9.99483e-05
0.000135338
1.15283e-05
5.87206e-05
2.40229e-05
0.000206134
4.22752e-05
7.41291e-05
2.88798e-05
0.000204242
3.79039e-05
0.00011018
0.000312288
0.000127934
3.20804e-05
2.74495e-05
4.42474e-05
0.000139231
6.15471e-05
3.99714e-05
2.13168e-05
4.1677e-05
9.40228e-05
7.03073e-05
2.85751e-05
0.000133489
0.000231342
6.69027e-05
3.71554e-05
1.03833e-05
8.4273e-05
1.28633e-05
0.000205813
8.26768e-05
2.79218e-05
0.000112381
3.14651e-05
9.87771e-05
6.85119e-05
1.86741e-06
9.80664e-05
0.000329187
7.22836e-05
7.12324e-05
0.000197243
0.000169171
1.07138e-06
2.04483e-05
0.000106746
4.35136e-07
0.000308204
6.89541e-05
0.000176962
1.87047e-05
6.23562e-05
0.000337629
6.5887e-05
9.29641e-05
0.000227167
3.78626e-05
6.45779e-05
0.000155479
6.90803e-05
8.78531e-05
0.000102393
5.79348e-05
0.000184473
1.16575e-05
4.85768e-05
8.21222e-05
0.000200051
9.32688e-05
2.30769e-05
6.34184e-05
0.000165467
0.000104052
4.88359e-05
0.000156694
0.000232944
6.33383e-05
3.10458e-05
2.60994e-05
4.82535e-05
