n=32
J=0.707107
eta=1.01266
mu=0.0253165
beta-optimal=0
max-overlap=0
7.50735e-11
1.23184e-10
8.78069e-11
9.31746e-11
5.59464e-11
1.10233e-10
8.37603e-11
2.95483e-11
4.02445e-11
3.53737e-11
2.93053e-11
9.50337e-12
1.29957e-11
1.54456e-11
3.23778e-11
2.40513e-11
6.71999e-12
3.29076e-11
3.78217e-11
1.45784e-11
6.90827e-11
1.11799e-11
4.74217e-12
1.43426e-11
2.18538e-11
1.81207e-11
2.54815e-11
9.88627e-12
1.09141e-11
1.10686e-11
2.16613e-11
1.43697e-11
9.59684e-12
3.52306e-11
4.54403e-11
1.1169e-11
6.36807e-12
1.16953e-11
9.27852e-12
1.02728e-11
7.959e-12
1.45755e-11
7.29147e-12
4.16424e-12
2.85061e-11
6.44453e-13
8.14512e-12
1.26903e-11
5.02786e-12
1.59284e-11
1.89856e-11
2.19043e-11
4.69759e-12
6.09279e-12
1.2849e-11
3.79174e-12
4.21998e-12
1.32569e-11
1.22704e-11
7.58513e-12
1.27541e-12
3.43216e-13
3.12383e-12
1.1559e-12
2.24151e-12
6.67115e-12
5.58411e-12
3.61713e-12
1.61378e-12
2.3397e-12
1.66596e-12
7.66068e-13
2.59173e-12
6.46494e-12
1.46671e-12
1.77482e-12
5.38674e-12
3.04474e-12
2.1876e-12
1.80799e-12
1.36925e-12
1.05177e-11
7.65442e-12
6.94714e-12
1.23901e-12
4.08545e-12
7.51055e-12
6.84326e-13
4.8746e-12
7.34312e-12
2.50308e-12
1.61473e-12
1.36223e-12
3.5369e-12
2.58409e-12
1.12558e-12
6.19652e-12
1.82812e-12
2.07665e-12
3.1634e-12
2.98432e-12
5.24207e-12
1.62341e-12
1.60535e-12
2.00366e-12
1.21591e-12
5.30047e-12
6.4386e-12
6.70954e-12
3.31157e-12
3.95902e-12
1.99703e-12
2.19398e-12
5.42395e-12
4.19732e-12
2.17127e-12
2.43465e-12
3.91208e-12
3.5164e-12
3.51128e-12
5.50648e-12
3.53579e-12
2.55576e-12
2.1566e-12
1.76413e-12
3.72265e-12
2.72546e-12
1.08798e-11
1.83885e-12
3.53546e-12
2.55393e-12
3.61067e-12
3.48057e-12
2.60204e-12
3.00775e-12
1.321e-12
6.86462e-13
4.20215e-12
1.97856e-12
2.00552e-13
4.78315e-12
3.87691e-12
2.7716e-12
1.87249e-12
3.30829e-12
7.20957e-13
1.22537e-12
2.52644e-12
5.48732e-12
3.19012e-12
9.9897e-13
5.29356e-13
2.49615e-12
4.341e-12
2.72253e-12
2.00667e-12
1.26569e-12
6.70799e-13
3.37074e-12
4.93525e-12
1.54455e-12
2.80347e-12
3.30409e-12
3.93261e-12
1.78563e-12
1.84852e-12
3.21877e-12
1.06671e-12
3.84103e-12
8.34717e-13
2.94671e-12
3.26956e-12
1.22027e-12
4.15026e-12
1.57785e-12
1.56772e-12
2.12998e-12
2.63411e-12
5.06954e-12
2.14781e-12
3.23235e-12
6.3238e-12
3.38485e-12
5.06115e-13
1.6694e-12
3.82975e-12
1.81266e-12
3.71078e-12
1.57204e-13
5.59265e-12
6.45973e-13
9.47891e-13
2.51517e-12
4.74015e-13
3.6421e-12
1.75092e-12
1.3517e-12
1.96028e-12
2.98173e-12
4.6021e-13
1.59147e-12
1.76849e-12
3.34939e-12
6.90613e-13
1.0782e-12
3.17643e-12
3.95335e-12
9.69377e-13
2.21054e-12
5.03863e-12
1.96371e-12
2.30522e-12
2.18225e-12
2.9059e-12
8.05565e-13
2.23055e-12
2.19088e-12
7.66105e-13
1.90588e-12
1.23117e-12
5.65081e-12
1.20553e-12
2.30971e-12
4.12363e-12
1.52062e-12
2.47107e-12
1.15517e-12
5.05903e-13
2.69334e-12
6.94918e-13
2.22148e-12
1.26354e-12
1.20976e-12
1.48246e-12
2.92632e-12
9.96305e-13
1.33715e-12
1.97388e-12
3.49997e-12
1.67374e-12
5.38035e-13
2.93612e-12
8.65014e-13
6.92881e-13
9.24089e-13
4.41065e-12
1.54176e-12
6.69124e-13
1.58647e-12
2.38104e-12
4.11334e-12
8.01148e-13
6.81624e-13
2.07227e-12
4.14271e-12
1.36382e-12
