n=32
J=0.707107
eta=1.03797
mu=0.0405063
beta-optimal=0
max-overlap=0
0.000530169
0.00345706
0.00598258
0.000409257
0.00300358
0.000209026
0.00629218
0.000356042
0.000600933
0.00109618
0.00134187
0.00180691
0.00178403
0.00043819
0.000329689
0.00191116
0.000778038
0.000321711
0.000180886
0.000879113
0.00133575
0.00130968
0.000119407
0.000227836
0.000460635
0.000587154
0.000668757
0.00133681
0.000551799
0.000682396
0.000338839
0.00140085
0.00133971
0.000371493
0.00058257
0.00112979
0.00198628
0.000493073
0.00147469
0.000351347
0.000500494
0.000578765
0.000256132
0.000109861
9.60515e-06
0.00147329
3.28137e-05
0.000344142
0.000114744
0.000277393
0.0006859
1.24851e-05
3.42145e-05
0.00132974
0.000500838
0.000267307
0.000298119
0.000927497
0.000578385
0.000668394
2.66939e-05
0.000524438
0.00110973
0.000399178
6.31579e-05
0.000141978
9.75038e-06
8.57129e-05
8.08192e-05
0.000246256
0.000219997
0.000465966
0.00031591
0.000349454
0.000330002
0.000362978
0.000165643
0.000949877
0.000730253
0.000576032
0.000481154
0.000219205
0.000536178
0.000446286
6.55654e-05
0.000344712
0.00062125
0.000420708
0.000125555
0.000377744
0.000504459
0.000158864
8.70424e-05
0.000244927
0.000322905
0.000566181
9.48848e-05
0.000488082
1.11408e-06
0.000303218
0.000488123
0.000170297
8.82646e-05
7.37192e-05
0.00027007
0.000429364
0.000181331
1.37273e-05
6.73466e-05
0.000146513
3.32363e-05
0.000298199
5.94389e-05
0.000414067
0.000255667
2.81061e-06
0.000113341
0.000403895
0.000109121
0.000128766
0.000111953
0.000462288
0.000104715
0.000162977
0.000474798
0.00011469
0.000435342
0.000151184
0.000409857
0.000181325
9.67881e-06
4.43999e-06
7.39802e-05
0.000109511
5.56938e-05
0.000149318
9.04927e-06
9.45139e-05
0.000214554
0.000476308
0.000255272
8.43622e-05
0.000273259
0.000394956
0.000309639
8.50538e-06
0.000199976
0.000129424
1.72125e-05
0.000198102
9.77201e-06
0.000307493
1.93587e-05
0.000144416
3.81536e-05
0.000119807
4.03244e-05
0.000258296
6.99394e-06
0.000360063
0.000356158
0.000100687
4.30393e-05
4.09788e-05
0.000114126
0.000118115
0.000100102
6.72917e-05
0.000101298
0.000114487
0.00033382
0.00023121
0.000201894
8.09589e-05
1.33127e-05
1.13629e-05
8.84238e-05
7.79548e-05
0.000247521
8.24576e-05
0.00010222
3.32601e-05
0.000176061
0.000772565
0.000180761
0.000122031
8.25073e-05
0.000107607
0.000142583
0.000199782
0.000200749
3.68674e-05
3.4432e-05
0.000159077
8.91055e-05
0.000278499
0.000107881
3.79828e-05
0.000102639
7.30936e-05
7.36706e-05
0.000133297
0.000168715
0.000121242
0.000142412
0.000294115
0.000189778
0.000257708
4.98007e-05
9.04098e-05
0.000123599
0.00014614
5.74104e-05
2.41204e-05
0.000178915
3.62851e-05
0.000289865
0.00016849
8.4001e-05
3.78381e-05
7.03733e-06
0.000157462
6.52771e-05
0.000369283
0.000209238
0.000133293
0.000150721
0.000184282
6.45516e-05
0.000107369
0.000138254
0.0001638
0.000121749
0.000105531
0.000250215
4.17189e-05
0.000292222
0.00010974
0.000112697
5.59274e-05
3.56346e-05
8.86878e-05
3.78916e-05
4.79468e-05
0.000155266
0.000352715
0.000133793
0.000138509
0.000305429
9.31617e-05
0.000228511
3.36233e-05
8.224e-05
0.000131385
0.000103556
5.64122e-05
