n=32
J=0.707107
eta=1.01266
mu=0.0303797
beta-optimal=0
max-overlap=0
0.0114212
0.00717398
0.00658978
0.0103833
0.00229938
0.0010131
0.00313901
0.00181924
0.000684395
0.00161531
7.77137e-05
0.000444752
0.000713806
0.00220701
0.000302246
0.00103187
0.000398809
0.00235252
0.000491471
0.000762381
8.6269e-05
0.00194627
0.00194231
0.000717645
0.000700229
0.00292378
0.000326587
0.000920684
0.00114825
0.000519029
0.00224102
0.00180577
0.00195088
0.000749956
0.00110151
0.000868525
4.08523e-05
0.000834022
0.000790401
5.46236e-05
0.000611087
0.000893252
0.000469845
0.000627694
0.0004076
2.48529e-05
0.000281603
5.95093e-05
0.00028509
0.000351745
0.000509397
0.000297443
0.000591383
0.00160882
0.000270715
0.000701404
0.000282161
0.000652823
0.000344556
0.000283167
0.000186537
0.000371603
0.000144001
0.000628669
0.000397636
0.000428465
0.00074302
0.000202188
0.00013736
1.93895e-05
0.000668741
3.59215e-05
0.000145678
4.92057e-05
0.000387347
0.000421935
0.000419989
0.000738077
2.71312e-05
5.35509e-05
3.18155e-05
0.000169885
0.00024527
0.000262896
0.000131476
0.000117651
0.000185646
0.000164024
0.000224194
0.000373684
2.29211e-05
0.000269525
0.000369751
0.000388975
0.000152253
0.000228807
5.96231e-05
0.000156572
0.000194465
8.50939e-05
6.32325e-05
0.000185305
0.000330254
0.00032928
4.73117e-05
0.000410878
1.91988e-05
8.41574e-05
0.000137432
0.000160111
3.33787e-06
0.000301478
5.11578e-05
6.51914e-07
0.000127424
0.000228664
0.00016177
0.000320658
8.71671e-05
0.000403378
1.51722e-05
0.000122183
0.000292847
7.24804e-05
0.000246389
0.000106174
0.000143672
3.77583e-06
0.000282798
0.000156807
8.62164e-05
0.000202571
0.000191596
0.000141622
0.000543543
0.000253244
0.000125558
0.000195978
0.000211798
0.000114528
6.78348e-05
5.48893e-05
2.45844e-05
0.00017211
0.000298861
0.000176047
3.66676e-05
6.27432e-06
9.74334e-05
3.37001e-05
0.00038884
2.28201e-05
2.50913e-05
1.46808e-05
4.76023e-05
7.84399e-05
0.000153213
3.75514e-05
1.2118e-05
2.72534e-05
0.000129086
0.000155021
0.000147834
0.000149071
4.62511e-05
9.14524e-05
2.37232e-05
0.000138091
4.06273e-05
0.000107957
0.000101156
4.25752e-05
8.78846e-05
2.23227e-05
4.80399e-06
6.77812e-05
1.26604e-05
2.73696e-05
0.000105073
2.73851e-05
7.29239e-05
7.90853e-06
4.87038e-05
4.78757e-05
0.000206992
0.000116241
5.25711e-05
8.30436e-05
1.02665e-05
0.00017517
9.60255e-06
0.000179413
6.77605e-05
2.51741e-06
7.28219e-05
8.86671e-05
3.33385e-05
0.000110326
1.54694e-05
0.000181234
8.28642e-05
5.56357e-05
3.38088e-05
0.000128301
0.000173012
4.63627e-05
7.80303e-05
8.03369e-05
5.78544e-05
1.66599e-05
0.000168743
6.0315e-05
4.44272e-05
0.000103522
2.27951e-05
0.000102001
1.78209e-05
0.000125921
4.01064e-05
0.000139405
0.000134469
4.21143e-05
1.4898e-05
0.000172203
2.99468e-05
0.00022422
5.766e-05
3.75499e-05
8.72074e-05
6.50278e-05
7.3938e-05
0.000145054
2.69669e-05
7.49671e-05
0.000149247
0.00013361
2.4625e-05
3.87959e-05
8.7972e-05
6.6169e-05
9.50295e-05
1.48734e-05
7.69348e-06
2.29127e-05
2.19325e-05
8.97088e-05
4.60776e-05
0.000112266
0.00014601
4.02814e-05
9.56791e-05
0.000109698
0.000149606
0.000126813
0.000135439
7.04792e-05
