n=32
J=0.707107
eta=1.01266
mu=0.00253165
beta-optimal=0
max-overlap=0
1.07747e-05
5.19614e-05
0.000180559
1.32619e-05
7.49414e-06
0.000111141
8.78339e-05
7.55398e-07
0.000301847
9.5496e-07
4.51085e-05
9.43644e-06
8.53062e-06
6.08335e-05
0.000140081
1.59488e-05
3.93603e-06
2.49575e-06
1.32219e-05
2.38704e-06
6.41274e-05
1.04868e-05
2.29209e-05
2.23118e-06
6.55779e-05
6.57311e-05
2.42611e-08
1.23054e-05
1.34325e-08
0.000112803
4.93347e-06
3.09998e-05
3.81408e-06
2.45894e-05
0.000112359
2.51588e-05
2.03692e-06
6.34851e-05
4.04863e-07
3.03206e-05
1.33036e-06
8.01311e-05
2.3087e-06
7.57413e-06
1.56875e-05
9.35678e-07
1.27128e-06
1.75098e-06
4.00772e-06
4.28862e-05
6.7665e-06
1.83206e-06
3.5134e-06
2.58049e-05
1.35115e-06
3.50143e-07
1.14454e-05
5.43566e-05
2.76238e-05
2.96461e-08
4.75965e-05
1.93238e-06
4.5326e-06
2.97259e-05
1.87094e-06
2.70793e-05
3.06462e-06
1.46654e-05
1.30347e-08
2.43178e-06
2.26209e-05
1.30034e-07
4.69807e-06
1.27774e-05
1.73208e-06
2.2771e-06
1.60618e-05
2.14633e-06
2.17997e-05
2.42613e-06
1.06941e-06
6.93832e-06
1.76578e-06
4.25468e-05
6.65986e-06
9.4463e-07
1.90191e-05
1.08052e-06
7.58886e-06
3.34642e-05
1.58824e-05
3.08525e-06
3.77857e-06
4.48513e-05
3.33845e-05
2.432e-06
2.97829e-05
6.61126e-07
4.23335e-07
3.90387e-06
7.1872e-07
3.35051e-05
1.15763e-06
3.95128e-07
7.4698e-07
3.04795e-06
4.63783e-07
8.22949e-06
1.64161e-06
3.62351e-06
3.69026e-06
7.93776e-08
2.02157e-05
2.8994e-05
1.74161e-07
1.13541e-06
1.47464e-05
1.37088e-07
3.78321e-06
1.99833e-05
9.85836e-06
8.42864e-07
5.32308e-07
9.53303e-06
5.37591e-07
1.12473e-06
2.18609e-06
1.48682e-05
6.38684e-07
2.07863e-08
9.45223e-06
3.83813e-06
1.90395e-06
1.57828e-06
1.58074e-06
4.41951e-07
8.5613e-07
1.23296e-05
8.64711e-08
1.71856e-07
2.51105e-05
2.52378e-05
9.48397e-07
1.31682e-06
7.6751e-07
1.8703e-07
1.02373e-05
5.43036e-06
5.87796e-06
1.52644e-06
7.111e-07
1.19971e-06
6.65118e-07
3.53815e-06
1.23642e-06
1.92298e-05
2.15828e-05
1.887e-07
1.06166e-05
5.70107e-05
6.91634e-08
1.39137e-06
1.11627e-06
7.58602e-06
1.56539e-06
1.39882e-06
3.03098e-07
3.10192e-07
3.91662e-06
1.27464e-07
1.42993e-05
2.13409e-05
1.30094e-06
3.13709e-05
5.51746e-07
5.08117e-07
1.08127e-06
1.88738e-07
2.77454e-05
8.08372e-07
9.59411e-06
9.09285e-06
2.2226e-06
7.59196e-06
6.94775e-07
1.17656e-05
3.2232e-07
5.18059e-06
3.36829e-07
3.68476e-05
9.90568e-07
3.67552e-08
1.92292e-05
1.5225e-07
2.93441e-06
3.75072e-07
2.22386e-05
3.89869e-07
5.28062e-06
9.84786e-08
1.59885e-07
1.54378e-05
8.58779e-06
5.05451e-07
1.58012e-06
8.22974e-06
4.91647e-06
1.01009e-07
5.97175e-07
1.56093e-05
5.5607e-07
2.69858e-06
3.07287e-07
9.45433e-07
6.83464e-07
5.19368e-06
3.069e-05
1.729e-07
1.27148e-06
2.7468e-05
7.49613e-06
2.09907e-07
8.39039e-07
1.07481e-06
3.4965e-07
1.40305e-05
4.77281e-07
6.09513e-06
3.17284e-05
5.15409e-07
4.57615e-06
1.25655e-06
1.07216e-05
4.62029e-07
2.38553e-07
3.13847e-07
2.59264e-06
1.53989e-06
7.34631e-06
1.77497e-07
7.85134e-07
3.19994e-05
2.38568e-06
7.43962e-09
6.03649e-07
3.23827e-05
6.19901e-07
1.0422e-05
3.62622e-07
1.40886e-05
1.29733e-05
1.05847e-06
2.45944e-07
1.06687e-05
2.92288e-06
4.32718e-08
