n=32
J=0.707107
eta=1.87342
mu=0.108861
beta-optimal=0
max-overlap=0
0.00071318
0.0015695
0.000251091
0.00179302
0.00111867
0.000340486
0.00081036
3.40474e-05
0.00119244
0.000925665
0.00025766
7.70103e-05
0.000739833
0.000454943
0.00171729
0.000838142
0.00289485
0.000634951
0.000458661
0.00145246
0.000187706
0.000666651
6.23922e-05
2.08107e-05
0.00017735
2.94094e-05
0.000460207
0.00101929
0.000443631
0.00100811
0.000497676
0.000837409
0.000212382
0.000269002
0.000330941
0.000109331
0.00040923
0.000534351
0.00101437
0.000331506
0.000193066
0.00100195
0.00044463
0.000868508
0.000107107
0.000212652
0.000438287
0.000821998
9.43821e-05
0.000188203
0.000505374
0.00075189
8.14474e-05
0.000159044
0.000601057
0.000356708
0.000718076
0.00092714
0.00122013
0.00105921
3.76137e-05
0.00111028
0.000619663
5.70573e-05
0.000892793
0.000371382
0.000437197
0.000403122
0.000146931
0.000102208
5.59512e-05
0.000639695
0.000182073
0.000299952
0.000564167
0.000563273
0.000640629
0.000282987
0.000318536
0.00121935
0.000114414
0.000421284
0.00015758
0.000112405
0.000259879
2.7813e-05
0.000788882
0.000174203
0.000486726
1.99343e-06
0.000261296
0.000332577
4.30884e-05
0.000469603
0.000441865
0.000586156
0.000322488
0.000111285
0.000250716
8.09852e-05
0.00023535
0.000239498
9.95913e-05
9.9785e-05
0.000758155
0.000126696
0.000631083
0.000312336
0.000229607
0.000338974
7.94182e-05
0.0006683
0.000194429
1.60351e-05
0.000190259
5.536e-05
0.000209264
0.000243062
0.000157128
1.76465e-05
0.000371144
0.000176597
0.00040571
0.00057046
9.57554e-05
0.000285035
1.50922e-05
0.000114222
0.000513457
0.000474576
0.000444466
1.84201e-05
0.000229496
1.53518e-05
0.00031111
9.40193e-05
0.000116437
0.000500641
0.000274948
0.000754812
0.000386002
0.000134194
0.000532753
4.84383e-05
2.05995e-05
0.000364212
0.000955497
0.000754726
4.07093e-05
0.000672807
0.000128581
0.000312144
0.000296174
5.88546e-05
0.00039134
0.000586016
0.000405733
0.000346064
0.000318014
0.000819646
0.000429657
2.31964e-05
0.00084606
0.000188776
0.000194647
0.000194232
0.00049552
0.000150856
0.000276275
0.000976495
1.56682e-05
0.000300659
0.000248174
0.000286166
4.53774e-05
0.000168032
0.000304736
0.000203731
0.000234001
0.000274268
0.000162222
0.0003121
0.000188421
0.00024913
0.000136225
0.000233401
0.000199189
0.000150568
1.08252e-05
0.000202859
0.000410092
0.000437747
0.000334442
0.000339308
0.000110677
0.000154028
0.000823573
0.000411089
0.000916459
0.000538918
9.06148e-06
1.27177e-05
0.00010905
0.00042945
5.51269e-05
0.000580386
0.000242876
0.000225662
8.21898e-05
0.000167862
0.000215533
0.000688348
1.62193e-05
0.000235949
0.000267208
0.000263624
0.000221194
0.000168894
0.00021217
6.85168e-05
0.000180246
1.62494e-05
0.000254624
0.000193422
0.000767288
7.57429e-05
0.000258619
0.000390631
1.83616e-05
2.89738e-05
0.000747289
0.000128063
0.00064597
0.000218084
3.13913e-05
0.00012872
0.000127289
0.000168599
0.000364117
0.000528815
0.000481856
0.000304532
0.000239321
8.33984e-06
0.000547893
0.000382335
0.000619261
8.12921e-05
0.000538216
0.000651914
0.000482434
0.000331123
8.55869e-05
0.00048074
0.000529594
0.00027642
