n=32
J=0.707107
eta=1
mu=0.0303797
beta-optimal=0
max-overlap=0
0.830546
0.283063
0.159386
0.0999378
0.0835949
0.0961924
0.0918284
0.0380166
0.0619584
0.0503749
0.0631084
0.0413709
0.0288045
0.035839
0.0470052
0.0301967
0.0195255
0.0286482
0.0298324
0.0170035
0.026102
0.0165917
0.0178497
0.0119944
0.0194135
0.0187954
0.0128961
0.0116421
0.0131598
0.0144255
0.0129828
0.0107985
0.00903002
0.0129991
0.0186152
0.0102624
0.00817748
0.011985
0.00874854
0.00577166
0.00679704
0.00734626
0.00984419
0.00762545
0.00959934
0.00742321
0.00588061
0.00647065
0.00548906
0.00905079
0.00797951
0.00618332
0.00555605
0.00705503
0.00542782
0.00563641
0.00718272
0.0043616
0.00647909
0.00415123
0.00639434
0.00405971
0.00443976
0.00659113
0.00396118
0.00612373
0.00458547
0.00313444
0.00280881
0.00346007
0.00342571
0.00429744
0.00386415
0.00341161
0.00356908
0.00312235
0.00456251
0.00275124
0.00317825
0.00300644
0.00327948
0.00309918
0.00286536
0.00412292
0.00374457
0.00250642
0.00246318
0.00256894
0.00262069
0.00264724
0.00230027
0.00249564
0.00234837
0.00233255
0.00268624
0.00254694
0.00278228
0.00194226
0.00199521
0.00224886
0.00178576
0.00244704
0.00188435
0.00200985
0.00205668
0.00198726
0.00156684
0.00198491
0.0018451
0.00183725
0.00246359
0.00152253
0.00157487
0.00158614
0.00135848
0.00169513
0.0012858
0.00182667
0.00219826
0.00181452
0.00142643
0.00143026
0.00122277
0.00217511
0.00116869
0.00163126
0.00152488
0.00154766
0.00128407
0.00135366
0.00151776
0.00136801
0.00115969
0.00152988
0.00130087
0.00108382
0.00130147
0.00106955
0.000975924
0.000977939
0.00159537
0.00104552
0.00114616
0.0011376
0.00131042
0.00105057
0.000920057
0.00094928
0.00102838
0.00106659
0.0011245
0.00105349
0.00094092
0.0013569
0.00100272
0.000872185
0.000997457
0.00124149
0.000794946
0.000941303
0.000893435
0.00101895
0.000985477
0.00110375
0.000850127
0.000822135
0.000959104
0.000692269
0.000695522
0.000874794
0.00076862
0.000956676
0.000776202
0.000794517
0.000893527
0.000901333
0.000678863
0.000696366
0.000919089
0.000682922
0.000688655
0.000732179
0.000749065
0.000870321
0.000665663
0.00058561
0.000586608
0.000704038
0.000643636
0.000772165
0.000802635
0.000636839
0.000742121
0.000631423
0.000812306
0.000521854
0.000591344
0.000694579
0.000714485
0.000441857
0.000601948
0.000532416
0.000638807
0.000510446
0.000610256
0.00061298
0.000600363
0.000533411
0.000476803
0.000593863
0.000600167
0.000436025
0.000465505
0.00048642
0.000458623
0.000508109
0.000475603
0.000433506
0.000509072
0.000469155
0.000438954
0.000443381
0.00048705
0.000416186
0.000467802
0.000522006
0.000435204
0.000352265
0.000486043
0.000340139
0.000426243
0.000422465
0.000445688
0.000412638
0.00035036
0.00031402
0.00044315
0.000338168
0.000454504
0.000390358
0.000313416
0.000390082
0.000432519
0.000349681
0.000342242
0.000357895
0.000313249
0.000263992
0.000371276
0.000254575
0.000328105
0.000321865
0.000321419
0.000368311
0.000270237
0.000252692
