n=32
J=0.707107
eta=1
mu=0.078481
beta-optimal=0
max-overlap=0
0.378743
0.310285
0.288033
0.239029
0.223044
0.208152
0.200231
0.183453
0.169231
0.148686
0.168577
0.163756
0.140351
0.130031
0.120826
0.10801
0.0941413
0.0965447
0.0880071
0.0914906
0.104063
0.0882781
0.0822564
0.0825934
0.0823468
0.0800385
0.0784696
0.0700288
0.0656199
0.0689485
0.0644681
0.0592647
0.0589917
0.0666633
0.0569249
0.0563377
0.0519823
0.0506882
0.054883
0.0458227
0.0461154
0.0461112
0.0452079
0.0475161
0.0400097
0.0385796
0.0418637
0.036482
0.0365179
0.0363725
0.0323261
0.0354055
0.0370458
0.0340199
0.0328293
0.0373362
0.0348069
0.0310394
0.0317497
0.0309503
0.0293089
0.0295233
0.029394
0.0297761
0.0305582
0.0261184
0.0257794
0.0296804
0.0267574
0.024021
0.0253685
0.0269114
0.0270076
0.0239497
0.0242839
0.023428
0.0219649
0.022541
0.0239919
0.0221497
0.0241325
0.0216615
0.0198578
0.0195349
0.0191633
0.019762
0.0191128
0.0169393
0.0201499
0.0175016
0.019196
0.0174151
0.0181441
0.0169169
0.0181268
0.0185471
0.015919
0.0162059
0.0158378
0.015443
0.0174957
0.0149689
0.0170003
0.0153212
0.0153361
0.0139696
0.0144512
0.0139961
0.0134427
0.0152062
0.0154584
0.0145498
0.0144673
0.0141463
0.01505
0.0131256
0.0133281
0.0125152
0.0131797
0.0136076
0.0129141
0.012292
0.0117747
0.0123351
0.0126173
0.0131254
0.0118982
0.0111347
0.0114311
0.0116089
0.0111456
0.0113508
0.0104676
0.0102982
0.0109276
0.0104482
0.010519
0.0101271
0.00976233
0.00953833
0.0100352
0.00984273
0.0101639
0.00960181
0.00899467
0.00849589
0.00863698
0.0096949
0.00934438
0.00851591
0.00903364
0.00924057
0.00890414
0.00916177
0.00871364
0.00887779
0.00861976
0.00840902
0.00820049
0.00781838
0.00812791
0.00775401
0.0073095
0.00762718
0.00784751
0.00792431
0.00737578
0.00808625
0.00748412
0.00762034
0.00760567
0.00678992
0.00757738
0.00735684
0.00665743
0.00711412
0.00659271
0.00616423
0.00740212
0.00642076
0.0061211
0.00645178
0.00634404
0.00647407
0.00629951
0.0057755
0.00635891
0.00590421
0.00600067
0.00600204
0.00596062
0.00582586
0.00553558
0.0059167
0.00594099
0.00561815
0.00581374
0.00561292
0.00538248
0.00561858
0.00540624
0.00502921
0.0052856
0.0053404
0.00513868
0.00521547
0.00494935
0.00534173
0.0054364
0.0049468
0.00542256
0.00480316
0.00511108
0.00484146
0.00494516
0.004614
0.00461049
0.00421513
0.00473418
0.00431121
0.00490336
0.00470234
0.00416935
0.00421766
0.00472107
0.00424329
0.00416403
0.00429283
0.00423624
0.00404366
0.00411121
0.0042971
0.00388761
0.00399998
0.00404703
0.00367078
0.00388089
0.00408713
0.00358134
0.00384025
0.00371215
0.00369105
0.00367272
0.00365927
0.00331877
0.00348713
0.0034954
0.00309675
0.00315351
0.00322761
0.00325509
0.00318833
0.00311793
0.00301982
0.00278784
0.00283066
