n=32
J=0.707107
eta=1.13924
mu=0.0658228
beta-optimal=0
max-overlap=0
5.045e-05
0.000824241
0.00134805
0.000618769
0.00122889
0.00148468
0.00268458
0.00290523
0.00280737
0.001845
0.00179965
0.00053877
0.00086939
0.00070243
0.00011204
0.00160063
0.000636999
0.000920525
0.000911296
0.000471323
0.000346101
0.000455772
0.00293838
8.78026e-05
0.000928128
0.00151454
0.00180306
0.00112167
0.000645825
0.00106125
0.000904697
0.000844231
0.000901032
0.000602787
0.00142778
0.000509966
0.000792644
0.000602125
0.000699316
0.000969634
0.000871126
0.000587101
0.00121014
0.00102372
0.00135387
0.000173969
0.000217934
0.000393359
0.000628353
0.000262466
9.68327e-05
0.000615699
0.000623477
0.000132778
0.000606471
0.000881269
0.000423993
0.00114863
0.000712162
0.000232016
0.00029001
0.000514071
0.000208197
0.000338343
0.000245112
0.000867054
0.000397523
0.000365436
0.000212176
0.000446281
0.000113689
0.000629819
2.34139e-05
0.000416452
0.000370453
9.26411e-05
0.000219643
5.61598e-05
0.00144033
8.82604e-05
0.000256486
0.000286958
0.000598926
0.000400161
0.000738376
6.38263e-05
0.000554237
2.36786e-05
0.000838678
0.00011445
0.000405439
0.000548819
0.000816093
9.71582e-05
0.000422759
0.000319837
4.62679e-05
5.79154e-05
0.00011512
0.000189025
0.00015349
0.000345382
2.78112e-05
6.13572e-05
0.000105106
0.000479723
9.70404e-06
0.000459982
0.000575322
0.000309411
0.000451672
0.000506237
0.00038966
0.000663289
0.000327948
0.000398357
2.97587e-05
0.000324941
0.000120651
2.07545e-05
0.000140395
0.000468192
0.000174406
0.000529624
0.000777097
0.000864812
0.000186271
0.00014152
3.6578e-05
0.000157181
0.000117083
0.000547926
0.000213617
0.000148549
0.000607619
0.000142672
0.00043308
0.000344911
0.000215153
7.95864e-05
0.000273653
0.000345518
0.000238033
0.000497777
0.000129439
0.000376915
2.0465e-05
0.000579016
0.000110899
0.000361958
0.00015121
0.000196251
0.00059408
0.000175098
0.000178129
0.00029168
3.75817e-05
3.91672e-05
1.86013e-05
7.73789e-05
0.000245036
1.13112e-05
0.000193589
5.99382e-05
7.55375e-06
0.000120466
0.000361126
0.000142176
0.000115701
0.000311693
0.000268388
0.000148667
2.15672e-05
7.66472e-05
0.000137989
0.00015054
6.72278e-05
1.33216e-05
0.000251984
0.000446169
5.30887e-05
0.000103677
0.000129948
8.57842e-05
7.09033e-05
1.30751e-05
7.01228e-05
6.44409e-05
0.000403506
4.39406e-05
0.000448289
0.000115934
0.000190938
5.94385e-05
0.000224381
3.94743e-05
0.000172938
7.40337e-05
3.28488e-05
0.000411815
0.000258395
0.000136468
0.000178157
0.000284027
0.000200362
2.12141e-05
1.70798e-05
2.41827e-05
0.000227014
0.000322293
0.000245093
7.76958e-06
0.000587994
8.86387e-07
0.000500309
0.000208447
5.61502e-05
0.000158313
0.000121176
0.000235224
5.2563e-05
5.73849e-05
3.30902e-05
0.000234817
0.000127232
3.47148e-06
4.26666e-05
0.000385102
7.83594e-05
0.000134983
0.000546874
0.000104871
7.25709e-05
8.54658e-05
1.14962e-06
4.038e-05
9.28928e-05
0.000342481
2.82973e-05
0.000132632
0.000192322
9.12457e-05
0.000140139
0.000180394
0.000140126
0.000217578
0.000184472
0.000125476
0.000258479
2.43718e-05
1.48292e-05
0.0006327
0.000314216
7.64305e-05
0.000254226
7.87708e-05
