n=32
J=0.707107
eta=1.08861
mu=0.0278481
beta-optimal=0
max-overlap=0
1.28905e-11
6.10431e-12
7.55328e-12
1.13089e-11
1.41653e-11
1.08154e-11
5.73746e-12
3.59728e-12
1.62217e-12
9.37246e-12
3.36498e-12
2.3438e-13
4.58082e-12
2.51712e-12
8.60793e-12
2.12073e-12
8.98565e-12
3.01663e-12
8.45272e-12
1.15506e-12
8.32428e-12
8.29369e-12
3.04462e-12
4.40792e-12
1.46103e-12
3.95782e-12
3.06407e-13
2.99359e-12
2.12019e-12
2.86967e-12
1.0178e-12
2.77041e-12
6.57972e-12
6.73601e-13
4.11705e-12
1.79505e-12
3.64223e-12
8.68909e-13
1.96829e-12
1.23429e-12
1.6271e-12
2.00278e-12
1.87943e-12
1.05629e-12
5.81461e-13
8.25462e-13
2.75556e-12
4.27786e-12
9.16114e-14
1.32493e-12
2.3099e-12
1.94034e-12
2.66219e-12
2.35598e-12
7.6714e-13
2.17749e-12
1.62572e-12
1.32813e-12
1.02429e-12
7.73067e-13
1.77063e-12
2.33801e-12
4.82244e-13
1.23355e-12
9.8116e-13
1.25452e-12
4.64528e-13
5.97107e-13
5.2072e-13
2.08191e-12
2.14441e-12
6.11182e-13
7.57856e-13
1.2353e-12
1.13311e-12
5.81629e-13
1.23561e-12
4.19465e-13
1.4793e-12
2.27946e-12
8.74834e-13
6.80324e-13
9.03598e-13
1.52873e-12
3.65831e-13
4.25151e-13
4.55996e-13
2.0755e-13
3.24155e-13
2.1236e-12
6.18208e-13
1.78743e-12
4.72574e-13
1.06291e-12
2.42336e-13
4.03369e-13
2.75509e-13
8.24864e-13
8.84368e-13
4.14054e-13
7.97594e-13
1.72614e-12
7.51604e-13
1.67098e-12
3.14252e-13
8.62174e-13
1.61454e-12
1.48163e-12
1.54199e-13
9.20882e-13
1.4927e-12
2.56624e-13
5.76944e-13
3.54273e-13
3.30642e-13
7.73095e-13
4.39363e-13
4.73123e-13
5.86221e-13
4.05637e-13
3.55921e-13
1.80269e-13
2.07911e-13
1.86631e-13
1.14309e-12
2.95688e-13
8.20217e-14
1.06313e-12
5.10535e-13
1.19938e-12
4.38255e-13
5.27335e-13
9.99056e-14
9.24093e-13
8.17228e-13
1.16728e-12
4.04384e-14
8.54083e-13
1.08406e-12
5.41446e-13
2.68805e-13
9.64534e-13
6.23506e-13
8.19019e-13
1.99379e-13
2.11433e-13
2.79462e-13
8.00075e-13
1.11466e-12
2.33736e-13
3.71904e-13
5.16543e-13
5.36255e-13
5.45703e-13
4.80225e-13
4.257e-13
6.94586e-13
4.2176e-13
5.79972e-13
4.2819e-13
9.26655e-13
8.31317e-13
8.28821e-13
1.2278e-12
3.43111e-13
2.08881e-13
7.3849e-13
2.20394e-13
4.24781e-13
4.51419e-13
4.50827e-13
3.36275e-13
5.04374e-14
1.41048e-13
6.52918e-13
4.8995e-13
1.60497e-13
2.57581e-13
4.21912e-13
6.93583e-13
1.00522e-12
2.61635e-13
6.33059e-13
2.45112e-13
6.89612e-13
4.96947e-13
5.90087e-13
3.4119e-13
7.03405e-13
2.23999e-13
5.1856e-13
4.65261e-13
1.32418e-13
3.62163e-13
3.67016e-14
1.09676e-12
8.65909e-13
1.1695e-13
1.37274e-12
4.56902e-13
3.35e-13
8.25963e-14
3.14506e-13
3.48584e-13
3.87512e-13
5.5193e-13
3.28453e-13
1.01721e-12
5.31155e-13
1.5136e-12
1.06841e-12
1.02625e-12
2.60744e-13
7.15625e-13
4.11072e-13
1.3102e-13
4.52066e-13
4.81169e-13
2.34295e-13
2.39264e-13
2.09616e-13
4.10094e-13
2.04571e-13
1.13067e-13
3.7312e-13
6.39083e-13
7.90076e-13
3.31653e-13
6.06703e-13
4.04014e-13
1.4696e-13
8.09893e-13
2.37383e-13
9.07394e-13
4.94801e-13
3.2268e-13
7.13396e-13
3.11088e-13
1.87119e-13
2.45182e-13
1.10185e-13
3.09791e-13
1.3187e-12
5.71912e-13
2.6572e-13
1.13479e-12
5.61034e-13
2.97764e-13
6.90737e-13
3.99314e-13
1.34201e-12
4.46147e-13
5.2662e-13
6.40192e-14
5.46728e-13
4.97704e-13
