n=32
J=0.707107
eta=1.03797
mu=0.00253165
beta-optimal=0
max-overlap=0
3.04192e-13
4.77134e-12
3.2813e-12
2.17011e-12
5.15048e-13
4.13004e-13
3.00987e-13
4.86e-14
1.59331e-13
1.83379e-13
1.99799e-13
3.47776e-14
3.23114e-13
1.95625e-13
5.8294e-13
7.07537e-13
5.06868e-13
1.3028e-13
2.03469e-12
5.63278e-12
6.8948e-13
1.04482e-12
6.38855e-13
7.12847e-14
1.07325e-13
4.31205e-14
1.09922e-13
4.25479e-14
2.76071e-13
7.80515e-14
6.90266e-13
4.96977e-14
7.35443e-14
4.06199e-13
6.17568e-14
6.27679e-14
3.25329e-13
1.29116e-13
1.30812e-13
5.0283e-14
1.40266e-13
1.39655e-13
1.59274e-14
1.07571e-14
1.76294e-14
4.62529e-13
3.99787e-14
1.49512e-13
2.38698e-13
6.1597e-14
3.14894e-14
2.88541e-13
1.18329e-12
1.87941e-12
1.9657e-12
1.12556e-12
1.52403e-12
1.35252e-13
1.57182e-13
2.80313e-14
1.75859e-13
6.6492e-14
7.36139e-14
1.06981e-14
3.41983e-14
4.11079e-14
6.76211e-14
1.76489e-13
7.31608e-14
3.4198e-14
2.06508e-14
6.69901e-14
7.49279e-15
3.60664e-14
8.4616e-14
9.79726e-14
2.55198e-13
1.65805e-14
2.12745e-14
1.4016e-13
4.94988e-14
3.36864e-13
1.35009e-14
1.51651e-13
1.24947e-14
1.8279e-13
2.85516e-14
1.5368e-13
7.88997e-14
3.04832e-14
2.94209e-14
1.89341e-14
1.55118e-13
3.35864e-14
4.14864e-14
9.3632e-14
1.86438e-13
2.22499e-13
1.69019e-14
1.24635e-13
1.06202e-13
4.6645e-13
8.31462e-13
8.5886e-13
1.78887e-12
1.74609e-12
1.00852e-12
4.30859e-13
1.52577e-13
1.50197e-13
2.15975e-13
7.07316e-14
1.17695e-14
2.41374e-13
3.21123e-14
1.80721e-14
1.50894e-13
2.54584e-14
5.7105e-15
1.13797e-13
9.72434e-15
1.66107e-14
3.36445e-14
1.54978e-14
3.17173e-14
2.92521e-14
6.06353e-14
1.36465e-14
2.19241e-14
2.75453e-15
9.25038e-15
7.95692e-14
2.08154e-14
5.3657e-14
1.09315e-13
1.1997e-14
1.11633e-14
1.14719e-14
8.4709e-14
5.07153e-14
9.82092e-14
1.13881e-14
1.05527e-14
1.02557e-14
1.81646e-13
5.4443e-15
5.51475e-14
1.63314e-14
4.11022e-14
1.85152e-14
2.97589e-14
3.33517e-14
2.71907e-14
1.69259e-14
1.37244e-13
7.80087e-14
5.24849e-14
1.1918e-14
3.25946e-13
1.41373e-12
1.28015e-12
2.52333e-13
3.6976e-13
5.89601e-13
1.60871e-13
2.60138e-14
1.02909e-14
1.76904e-13
9.40166e-14
1.37338e-14
1.18738e-13
1.23805e-14
2.84028e-14
1.9344e-14
1.62184e-14
1.10547e-14
6.54758e-14
1.14733e-13
1.27961e-14
9.20522e-14
5.34816e-15
3.57687e-14
1.07152e-13
8.6366e-15
4.36546e-15
4.7239e-14
5.0881e-14
6.38766e-15
7.03857e-14
4.32392e-15
1.14655e-13
9.56091e-15
1.05432e-13
4.55565e-15
3.1857e-14
1.8674e-14
1.27051e-14
1.72431e-13
2.3831e-15
5.42997e-14
5.92217e-14
6.79214e-16
4.31416e-14
1.18247e-14
3.49998e-14
1.20328e-13
4.03545e-14
5.14582e-13
2.42123e-13
2.9286e-13
1.43272e-12
3.23561e-13
1.41306e-13
3.63771e-13
1.6813e-13
2.52041e-14
3.6732e-14
3.07373e-15
4.32385e-14
4.74043e-15
5.52315e-14
8.62082e-14
1.0515e-14
8.82532e-14
9.72624e-15
2.0828e-14
1.28265e-13
7.10967e-14
1.20769e-14
1.18358e-14
5.4393e-15
5.96544e-15
1.07212e-14
1.40687e-14
1.12467e-13
4.91906e-15
1.15606e-14
1.13657e-13
4.2588e-15
1.85172e-13
7.60395e-13
8.28922e-13
3.04254e-13
2.41698e-13
8.23806e-14
1.23816e-14
1.10073e-13
3.01715e-14
1.88827e-14
2.29756e-14
8.03203e-15
1.20911e-14
1.14408e-13
5.15624e-15
5.9236e-14
8.38285e-14
