n=32
J=0.707107
eta=1
mu=0.0810127
beta-optimal=0
max-overlap=0
0.314106
0.333025
0.27318
0.253125
0.225321
0.204811
0.208354
0.189525
0.157123
0.16186
0.166297
0.133409
0.15166
0.132442
0.105087
0.128594
0.108082
0.110571
0.118499
0.101636
0.0850623
0.0965892
0.086243
0.0914633
0.0845098
0.0864416
0.0827347
0.0715772
0.0768569
0.0699074
0.0735803
0.0668475
0.0725101
0.0612444
0.0618206
0.0607036
0.05237
0.0558057
0.0466635
0.0525383
0.0463406
0.0501823
0.0487399
0.0507156
0.0466196
0.0469961
0.0494422
0.0433438
0.041307
0.045439
0.0426343
0.0415401
0.0389674
0.0420499
0.0384808
0.0400015
0.0369691
0.0392483
0.0364904
0.0359177
0.0362556
0.0326258
0.0321571
0.0328517
0.0296275
0.0310494
0.0310212
0.0294176
0.0296127
0.0299991
0.0292231
0.0260746
0.0268488
0.0305153
0.0265161
0.0285522
0.022882
0.025284
0.0256861
0.0231514
0.0226372
0.0245003
0.0209562
0.0221493
0.0238714
0.0198497
0.0222395
0.0228085
0.0205841
0.0207555
0.0195072
0.0198028
0.0210513
0.019668
0.019259
0.0190622
0.018357
0.0170893
0.0189952
0.0196642
0.0195624
0.0163751
0.0181381
0.0178302
0.0174606
0.0169464
0.0156769
0.0166444
0.016568
0.0170393
0.015567
0.0157167
0.015105
0.0147669
0.0142141
0.0167182
0.0156438
0.0143586
0.0144355
0.0138965
0.0140247
0.0130372
0.0141113
0.0131371
0.0128977
0.0130906
0.0124406
0.0130426
0.0124007
0.0131783
0.0132526
0.0132405
0.0120587
0.0135061
0.0127428
0.0125097
0.0124935
0.0131292
0.0111613
0.0107713
0.0104209
0.0106366
0.0115286
0.0110762
0.0117202
0.0105184
0.0104188
0.0110761
0.0105283
0.0111494
0.0104507
0.0100314
0.0101018
0.00925493
0.00925246
0.00993578
0.00950374
0.00942202
0.00863842
0.00962728
0.00951626
0.00846482
0.00914078
0.00885766
0.00850401
0.00865046
0.00826003
0.00872484
0.00793405
0.00860675
0.00825698
0.00834361
0.00788099
0.00814892
0.00750777
0.00740969
0.00742114
0.00776913
0.00771556
0.00741107
0.00745254
0.00717969
0.0067231
0.00737613
0.00713058
0.0069417
0.00675758
0.00753998
0.00680585
0.00664383
0.00689702
0.00700668
0.00632839
0.00661272
0.00638411
0.00603796
0.0063568
0.00595497
0.00599998
0.00643961
0.00606146
0.00648718
0.0062961
0.0059695
0.00652991
0.00589227
0.00595865
0.00579711
0.00570415
0.00540326
0.00527072
0.00569707
0.00534768
0.00533166
0.00555448
0.00506619
0.00505449
0.00523881
0.00514682
0.00520892
0.00477916
0.00506219
0.00510413
0.00503924
0.00462172
0.00486565
0.0047892
0.004533
0.00466386
0.00507006
0.00439357
0.00473421
0.00432521
0.00444893
0.00406892
0.00445947
0.00409652
0.00432879
0.00425851
0.00418697
0.00432493
0.0042459
0.00418661
0.00401816
0.0039443
0.00366471
0.00386846
0.00382187
0.00373715
0.00386768
0.00376854
0.00377345
0.00361399
0.00317398
0.0032864
0.00326588
