n=32
J=0.707107
eta=1.16456
mu=0.00506329
beta-optimal=0
max-overlap=0
2.07729e-13
1.142e-12
7.61043e-13
2.3135e-13
2.51662e-13
8.15653e-14
1.77798e-13
7.78077e-13
1.36323e-12
2.77505e-12
5.94299e-13
2.672e-13
1.11947e-13
1.2846e-13
2.03312e-13
2.8735e-13
2.7519e-13
1.89803e-13
1.2591e-13
1.55869e-13
1.52533e-13
3.86995e-13
7.29947e-14
1.09987e-13
2.8462e-13
1.30731e-13
4.78989e-14
7.98926e-14
2.19467e-13
6.78561e-14
2.4931e-14
7.92559e-14
1.17819e-13
4.95235e-14
2.22976e-13
8.7672e-14
1.29862e-13
1.97992e-13
3.09108e-14
1.27276e-13
6.92237e-14
1.8286e-13
2.34239e-14
4.14988e-13
9.14157e-14
2.26607e-13
1.60577e-12
2.02645e-12
1.49989e-12
9.82699e-13
1.66642e-13
1.58373e-13
4.67485e-14
1.23076e-13
1.4602e-13
9.58831e-14
2.13003e-13
3.08587e-14
2.38522e-14
1.25275e-13
6.85195e-14
9.2702e-14
7.58511e-14
5.97953e-14
4.46571e-14
4.25436e-14
3.52089e-14
1.00704e-13
4.78521e-14
5.57467e-14
4.26283e-14
2.64314e-14
5.66285e-14
9.56173e-15
8.32828e-14
2.82247e-14
5.85413e-14
7.18577e-14
4.30312e-14
2.97738e-14
7.12281e-14
4.12853e-14
2.68864e-14
4.34419e-14
4.56504e-14
7.74251e-14
5.1879e-14
6.32277e-14
3.11616e-14
5.84809e-14
1.55781e-13
3.7155e-14
9.0283e-14
3.14855e-14
1.75892e-14
3.9499e-13
4.04008e-13
9.44729e-14
8.39522e-14
4.88169e-13
5.14717e-13
1.0555e-12
1.14088e-12
7.25531e-13
2.57408e-13
3.66818e-13
1.37378e-13
4.19287e-14
3.6437e-14
2.86254e-14
9.04115e-14
5.41988e-14
9.62147e-14
3.77071e-15
3.42341e-14
8.85727e-14
3.92064e-14
3.35553e-14
2.22914e-14
3.47575e-14
4.55526e-14
2.58659e-14
4.86527e-14
4.60095e-14
5.7108e-14
8.83172e-14
3.0894e-14
4.38515e-15
1.8201e-14
4.86486e-14
3.26504e-14
3.61834e-14
7.0882e-15
2.98556e-14
4.93097e-14
5.19584e-14
5.51055e-15
3.51117e-14
3.85436e-14
5.58886e-14
2.91398e-14
2.13034e-14
3.36597e-14
6.03848e-14
2.29377e-14
4.13326e-14
2.62159e-14
4.19003e-14
4.97281e-14
1.57622e-14
4.0762e-14
3.84789e-14
2.64396e-14
3.5544e-14
2.31437e-14
3.56636e-14
7.09451e-14
5.08069e-14
9.22419e-14
1.21353e-13
2.46486e-13
5.4333e-13
1.10038e-12
3.8142e-13
6.04598e-13
2.24179e-13
7.72563e-14
2.15506e-14
3.13318e-14
2.58221e-14
3.91734e-14
1.51904e-14
1.71028e-14
7.84268e-15
2.45968e-14
3.39217e-14
4.60597e-14
2.85428e-14
2.4236e-14
2.48169e-14
3.3208e-14
6.08697e-14
1.68239e-14
3.96206e-14
2.0736e-14
4.86298e-14
2.05834e-14
1.61957e-14
3.61614e-14
2.38809e-14
4.16145e-15
5.03281e-14
3.61528e-15
3.25118e-14
2.09991e-15
3.08621e-14
3.75133e-14
2.56561e-14
3.94267e-14
2.14323e-14
2.4992e-14
3.61825e-15
3.043e-14
8.47358e-15
2.41713e-14
4.78549e-14
3.62705e-14
8.97814e-14
2.18211e-14
1.29204e-13
9.62047e-14
2.85837e-13
2.77643e-13
8.14068e-14
6.09132e-13
5.13564e-13
3.16133e-13
3.87932e-13
2.19134e-13
6.37345e-14
1.64765e-14
3.96249e-14
3.69717e-14
3.72976e-14
1.0516e-14
5.19768e-14
1.62226e-14
2.76655e-14
1.17438e-14
1.53202e-14
3.23772e-14
3.29235e-14
2.07041e-14
2.37505e-14
1.38691e-14
4.22289e-14
7.07338e-15
2.02378e-14
1.45439e-14
2.51738e-14
2.10632e-14
3.85069e-14
6.06905e-14
4.46877e-14
2.81308e-14
1.18437e-13
7.4407e-13
6.43024e-13
1.12786e-13
1.07585e-13
5.0902e-14
3.6522e-14
3.51665e-14
1.04772e-14
3.62271e-14
7.3826e-14
