n=32
J=0.707107
eta=1
mu=0.0126582
beta-optimal=0
max-overlap=0
0.90143
0.035486
0.0785176
0.0220509
0.0622906
0.0428221
0.0102844
0.0342483
0.0286983
0.00531051
0.0128474
0.00641665
0.0152397
0.00435386
0.00378761
0.0120611
0.0144058
0.00364353
0.013254
0.00263805
0.00767506
0.00204949
0.00795615
0.00255398
0.00640374
0.00264461
0.00235772
0.00753895
0.00176437
0.00374376
0.00546876
0.00289647
0.00122038
0.00163671
0.00361815
0.003674
0.00120562
0.00570735
0.00165182
0.00268733
0.0011517
0.00092892
0.00145215
0.00276786
0.000736378
0.0017772
0.00220776
0.00101496
0.000991538
0.00254648
0.000751534
0.000793096
0.00192628
0.000583888
0.00185412
0.000747985
0.000730133
0.00205757
0.000658506
0.000702579
0.000988235
0.0008662
0.00158554
0.000721574
0.000448109
0.00048645
0.00196274
0.000529673
0.0018025
0.00168235
0.000482042
0.00116948
0.00044343
0.00104305
0.000775114
0.000390767
0.000511052
0.000522668
0.00044118
0.0014629
0.000490609
0.000461417
0.000850665
0.000375226
0.00042369
0.000757502
0.000333867
0.000399017
0.000419787
0.000551333
0.000437316
0.000284646
0.00033431
0.000994933
0.000289268
0.000323421
0.000896327
0.000350699
0.000834252
0.000324424
0.00029101
0.000338184
0.000257024
0.00045444
0.000335482
0.000343974
0.00062795
0.000205076
0.000524545
0.000239513
0.000328764
0.000325797
0.0006402
0.000292095
0.000373427
0.000260936
0.000247
0.000322436
0.000225846
0.000555345
0.000238676
0.000275719
0.000168753
0.000392552
0.000228719
0.000171836
0.000557913
0.000176004
0.000197449
0.000480777
0.000235714
0.000169238
0.000163258
0.000341243
0.00031184
0.00052532
0.000149165
0.000283396
0.000212394
0.000161161
0.0003493
0.000113673
0.000154446
0.000271405
0.000170357
0.000189346
0.000524648
0.000173133
0.000160086
0.000129649
0.000353035
0.000167638
0.000140025
0.000177673
0.000137096
0.000192843
0.000151884
0.00012403
0.000149034
0.000257138
9.96692e-05
0.000180116
0.000118293
0.000102535
0.000191357
0.000314959
0.000294602
9.67556e-05
0.000219335
0.000235463
0.000106788
8.45068e-05
0.00013064
9.56761e-05
0.000131928
0.0001399
0.000128328
0.000109052
0.000188764
0.000101368
0.000206932
9.28232e-05
0.000137611
0.000102821
8.7311e-05
0.000121838
8.88365e-05
0.000116052
8.78897e-05
7.4807e-05
9.95191e-05
7.90105e-05
0.000209501
0.00014779
9.37671e-05
6.49252e-05
9.0115e-05
9.31561e-05
0.000145551
0.000108496
6.3845e-05
0.000148305
0.000206988
8.31385e-05
6.91733e-05
0.000154821
0.000123141
7.1735e-05
0.000149027
5.39465e-05
8.05267e-05
6.31707e-05
6.28841e-05
6.21171e-05
6.87354e-05
7.21422e-05
0.000101779
6.29251e-05
9.85924e-05
6.03234e-05
0.000130923
5.37514e-05
6.29984e-05
4.14681e-05
9.79052e-05
6.50568e-05
6.85668e-05
4.31594e-05
6.37359e-05
6.69875e-05
4.88414e-05
0.000106266
4.46648e-05
5.20581e-05
0.000100718
8.83222e-05
4.41264e-05
5.49255e-05
3.3663e-05
5.24459e-05
5.85397e-05
5.74221e-05
5.8287e-05
5.26716e-05
5.83511e-05
9.7114e-05
0.000108302
3.66683e-05
5.13773e-05
7.81104e-05
3.92028e-05
9.50175e-05
5.88513e-05
3.66344e-05
3.01328e-05
9.36864e-05
