n=32
J=0.707107
eta=1.06329
mu=0.0734177
beta-optimal=0
max-overlap=0
0.00257055
0.00406879
0.000584842
0.00645318
0.000820432
0.000305549
0.00373852
0.00137211
0.000554076
0.00076857
0.00325559
0.000941067
0.00183955
0.000159028
0.000866134
0.000492859
0.00151375
0.00105457
0.00150634
0.00207468
0.000437823
0.00064113
0.000629339
0.00118518
0.00189866
0.000627224
0.000129575
0.00175876
0.000620632
0.00100497
0.00158455
0.00102734
0.000296751
0.000259976
0.000509518
0.00020141
0.00199555
0.00178451
0.00182943
0.00092999
0.000678597
0.000735142
0.00150113
5.81648e-05
0.000142377
0.00033429
0.000543579
0.000553115
0.000259876
0.000225248
0.00238972
0.00103733
0.00138232
0.000471335
2.12976e-05
0.000118912
0.000693274
0.00032877
0.000391527
0.00115427
0.000611603
0.000804354
0.000443665
0.000261114
0.000735612
0.00107152
0.000521856
0.00106284
0.000166983
0.00042492
0.000610208
0.000891308
9.73445e-05
0.000227919
0.00106474
5.82946e-05
0.000869343
0.00075644
0.000581685
0.000328904
0.000230844
0.00106181
0.000728911
0.000107228
3.91062e-05
0.000334147
0.000178536
0.00128864
0.000593987
0.00047728
0.000135752
0.000214797
7.12325e-05
0.000745788
0.000832441
0.000384269
0.000110069
0.00120015
1.62353e-05
8.42115e-05
0.00124438
0.000692206
3.59932e-05
2.03725e-06
0.000182184
7.31647e-05
0.000382881
2.70969e-05
0.000425679
0.000180002
0.000486029
0.000237056
3.48772e-05
0.000516879
6.0684e-05
0.000834639
0.000168983
0.000561079
9.80788e-05
6.88141e-05
0.00029883
0.000315624
0.000416804
0.000401568
0.0002863
0.00110723
0.00020849
0.000532591
2.0278e-05
0.000284224
0.000461135
0.000402937
5.15278e-05
0.00037048
0.000466084
0.000407731
0.000273013
0.000268388
0.000162218
0.000407976
0.000468279
0.000114183
0.000262361
8.57669e-05
0.000126696
0.000449914
9.05485e-05
0.00054726
0.000524598
0.000256273
0.000677491
0.000159786
7.26486e-05
0.000409946
0.000303448
0.000213975
7.15923e-05
6.7084e-05
0.000106457
9.71418e-05
2.20239e-05
0.000211361
0.000287642
0.000595249
0.000111637
0.000209931
2.25226e-06
0.000123608
0.000194988
8.83846e-05
5.04457e-05
3.4823e-05
4.16349e-06
3.72402e-05
0.000312095
0.000116341
6.6158e-05
9.6628e-06
9.29893e-05
0.00039234
8.60124e-05
0.000276937
6.85328e-05
0.000335992
0.000215383
0.000103427
0.000220558
0.000168907
8.30045e-05
0.000243434
5.56222e-05
0.000231977
5.8274e-05
0.000156326
0.000663121
1.28609e-06
0.000136772
3.23673e-05
0.000208757
0.000438003
0.000131503
0.0001898
0.000113809
0.000252978
0.000374465
0.00045704
8.98169e-05
9.70461e-05
0.000185826
4.86732e-05
7.79641e-05
0.000210291
9.89392e-05
0.000161573
6.21437e-05
7.65165e-05
0.000207623
0.00018329
0.000199277
0.000171595
2.55716e-05
1.99816e-05
0.000216302
0.000191828
2.73762e-05
0.000163662
0.000112466
0.000168053
0.000247784
0.000133885
0.000134842
0.000224717
0.000210089
0.00020825
3.11937e-06
0.000299916
5.53261e-05
0.000172005
0.000135066
2.37106e-05
0.000427409
0.000408898
9.85206e-05
0.000355615
0.000253149
0.000151626
0.000129061
4.4847e-05
0.000130175
0.000156448
0.00015541
0.000311936
7.36689e-05
0.00022267
5.79296e-05
0.000335139
