n=32
J=0.707107
eta=1
mu=0.0708861
beta-optimal=0
max-overlap=0
0.551903
0.371941
0.222835
0.197759
0.176582
0.168168
0.16285
0.143145
0.139494
0.130528
0.135022
0.128383
0.107459
0.103461
0.100067
0.0994834
0.0931506
0.083108
0.081607
0.0851869
0.0732778
0.0817288
0.077288
0.0710824
0.0657501
0.076027
0.0720258
0.0620965
0.0607887
0.0504954
0.0571694
0.0540667
0.0560555
0.0450749
0.0483924
0.0447576
0.0462554
0.047082
0.0482259
0.0373173
0.0430692
0.0370139
0.0392117
0.0377805
0.0359784
0.0407429
0.0339346
0.037171
0.0337789
0.0305213
0.0399927
0.0295775
0.0287696
0.032606
0.0289393
0.0280186
0.0264328
0.0267884
0.0242426
0.0251063
0.0246509
0.0254087
0.0274313
0.0229683
0.0207892
0.0229561
0.0221224
0.0221675
0.0218168
0.0220965
0.0209623
0.0215465
0.0208686
0.0206862
0.0214627
0.0163453
0.0191947
0.0192605
0.0188304
0.0185722
0.0211042
0.0178286
0.0167845
0.0180819
0.0165303
0.0177154
0.0165611
0.0168443
0.0152978
0.0146906
0.0143063
0.0159645
0.016258
0.0134036
0.0146826
0.014101
0.0130713
0.0130898
0.0136004
0.0132058
0.0118473
0.0135385
0.0121464
0.0117947
0.0112489
0.0137275
0.0115487
0.0128362
0.0116436
0.0105688
0.0102182
0.0106024
0.010344
0.0122529
0.0107734
0.0110866
0.00958761
0.00944142
0.010573
0.011159
0.0096737
0.00983409
0.00871499
0.00978899
0.0089878
0.00998026
0.00917577
0.00886744
0.00932847
0.00850851
0.00973463
0.00910952
0.00805255
0.0081343
0.00818862
0.00829902
0.00842035
0.00743583
0.00798338
0.00770338
0.00823737
0.00784392
0.00814084
0.00666314
0.00735318
0.00722283
0.0074349
0.00739126
0.00709059
0.00689477
0.00717193
0.00684607
0.00687824
0.0071262
0.00675312
0.00748418
0.00616621
0.00689107
0.00650302
0.00611288
0.00673838
0.00625283
0.00570252
0.00594084
0.00592944
0.00571695
0.00547972
0.00625329
0.00672507
0.00603444
0.00566672
0.00571478
0.00519878
0.00513342
0.00531511
0.00531132
0.00462024
0.00489396
0.00519636
0.0051335
0.00513504
0.00557125
0.00503955
0.00542327
0.00499545
0.00472436
0.00453465
0.00434125
0.0047623
0.00476445
0.00422392
0.00461042
0.0047472
0.00455185
0.00487351
0.00454863
0.00433577
0.00397304
0.00435049
0.00456395
0.00425495
0.00439658
0.00450419
0.00414814
0.00425569
0.00422576
0.0039907
0.00378884
0.00361083
0.00389209
0.00404619
0.00354864
0.00383197
0.00354422
0.00378407
0.00355477
0.00388738
0.0033666
0.00371746
0.00338367
0.003505
0.00330907
0.00322195
0.00348008
0.00328578
0.00342326
0.00327749
0.00331102
0.00326873
0.00315148
0.00313101
0.00325994
0.00335491
0.00328358
0.00308198
0.00300312
0.00291653
0.00294164
0.00291422
0.00290206
0.00282353
0.00291787
0.00283881
0.00281763
0.00256989
0.00273487
0.00252854
0.00265709
0.00255746
0.00247326
0.00240954
0.00242423
0.00237222
0.0023253
0.00230738
0.00209893
