n=32
J=0.707107
eta=1
mu=0.177215
beta-optimal=0
max-overlap=0
0.185249
0.188796
0.177641
0.172951
0.165338
0.161175
0.159492
0.154363
0.14489
0.145426
0.145534
0.13582
0.14084
0.133665
0.122419
0.130164
0.122194
0.123104
0.125588
0.117838
0.110361
0.114245
0.109643
0.110011
0.106525
0.107512
0.106236
0.100395
0.101805
0.0976858
0.100315
0.0956499
0.0978069
0.0932496
0.0928864
0.0889897
0.0856882
0.0879754
0.0815809
0.084721
0.0803165
0.0817582
0.0819708
0.0818605
0.0784906
0.0782631
0.0792955
0.0763876
0.0747683
0.0764457
0.0749794
0.0734193
0.0721301
0.07255
0.0706318
0.0707866
0.0694901
0.0696476
0.0680539
0.0672885
0.0670686
0.0648057
0.0646185
0.0640047
0.0618384
0.0629706
0.062143
0.0611096
0.060462
0.0601444
0.0597757
0.0569577
0.0576638
0.0589822
0.0562589
0.0569732
0.0534396
0.0547185
0.0537958
0.0525057
0.051662
0.0532009
0.0505123
0.0510927
0.0518889
0.0487127
0.0499824
0.0501162
0.0493064
0.0484741
0.0472135
0.0470321
0.0476273
0.0466176
0.0460453
0.0455355
0.0450436
0.0436772
0.0448079
0.0459399
0.045069
0.0423419
0.0435
0.043586
0.0430173
0.0425341
0.0412779
0.0415861
0.0411574
0.041994
0.039834
0.0399066
0.0393596
0.0391457
0.0384122
0.0403838
0.0390665
0.0380446
0.038092
0.0374707
0.0372838
0.0366953
0.0369653
0.0363076
0.0359486
0.0358048
0.0348207
0.0353934
0.0346977
0.0350016
0.0353685
0.0349966
0.0337828
0.034845
0.0341893
0.0336185
0.0336291
0.0338913
0.0318701
0.0315499
0.0310891
0.0308686
0.0319189
0.0311223
0.0317031
0.0307229
0.030492
0.030784
0.0303486
0.0302774
0.0300969
0.0293599
0.0296391
0.0285453
0.0282108
0.0287518
0.0284444
0.0281233
0.0271353
0.0279654
0.0280775
0.0266963
0.027112
0.0270231
0.026378
0.0266414
0.0259917
0.0262151
0.0253649
0.0259293
0.0254968
0.0254179
0.0248916
0.0249839
0.0246156
0.0241159
0.024158
0.0244212
0.0241524
0.0237093
0.0236829
0.0235118
0.0226469
0.023434
0.0230624
0.0226569
0.0226004
0.023171
0.0224334
0.0222557
0.0223982
0.0223939
0.0216409
0.021921
0.0212652
0.0211465
0.0211664
0.0207401
0.0208581
0.021277
0.0205013
0.0208336
0.020587
0.0202672
0.0207527
0.019811
0.0199928
0.0196828
0.0194967
0.0192729
0.0188382
0.0194243
0.0189623
0.0186946
0.0189527
0.0180842
0.0181142
0.0183032
0.0179985
0.0181839
0.0175626
0.0177083
0.0178584
0.0176334
0.0171979
0.0173447
0.0171474
0.016854
0.0168719
0.0172859
0.016371
0.0168117
0.0160432
0.0160818
0.0155415
0.0159729
0.0156399
0.0158669
0.0156401
0.0154677
0.0155814
0.0153687
0.0152831
0.0148522
0.0149157
0.0142539
0.0143348
0.0142579
0.0140876
0.0142747
0.0140377
0.0139908
0.0137719
0.0129598
0.0130089
0.0128765
