n=32
J=0.707107
eta=1.13924
mu=0.0607595
beta-optimal=0
max-overlap=0
0.000206025
0.00187159
0.00546155
0.000285095
0.00212937
0.000806229
0.0058776
0.00048661
0.00146676
0.00152523
0.00123363
0.00118379
0.00205882
0.000738878
0.000614298
0.00223875
0.00137541
0.000466869
0.000473536
0.00134947
0.00206521
0.00156616
0.00051717
9.70528e-05
0.000556358
0.000235085
0.000645416
0.00195586
0.00104769
0.00024322
0.000668907
0.00160457
0.00154243
0.000266925
0.0011559
0.00159391
0.00229414
0.000109934
0.00213296
0.000617737
0.000839331
0.000963469
0.000183085
0.00010264
0.000164216
0.00156875
3.25716e-05
0.000450773
0.000237349
9.25254e-05
0.000911557
0.000265295
0.000315964
0.00175671
0.000401371
0.000304395
0.000212684
0.00139516
0.000907175
0.00112205
4.53685e-06
0.000788589
0.00147824
0.000524568
0.00016331
7.06641e-05
0.000200196
9.29474e-05
0.000115579
8.03917e-05
0.000393231
0.000771744
0.000483405
0.000425677
0.000335373
0.000574302
2.14499e-05
0.00131972
0.000718963
0.000669085
0.000788919
0.000657599
0.000713127
0.00065604
9.03026e-05
0.000472253
0.00068974
0.000437609
0.000152877
0.000564408
0.000744127
0.00013611
0.000165656
0.000204538
0.000443396
0.000722976
0.000273305
0.000702545
6.6702e-05
0.0003162
0.000535058
4.68554e-05
0.000236637
0.00020805
0.000167142
0.000681368
0.000219713
5.98211e-05
0.000105664
0.000155712
4.85611e-05
0.000230641
0.000324882
0.000598862
0.000488175
0.000160632
5.08901e-05
0.000533992
8.34471e-05
0.00022058
2.6527e-06
0.000655526
0.000171555
0.000219222
0.000513254
0.000255763
0.000710293
0.000239642
0.000584388
0.000159196
3.84893e-05
5.02135e-05
0.000101654
0.000151298
0.000197002
0.000184558
2.41633e-05
0.00020238
0.000393937
0.000690181
0.000126326
0.000111387
0.00039607
0.000465402
0.000439657
4.01256e-05
0.000321327
0.000185273
5.47916e-05
0.000308444
2.60664e-05
0.000451903
2.34954e-05
0.00019669
1.77581e-05
0.000233816
0.000135625
0.000361778
5.76188e-05
0.000533254
0.000461153
0.00011598
0.000175459
6.05194e-05
0.00022707
0.000261376
0.000223135
1.39899e-05
2.69503e-05
0.000209775
0.000502589
0.000266119
0.000199174
0.000246163
5.93441e-05
2.06338e-06
0.000154268
0.000167011
0.000175567
9.45959e-05
0.00014425
0.000119875
0.000180035
0.00108488
0.000301758
0.000105251
8.63996e-05
0.000128206
7.94895e-05
0.000352937
0.000316942
9.49489e-05
3.62443e-05
0.000230423
9.58849e-05
0.000404453
0.000178021
1.94294e-06
0.000119282
0.000148913
9.96829e-05
0.000235356
0.000251351
6.6081e-05
0.00027276
0.000313377
0.00040742
0.000307647
5.0561e-05
6.55246e-05
0.000158077
0.000252369
7.19712e-05
4.85569e-05
0.0003154
2.75049e-05
0.000386651
0.000268717
0.000208711
9.20263e-06
5.71222e-05
0.000285276
7.86422e-05
0.000577898
0.000308404
0.000160461
0.000265409
0.000409147
0.000171485
0.000139715
0.000235227
0.000169823
0.000147183
0.000213823
0.000422895
8.70623e-05
0.00031422
0.000200014
0.000270818
2.10002e-05
3.17796e-05
0.000219628
9.20561e-05
0.000173755
0.000197698
0.00054021
0.000285891
0.000317697
0.000411762
0.000131036
0.000344866
3.68755e-06
0.000178071
0.00022552
0.000178269
0.000134532
