n=32
J=0.707107
eta=1.06329
mu=0.0405063
beta-optimal=0
max-overlap=0
1.91909e-11
3.56656e-11
4.14282e-11
1.49512e-11
2.58635e-11
5.11426e-12
3.02826e-12
1.64465e-11
2.42424e-11
4.94726e-12
1.17066e-11
1.87527e-12
8.6158e-12
2.71281e-12
2.04827e-11
1.55444e-11
2.28782e-11
1.29749e-12
2.36508e-11
3.88124e-12
5.60961e-12
9.2638e-12
1.35114e-11
2.22906e-11
2.94395e-12
7.84672e-12
7.36285e-12
6.67227e-13
4.03944e-12
1.79213e-12
3.86115e-12
1.59115e-12
1.04316e-11
1.4558e-12
6.50785e-12
3.41244e-12
6.01795e-12
1.09692e-11
3.81605e-12
3.9198e-12
3.7184e-12
1.84885e-12
2.79426e-12
4.08969e-12
4.35701e-12
7.22473e-12
7.05632e-12
6.53064e-12
5.69421e-13
2.25728e-12
7.66974e-12
3.10974e-12
6.19094e-12
2.59566e-12
3.18368e-12
5.2062e-12
4.43833e-12
4.10223e-12
5.97306e-12
1.58343e-12
3.46648e-12
2.83664e-12
1.41708e-12
1.98941e-12
7.54315e-13
1.58885e-12
1.04286e-12
1.00423e-12
3.46253e-12
2.08559e-12
2.21204e-12
2.47417e-12
1.59599e-12
2.94461e-12
2.10789e-12
1.91475e-12
3.76533e-12
2.94777e-12
2.60648e-12
5.13599e-12
2.62041e-12
9.00233e-13
2.44568e-12
3.65738e-12
2.11797e-12
1.74613e-12
1.37424e-12
1.26027e-12
1.34044e-12
2.38335e-12
3.92802e-12
2.64753e-12
1.77806e-12
1.03838e-12
2.2823e-12
3.5736e-12
7.41386e-13
1.8251e-12
4.87613e-12
3.05357e-12
6.33155e-13
1.49155e-12
4.01028e-12
2.63282e-12
2.43235e-12
1.66486e-12
1.62203e-12
1.2802e-12
1.45412e-12
2.41482e-13
2.68353e-12
3.53183e-12
4.19276e-12
6.25957e-13
1.15642e-12
3.04816e-12
9.67702e-13
5.68082e-13
9.85467e-13
4.98617e-13
3.68887e-13
1.53733e-12
1.56565e-12
4.01115e-13
1.19815e-12
5.19064e-13
9.0657e-13
3.61271e-13
8.78364e-13
1.55311e-12
1.13895e-12
2.48086e-12
1.76016e-12
1.0845e-12
7.76176e-13
2.69878e-12
2.74809e-13
4.39499e-13
3.15459e-12
1.27535e-12
7.98483e-13
7.28044e-13
6.57539e-13
5.54935e-12
2.29168e-12
8.85399e-13
4.49846e-13
1.46902e-12
1.28956e-12
8.78442e-13
1.4914e-12
7.53853e-13
5.23898e-13
1.55112e-13
6.56285e-13
8.72253e-13
1.51057e-12
6.81418e-13
9.22531e-14
6.46585e-13
1.48434e-13
1.69412e-12
6.53964e-14
6.16076e-13
7.55494e-13
1.21316e-12
1.43797e-12
1.39146e-12
1.09504e-12
7.48094e-13
1.7071e-12
6.54966e-13
6.85007e-13
6.54e-13
1.04866e-12
7.58112e-13
1.57375e-12
1.45616e-12
8.08635e-13
6.41508e-13
5.40706e-13
7.78563e-13
1.26284e-12
3.61828e-12
2.34507e-12
3.54977e-13
6.53564e-13
1.70878e-13
1.46629e-12
1.14232e-12
3.7332e-13
3.39455e-13
2.09073e-13
6.20348e-13
2.6681e-13
7.53754e-13
6.40679e-13
2.14942e-13
1.89085e-12
2.7073e-12
2.19259e-12
4.57454e-13
3.4632e-13
5.1386e-13
4.56263e-13
4.87807e-13
4.35881e-13
7.9327e-13
3.96732e-13
1.10321e-12
8.94982e-13
1.06564e-12
2.08134e-12
1.29006e-12
9.22605e-13
3.10461e-13
9.98595e-13
1.86861e-12
2.52141e-12
1.96499e-12
3.57643e-13
1.04431e-12
4.12235e-13
3.82773e-13
8.80751e-13
1.34662e-13
8.35317e-13
1.07242e-12
6.24692e-13
1.01995e-12
6.29219e-13
1.40783e-12
3.15615e-13
1.03279e-12
3.12944e-13
1.31385e-12
1.60911e-12
1.59506e-13
2.97475e-13
2.13891e-13
4.17656e-13
8.15484e-13
1.24688e-12
4.62858e-13
2.40188e-13
1.23397e-12
6.39442e-13
1.14187e-12
8.09335e-13
5.35511e-13
5.93474e-13
1.20479e-12
7.69511e-13
5.07805e-13
3.34073e-13
2.84561e-13
