n=32
J=0.707107
eta=1.6962
mu=0.108861
beta-optimal=0
max-overlap=0
1.31088e-12
8.9216e-13
1.1322e-12
1.80303e-12
7.38053e-13
6.46645e-13
1.03386e-12
7.23086e-13
1.3561e-12
2.49914e-12
1.48874e-12
1.46978e-13
1.48617e-12
4.35213e-13
3.54556e-12
7.82068e-13
1.87355e-12
8.20978e-13
7.75796e-13
7.94421e-13
9.79608e-13
5.58653e-13
7.71082e-13
2.8239e-13
6.4226e-13
3.08177e-13
9.36264e-13
9.79244e-13
5.94404e-13
8.20923e-13
1.21443e-12
2.09291e-13
8.65908e-13
1.26714e-13
9.87849e-13
2.81767e-13
1.06024e-12
6.32847e-13
2.54172e-13
2.10038e-13
3.16656e-13
1.54012e-13
3.91234e-13
6.84369e-13
3.33932e-13
7.87632e-13
1.40401e-12
2.7886e-13
9.53105e-13
3.12147e-13
2.24504e-13
1.73949e-13
1.67569e-13
4.93246e-13
6.15577e-14
7.66474e-13
5.29934e-13
1.19209e-13
3.44094e-13
4.89536e-13
1.03886e-12
3.17997e-13
4.69246e-13
5.1109e-13
6.80333e-13
4.49123e-13
4.29728e-13
2.81238e-13
6.51646e-14
4.59508e-13
9.20585e-13
1.63581e-13
2.02427e-13
3.21106e-13
4.50186e-13
5.84312e-13
7.06957e-13
2.32971e-13
1.42447e-12
5.84297e-13
1.05409e-12
5.11284e-13
3.66463e-13
3.6435e-13
1.69174e-13
2.14527e-13
4.51136e-13
7.38036e-13
9.14823e-13
6.09914e-13
5.70283e-13
7.52156e-13
1.16569e-13
8.70552e-13
2.40417e-13
3.64712e-13
3.34605e-13
4.26077e-13
2.94274e-14
1.76451e-13
7.2662e-13
6.22942e-13
2.7851e-13
4.60901e-13
2.59086e-13
1.14202e-13
9.83223e-13
1.64634e-13
7.07153e-13
1.36662e-13
1.23156e-13
4.29246e-13
5.5386e-13
1.76382e-13
3.4558e-13
1.38924e-13
1.38503e-13
2.96296e-13
3.02587e-13
1.91971e-13
1.98122e-13
1.50033e-13
5.97166e-13
3.41465e-13
5.29774e-14
4.0904e-13
4.89134e-13
2.7948e-13
1.67693e-13
3.81669e-13
3.17544e-13
1.10439e-13
2.70515e-13
2.5597e-13
3.98489e-13
3.0283e-13
1.88715e-13
1.52092e-13
2.43686e-13
3.84648e-13
3.19335e-13
2.27529e-13
2.02136e-13
6.27485e-14
2.27179e-13
3.84413e-13
6.71604e-14
4.59489e-14
1.41142e-13
1.69929e-13
3.06188e-13
3.20572e-13
3.09076e-13
1.40102e-13
4.11999e-13
3.39026e-13
2.44358e-13
2.87848e-13
1.47093e-13
7.02229e-13
1.79852e-13
2.0119e-13
2.99564e-13
2.43257e-13
2.20304e-13
2.52479e-13
1.41692e-13
1.10403e-13
1.04973e-13
5.24792e-13
3.96452e-13
1.34295e-13
5.95935e-14
6.78427e-13
2.77742e-13
5.23052e-13
1.9729e-13
2.57954e-13
2.22613e-13
1.47138e-13
2.70368e-13
1.90318e-13
7.28211e-13
2.07743e-13
3.40526e-13
1.57322e-13
6.50601e-13
2.89738e-13
3.04662e-13
1.51059e-13
1.4094e-13
1.74064e-13
1.38881e-13
4.44577e-13
5.13577e-13
2.71247e-13
4.36287e-13
4.60785e-14
2.99693e-13
7.78762e-14
3.61151e-13
2.62873e-13
2.06884e-13
3.25328e-13
5.53135e-13
3.45502e-14
8.15325e-14
3.66228e-15
1.86052e-13
1.00701e-13
4.89426e-13
2.03437e-13
1.26555e-13
1.46914e-13
2.68699e-13
1.2271e-13
6.8898e-14
4.94e-13
2.49143e-13
1.03005e-13
2.53474e-13
1.19715e-13
2.60667e-13
6.73751e-14
2.18235e-13
4.49756e-14
1.41319e-13
3.28027e-13
4.05459e-13
4.70436e-13
2.07104e-13
3.93228e-13
2.08236e-13
9.81327e-14
6.89639e-14
1.97025e-13
2.44714e-13
6.88746e-14
2.50083e-13
2.07388e-13
3.58191e-13
2.16258e-13
1.09482e-13
2.41841e-13
2.05122e-13
3.59354e-13
3.3226e-13
3.64224e-13
5.68937e-13
8.27508e-13
2.17865e-13
3.74633e-13
3.15888e-13
7.16373e-14
3.92997e-13
4.75016e-13
