n=32
J=0.707107
eta=1.03797
mu=0.0632911
beta-optimal=0
max-overlap=0
6.20875e-11
5.32597e-11
1.018e-10
6.3052e-11
6.9552e-11
3.89921e-11
1.75095e-11
3.24951e-11
1.13559e-11
2.33291e-11
1.92793e-11
9.87914e-12
1.66333e-11
2.34608e-11
3.21187e-11
3.75261e-12
3.23927e-11
1.73275e-11
2.15567e-11
1.04661e-11
9.64246e-12
8.3491e-12
4.38197e-12
1.91627e-12
1.65445e-11
6.71203e-12
1.09896e-11
1.00887e-11
1.87811e-11
1.74001e-11
6.91496e-12
5.93778e-12
6.20874e-12
9.0488e-12
2.84407e-12
4.05412e-12
1.43103e-11
3.61918e-12
2.22942e-11
1.17049e-11
3.42375e-12
2.13737e-11
4.6355e-12
3.9103e-12
9.50791e-12
1.58396e-11
6.90499e-12
1.3585e-11
1.66244e-12
9.43515e-12
1.23272e-11
3.90963e-12
9.54464e-12
5.02647e-12
4.92213e-12
1.26563e-11
6.09215e-12
1.33562e-11
1.19178e-11
4.17313e-12
3.17117e-12
2.34044e-12
1.09501e-11
4.8926e-12
4.37297e-12
3.96965e-12
6.05432e-12
7.00132e-12
1.61601e-12
1.65617e-12
2.04615e-12
3.42164e-12
2.15398e-12
3.53272e-12
2.40571e-12
4.76077e-12
1.277e-12
1.72059e-12
1.1947e-12
3.08638e-12
4.11324e-12
6.73245e-13
5.50508e-12
2.41109e-12
2.51522e-12
2.50842e-12
5.66299e-12
4.48807e-12
2.03574e-12
4.03876e-13
1.44677e-12
1.57997e-12
1.10091e-12
2.1408e-12
2.41876e-12
2.40516e-12
5.55612e-12
2.5279e-12
9.22878e-13
2.93121e-12
2.15569e-12
1.60474e-12
2.0875e-12
1.63116e-12
2.41601e-12
1.99291e-12
1.93051e-12
3.10343e-12
5.2168e-12
2.96528e-12
2.95581e-12
3.23768e-12
2.06465e-12
2.29078e-12
2.68698e-12
5.30336e-12
4.54613e-13
1.31769e-12
4.11571e-12
1.49589e-12
1.43317e-12
1.77292e-12
2.06039e-12
1.72737e-12
4.09273e-12
1.67607e-12
1.62163e-12
8.8617e-13
4.41096e-12
1.8232e-12
8.19375e-13
1.40183e-12
1.9415e-12
3.56165e-12
1.23837e-12
4.01313e-12
1.15425e-12
1.85752e-12
1.81279e-12
1.23701e-12
3.90987e-12
1.63977e-12
3.75839e-12
1.20228e-12
2.92048e-12
1.69387e-12
2.91744e-12
1.42647e-12
9.07821e-13
1.2945e-12
6.48646e-13
1.33336e-12
5.62483e-13
1.64672e-12
6.03746e-13
4.69035e-13
2.98062e-12
1.3616e-12
1.39196e-12
3.15547e-12
8.65059e-13
1.66481e-12
1.88955e-12
7.77728e-13
1.2678e-12
8.37476e-13
2.61389e-12
2.9754e-12
2.00577e-12
1.07107e-12
2.55295e-13
4.07953e-13
1.16932e-12
1.75046e-12
1.62331e-12
1.14693e-12
7.23699e-13
1.33636e-12
1.30662e-12
1.0746e-12
1.15359e-12
1.99072e-12
1.17911e-12
1.04179e-13
6.9815e-13
5.49202e-13
2.39313e-12
9.30458e-13
3.55374e-13
1.33947e-12
1.18013e-12
5.07783e-13
2.64145e-13
1.07109e-12
2.44836e-12
1.9734e-12
1.73095e-12
3.56846e-13
2.25789e-12
3.2376e-12
1.10909e-12
1.32236e-12
9.32952e-13
4.72948e-13
1.18747e-12
2.52975e-13
1.4414e-12
6.72703e-13
4.76919e-13
1.33721e-12
1.39421e-14
9.55431e-13
8.03493e-13
6.74785e-13
1.09215e-12
3.87459e-13
6.68366e-13
9.81714e-13
2.39776e-12
1.14885e-12
1.11343e-12
3.05594e-13
1.05169e-12
1.24407e-12
1.75394e-13
1.76131e-12
1.67767e-13
4.11869e-13
9.46873e-13
1.11884e-12
1.03927e-12
9.47546e-13
3.89549e-14
5.96786e-13
8.85999e-13
1.05726e-12
7.88701e-13
1.29407e-12
6.33184e-13
7.62827e-13
5.46755e-13
1.88467e-12
4.30275e-13
1.45285e-13
8.21419e-13
2.60545e-13
1.30731e-12
2.8913e-12
1.9592e-13
1.04708e-12
9.17156e-13
2.91414e-13
1.83588e-13
2.98254e-13
3.47484e-13
1.32274e-12
