n=32
J=0.707107
eta=1.01266
mu=0.0531646
beta-optimal=0
max-overlap=0
4.49671e-10
3.83525e-10
2.94504e-10
2.98013e-10
1.85646e-10
1.59782e-10
1.51972e-10
1.30839e-10
1.37549e-10
1.35835e-10
1.03106e-10
1.06491e-10
8.3049e-11
8.69851e-11
7.07005e-11
7.2811e-11
7.88766e-11
8.43776e-11
8.03766e-11
5.36239e-11
5.63299e-11
6.01272e-11
6.35994e-11
3.8352e-11
4.5423e-11
4.0754e-11
4.23776e-11
5.93437e-11
5.05148e-11
4.31946e-11
4.34563e-11
3.34417e-11
3.76688e-11
3.73514e-11
3.44655e-11
4.09057e-11
2.6596e-11
3.06478e-11
3.10417e-11
2.67008e-11
2.35741e-11
2.76365e-11
2.39761e-11
2.36251e-11
2.71207e-11
2.7903e-11
2.44494e-11
2.54257e-11
2.54014e-11
2.15778e-11
2.57802e-11
1.86378e-11
1.9486e-11
1.44388e-11
1.91621e-11
1.79609e-11
1.68277e-11
1.89854e-11
1.73547e-11
1.42368e-11
1.58624e-11
1.70087e-11
1.42093e-11
1.56621e-11
1.66983e-11
1.32635e-11
1.52754e-11
1.71166e-11
1.01552e-11
1.26242e-11
1.21357e-11
1.18501e-11
1.50754e-11
1.3083e-11
1.23637e-11
1.36683e-11
1.14191e-11
1.14933e-11
1.40535e-11
1.11377e-11
1.1389e-11
8.81461e-12
9.58171e-12
9.65349e-12
9.21408e-12
8.87759e-12
9.55858e-12
8.72124e-12
1.09989e-11
1.01601e-11
8.94237e-12
9.67581e-12
8.27129e-12
7.85615e-12
8.07598e-12
8.55722e-12
8.8504e-12
8.14336e-12
7.61011e-12
7.20074e-12
9.23531e-12
7.11264e-12
6.65526e-12
8.57712e-12
6.67907e-12
6.74452e-12
5.45851e-12
5.90124e-12
6.06242e-12
6.71335e-12
8.4201e-12
7.73872e-12
5.78085e-12
6.92195e-12
6.97159e-12
5.87498e-12
5.74287e-12
4.63192e-12
7.07594e-12
5.8424e-12
6.06049e-12
5.39441e-12
5.67722e-12
6.72935e-12
7.022e-12
5.65609e-12
4.35133e-12
5.70731e-12
5.99813e-12
4.37208e-12
4.37786e-12
4.4104e-12
4.44585e-12
4.92582e-12
4.86955e-12
5.31896e-12
4.62027e-12
5.6857e-12
4.38564e-12
5.33815e-12
4.29522e-12
3.8626e-12
4.6751e-12
3.57336e-12
5.99266e-12
4.43756e-12
5.72844e-12
4.48302e-12
3.9162e-12
4.28503e-12
3.06435e-12
3.64014e-12
5.02996e-12
4.58065e-12
3.41307e-12
3.24477e-12
5.85748e-12
5.07185e-12
3.0522e-12
3.63071e-12
4.00955e-12
3.23034e-12
3.05027e-12
3.14027e-12
3.3366e-12
3.51229e-12
3.90366e-12
4.1693e-12
3.67275e-12
3.5398e-12
3.47793e-12
2.6964e-12
3.57127e-12
3.27116e-12
2.8121e-12
2.64699e-12
3.03712e-12
3.0273e-12
3.68624e-12
2.63601e-12
3.09401e-12
2.82715e-12
2.79069e-12
3.44137e-12
2.37314e-12
3.2816e-12
2.71745e-12
3.30982e-12
2.60642e-12
2.98785e-12
4.45984e-12
2.79268e-12
2.41628e-12
2.81462e-12
2.27007e-12
2.72947e-12
2.08174e-12
2.32442e-12
2.72217e-12
3.08524e-12
1.98743e-12
3.7505e-12
2.14475e-12
3.09166e-12
2.92505e-12
3.46424e-12
2.74794e-12
2.03273e-12
2.18403e-12
3.6494e-12
3.31235e-12
2.38193e-12
2.08797e-12
2.19862e-12
3.30358e-12
2.16018e-12
2.1927e-12
2.65542e-12
2.04789e-12
1.44387e-12
2.22291e-12
1.85058e-12
1.64488e-12
1.93458e-12
1.66132e-12
2.30435e-12
2.07844e-12
1.86831e-12
1.89481e-12
2.21168e-12
2.06938e-12
1.55585e-12
2.33616e-12
2.46314e-12
1.99912e-12
1.60375e-12
1.74208e-12
1.40872e-12
1.83571e-12
1.337e-12
1.19113e-12
2.04746e-12
1.51788e-12
1.81316e-12
2.45736e-12
1.47841e-12
2.15853e-12
1.18007e-12
2.03138e-12
1.4898e-12
1.29082e-12
1.63017e-12
1.39069e-12
1.38315e-12
1.43497e-12
9.96217e-13
