n=32
J=0.707107
eta=1.11392
mu=0
beta-optimal=0
max-overlap=0
6.29714e-16
1.56153e-17
2.92996e-17
5.18845e-19
1.06689e-17
6.17644e-18
3.82427e-17
8.49274e-15
1.0382e-14
1.87402e-13
6.94563e-13
2.22621e-14
3.36251e-12
1.85118e-12
3.41936e-13
2.09506e-14
1.28453e-15
8.96905e-18
1.78832e-17
1.3428e-17
1.74515e-17
1.47371e-18
2.52064e-18
8.65034e-18
7.75729e-18
4.95891e-18
1.19849e-17
2.68709e-17
1.12854e-17
9.18306e-18
3.02044e-19
1.02279e-17
4.79909e-18
5.84949e-18
7.69098e-18
1.45701e-17
1.66421e-18
4.5363e-17
1.74703e-16
1.41065e-16
1.47362e-15
7.95768e-15
1.33834e-13
2.49512e-14
8.72792e-13
1.91982e-12
2.77017e-12
6.24769e-13
6.49307e-13
6.60278e-14
2.75535e-14
2.86781e-15
4.02014e-15
2.77392e-17
3.95668e-18
7.57001e-18
2.25013e-18
7.17243e-18
1.04363e-18
1.04616e-18
1.23689e-17
2.23848e-18
5.51705e-18
6.87459e-18
1.03337e-17
5.16781e-18
4.98453e-18
8.12727e-18
1.77661e-18
6.50438e-18
8.38375e-18
3.7258e-18
1.93107e-18
8.75609e-18
1.95768e-18
9.85338e-18
1.53646e-18
1.16081e-17
1.47125e-18
1.175e-17
7.46987e-18
7.73024e-19
8.76118e-18
2.77376e-18
3.06837e-18
9.3073e-18
4.86292e-18
7.2771e-18
1.31684e-17
4.9329e-17
1.5497e-16
1.18711e-15
1.0457e-14
1.44987e-14
1.079e-13
3.29486e-14
6.53568e-13
7.70116e-13
7.37796e-13
7.03974e-13
7.89925e-13
2.62039e-13
3.20825e-13
3.58208e-14
3.6953e-14
6.81504e-15
1.1005e-14
7.87708e-17
5.62419e-18
1.06631e-18
2.07646e-18
3.06741e-18
1.47313e-17
9.67584e-18
7.64874e-18
2.29854e-18
9.12666e-18
1.69314e-17
1.01978e-17
5.42986e-18
8.73079e-18
8.78911e-18
4.06373e-18
2.7368e-17
4.48221e-19
1.54047e-18
1.87167e-17
2.30234e-18
1.26976e-17
9.2306e-18
2.84695e-18
1.26218e-18
2.93382e-18
1.3474e-18
1.16624e-18
1.445e-18
1.55453e-18
9.68006e-18
1.37047e-18
7.8124e-18
2.57977e-19
3.34389e-18
4.32134e-19
1.22955e-17
7.85915e-18
1.34204e-18
2.00067e-18
2.27826e-18
7.90354e-18
2.21363e-17
1.42111e-15
1.24881e-14
5.24165e-14
5.63459e-14
2.62329e-13
1.81766e-13
1.01909e-12
5.48187e-13
9.56031e-13
1.15641e-13
9.65635e-13
1.60078e-13
1.84551e-13
4.67925e-14
1.30051e-15
4.71742e-15
1.43936e-15
1.20322e-17
7.51149e-18
1.31579e-18
1.71367e-18
2.78916e-17
6.701e-19
7.474e-18
1.27984e-17
1.33779e-18
1.61373e-18
9.15835e-18
5.34311e-18
2.25178e-18
2.85947e-18
1.58296e-18
1.63632e-17
1.60336e-18
1.24313e-18
2.80503e-18
1.92019e-18
2.30521e-17
1.43588e-17
1.73537e-17
1.85575e-18
4.64937e-19
1.84189e-17
2.35162e-18
2.00504e-18
9.89249e-18
2.25396e-18
6.13851e-19
7.83174e-19
1.93497e-18
9.59078e-18
1.10738e-18
1.73817e-16
5.23328e-16
2.37765e-15
1.93317e-14
2.7665e-14
1.14494e-13
1.65044e-13
8.00418e-13
7.66656e-13
5.68913e-13
5.86111e-14
2.35013e-13
1.93721e-14
7.75341e-16
1.57614e-17
4.23028e-17
3.00705e-17
9.04039e-19
2.72867e-18
1.04355e-17
7.67775e-19
3.21352e-18
2.46634e-18
1.92187e-19
1.23854e-17
2.11016e-18
3.62349e-18
5.90386e-18
1.5861e-18
2.13681e-17
1.54087e-18
1.1598e-17
6.57431e-18
6.47506e-19
1.54103e-17
8.6346e-19
2.40683e-18
5.69511e-18
1.86278e-15
3.05615e-13
4.86693e-13
1.83031e-14
4.35299e-13
5.19502e-14
3.64837e-18
3.52213e-18
6.67191e-18
2.36811e-18
1.54541e-17
1.14463e-18
6.7951e-19
1.44103e-18
1.78411e-17
1.62347e-16
