n=32
J=0.707107
eta=1.03797
mu=0.035443
beta-optimal=0
max-overlap=0
3.90647e-11
7.95958e-11
4.38076e-11
4.27007e-11
5.48402e-11
5.04115e-11
3.45146e-11
2.18653e-11
2.23532e-11
6.16003e-12
2.01531e-11
1.54622e-11
7.18944e-12
5.57759e-12
3.43063e-11
2.02519e-11
3.59313e-12
5.03126e-12
9.14843e-12
6.71617e-12
8.57316e-12
3.07674e-11
9.96505e-12
7.78449e-12
1.47496e-11
4.07332e-12
6.7594e-12
7.74215e-12
1.2271e-11
1.2027e-11
6.53954e-12
4.66844e-12
3.73559e-12
7.4188e-12
3.77585e-12
2.87187e-12
6.87988e-12
5.19781e-12
2.68355e-12
8.10614e-12
9.30304e-12
3.67961e-12
3.53581e-12
1.74292e-12
1.31176e-12
5.29837e-12
3.29998e-12
1.99664e-12
2.31445e-12
9.73959e-12
2.80187e-12
4.98036e-12
5.58529e-12
5.81018e-12
5.29771e-12
6.16927e-12
2.15039e-12
6.641e-12
1.52987e-12
2.32441e-12
3.01319e-12
2.21086e-12
1.83211e-12
6.88997e-12
1.16079e-12
5.42994e-12
4.74047e-12
2.69293e-12
5.83975e-12
2.78854e-12
6.82408e-12
4.92156e-13
1.20934e-12
1.92929e-12
2.61796e-12
3.68321e-12
2.03941e-13
1.26224e-12
3.8602e-12
2.85184e-12
5.01964e-12
7.91448e-13
2.07896e-12
2.04014e-12
3.46763e-12
3.24024e-12
2.34372e-12
4.92348e-13
3.48343e-12
6.86421e-12
1.90607e-12
1.72128e-12
9.97653e-13
6.30706e-13
1.35668e-12
1.10697e-12
5.72008e-13
2.2059e-12
4.24255e-12
9.84609e-13
1.09797e-12
3.05845e-12
1.20626e-12
3.53213e-12
1.40556e-12
1.31118e-12
3.07351e-12
1.15216e-12
1.26261e-12
2.93774e-12
1.34902e-12
4.41574e-12
1.22142e-12
2.10553e-12
3.86213e-12
3.20289e-13
7.19913e-13
1.65165e-12
2.88368e-12
4.45454e-13
4.75776e-12
7.84532e-13
1.42638e-12
1.52811e-12
2.53458e-12
2.71828e-12
1.27128e-12
1.76697e-13
1.1419e-12
7.68048e-13
1.66928e-12
5.27886e-13
1.16472e-12
9.35255e-13
3.21505e-12
5.34087e-13
1.02112e-12
9.22326e-13
6.69472e-12
4.48969e-13
5.72354e-13
4.74039e-13
2.2817e-12
9.65876e-13
1.38569e-12
4.21214e-12
2.0719e-12
1.18048e-12
9.16114e-13
3.4903e-12
6.6479e-13
5.81976e-13
9.3819e-13
3.34401e-12
1.54456e-12
1.7122e-12
2.97067e-12
1.7097e-12
1.02243e-12
2.47722e-12
8.00735e-13
2.71437e-12
5.83435e-13
1.63026e-12
3.27313e-13
9.65749e-13
1.13518e-12
1.7496e-12
2.94711e-12
1.22568e-12
1.95967e-12
1.90359e-12
1.72694e-12
1.23481e-12
3.6805e-12
1.19335e-12
1.3655e-12
1.72811e-12
4.13344e-12
1.02807e-12
2.39237e-13
8.6908e-13
2.58341e-12
1.54619e-12
1.64274e-12
1.18684e-12
2.07119e-12
4.76086e-13
2.50693e-12
9.54787e-13
4.75139e-13
2.03683e-13
3.06144e-12
6.12112e-13
1.09384e-12
7.3667e-13
1.54905e-12
6.54489e-13
2.04032e-12
1.50323e-12
4.67294e-13
1.43303e-12
2.78585e-13
5.62161e-13
1.05549e-12
8.31148e-13
3.25255e-13
2.00198e-12
8.87634e-13
2.20082e-12
1.88438e-12
1.2903e-12
9.56877e-13
6.06003e-13
1.25013e-12
2.40609e-12
2.40917e-12
7.69594e-13
4.98686e-13
2.07074e-12
6.55311e-13
6.14204e-13
6.17088e-13
2.39815e-12
1.04409e-12
6.01359e-13
3.90748e-13
7.63384e-13
1.5645e-13
2.11278e-12
2.33452e-12
8.80603e-13
4.54314e-13
1.55991e-12
1.26434e-12
1.08107e-12
3.98158e-12
5.44364e-13
1.65665e-12
2.99175e-13
1.65937e-12
1.57947e-12
5.02654e-13
2.58517e-12
2.73462e-13
1.04891e-12
8.06337e-13
1.22128e-12
6.56335e-13
9.41093e-14
9.11901e-13
5.75664e-13
3.84797e-13
1.00291e-13
7.70048e-13
5.95935e-13
