n=32
J=0.707107
eta=1.92405
mu=0.134177
beta-optimal=0
max-overlap=0
1.05814e-12
6.44911e-13
9.88456e-13
4.9414e-13
8.47447e-13
4.94983e-13
1.13716e-12
6.8737e-13
1.1265e-12
2.27748e-12
6.36688e-13
6.82288e-13
7.08545e-13
3.34094e-13
1.66855e-12
6.56907e-13
9.22232e-13
4.91481e-13
1.30406e-12
2.85986e-13
1.98834e-14
3.34084e-13
3.12594e-13
4.66368e-13
1.13312e-12
3.76183e-13
6.89681e-13
1.29144e-13
7.53876e-13
4.84811e-13
1.11906e-12
2.28972e-13
1.0572e-12
1.65209e-13
9.45357e-13
3.51157e-13
1.46608e-12
6.29024e-13
2.85027e-13
5.71143e-13
6.53314e-13
2.56568e-13
3.32256e-13
3.70144e-13
5.31629e-13
8.97213e-13
8.71289e-13
3.69877e-13
7.79046e-13
5.80005e-13
3.16228e-13
3.56357e-13
9.34696e-14
2.62864e-13
4.90457e-13
4.72507e-13
3.6582e-13
2.54772e-13
7.26686e-13
4.7654e-13
1.19785e-12
3.66799e-13
5.31578e-13
1.26653e-13
6.77865e-13
1.09367e-13
1.05847e-13
5.55789e-13
6.85464e-13
3.38272e-13
7.19604e-13
1.8347e-13
2.93183e-13
4.32786e-13
4.88164e-13
4.6204e-13
4.92664e-13
2.87379e-13
7.81189e-13
4.04109e-13
7.18583e-13
7.27655e-13
2.03739e-13
6.07855e-13
2.14042e-13
5.21623e-13
4.12425e-13
8.90384e-13
3.73087e-13
7.37744e-14
2.76145e-13
3.69982e-13
6.96037e-13
4.7353e-13
4.05117e-13
3.1197e-13
1.10396e-13
4.37318e-14
1.77897e-13
2.7552e-13
5.65607e-13
6.33952e-13
1.0498e-13
2.71284e-13
8.12212e-14
1.11802e-13
9.4194e-13
1.3957e-13
3.74873e-13
3.87483e-13
2.01227e-13
3.25027e-13
4.43056e-13
4.38543e-14
4.50318e-13
1.36365e-13
1.11683e-13
3.68766e-13
1.10684e-13
2.51172e-13
1.46839e-13
2.40733e-13
6.99166e-13
2.58015e-13
4.52602e-13
5.13008e-13
4.71914e-13
2.8077e-13
5.8457e-14
3.96516e-13
2.03309e-13
1.88583e-13
2.28948e-13
3.36464e-13
7.34397e-13
1.90696e-13
2.32221e-13
1.95544e-13
1.90265e-13
3.0208e-13
1.0837e-13
2.91599e-13
5.49373e-13
1.98168e-13
2.10076e-13
2.40999e-13
6.41372e-14
1.80883e-13
2.38842e-13
1.0427e-13
3.37045e-13
2.22975e-13
5.25447e-13
1.43859e-13
2.79031e-13
4.90414e-13
2.93872e-13
2.82468e-13
1.26093e-13
7.25466e-13
2.80113e-13
1.43311e-13
2.40219e-13
3.82589e-13
2.96206e-13
1.82758e-13
1.74514e-13
3.21389e-13
2.33667e-13
3.39396e-13
2.31137e-13
2.84275e-13
3.66506e-13
5.46071e-14
6.48483e-13
1.66612e-13
2.9033e-13
2.15225e-13
1.32022e-13
6.22068e-13
7.66981e-14
3.40237e-13
3.34231e-13
4.37538e-13
2.76785e-13
8.03723e-14
8.59473e-13
5.82454e-14
3.14137e-13
1.96705e-13
2.86909e-13
1.1995e-13
6.53997e-14
7.51333e-13
4.34567e-13
2.57093e-13
5.74938e-13
2.71111e-13
3.78038e-13
2.70124e-13
4.62052e-13
1.13963e-13
2.90124e-13
4.66942e-13
7.88524e-13
1.49034e-13
1.98296e-13
9.12949e-14
2.72776e-13
1.81559e-13
4.38698e-13
1.11412e-13
3.91222e-13
8.94851e-14
2.85854e-13
3.98294e-13
1.69577e-13
2.39064e-13
2.97316e-13
1.09516e-13
2.85603e-13
2.3278e-13
2.06937e-13
2.16561e-13
1.71141e-13
1.87002e-13
2.06194e-13
1.84227e-13
3.37068e-13
5.18937e-13
2.46683e-13
3.73819e-13
2.65169e-13
4.20123e-14
3.19927e-14
1.71819e-13
1.29262e-13
7.35877e-14
4.23533e-13
3.16323e-13
2.09083e-13
3.88927e-14
2.2253e-13
1.93853e-13
2.03977e-13
1.71438e-13
1.06723e-13
8.83093e-14
3.86053e-13
6.84566e-13
2.50066e-13
4.97812e-13
3.89817e-13
1.94993e-13
2.09417e-13
5.03373e-13
