n=32
J=0.707107
eta=1.01266
mu=0.00759494
beta-optimal=0
max-overlap=0
0.000296195
0.00241926
0.000377705
0.00265734
0.000867548
0.00114878
0.000394104
0.000333741
0.000618318
0.000287925
0.000118753
1.83575e-06
0.00046602
4.32034e-06
0.00017557
0.00029087
0.000860708
0.000103386
3.27685e-05
0.000115711
4.06252e-05
0.000272153
2.60596e-05
1.83812e-05
1.13942e-05
2.00472e-05
4.14611e-05
7.09817e-05
0.000224838
7.66767e-05
1.93959e-05
8.80165e-05
3.52658e-05
7.13789e-05
3.35257e-05
2.72655e-05
0.000102358
4.7986e-05
0.000178869
3.70035e-05
0.000116241
0.000108884
2.3721e-05
3.84686e-05
8.46353e-05
2.29281e-05
3.80198e-05
5.01685e-05
5.4999e-05
4.98645e-05
1.18372e-05
6.76211e-05
6.95556e-05
3.37933e-05
0.000112784
1.35291e-05
0.000155456
3.20329e-05
0.000170111
0.000232928
1.39097e-06
0.00017507
9.45459e-05
8.71021e-06
2.52906e-05
3.41055e-05
5.56288e-05
2.79498e-05
5.43706e-06
8.53978e-05
2.90874e-05
4.75299e-05
0.00011157
3.01741e-05
5.48886e-05
3.81161e-05
0.00010305
1.93931e-05
3.95493e-05
7.2906e-05
1.26998e-05
6.22893e-05
3.50592e-06
4.75155e-05
2.15205e-05
1.17777e-06
1.54503e-05
1.0637e-05
2.53697e-05
2.4984e-05
6.48637e-06
3.00768e-05
1.59812e-05
7.68035e-05
2.1703e-05
1.80957e-06
5.25454e-05
1.21504e-05
1.00707e-05
2.06233e-05
2.72139e-06
2.08219e-05
7.31109e-06
2.78079e-06
9.40484e-05
2.45309e-05
2.37844e-05
6.58901e-05
1.61025e-05
1.85904e-05
2.71882e-05
0.000104555
7.98342e-06
4.67269e-06
1.78796e-05
4.29683e-05
5.14126e-06
9.17988e-06
2.15237e-05
3.22863e-06
1.26678e-05
8.52881e-06
7.80292e-05
2.15656e-05
2.07854e-06
7.9072e-05
1.72168e-06
4.06098e-06
2.72028e-05
2.58839e-05
6.6253e-05
1.12649e-05
7.6774e-06
4.33311e-06
2.08591e-05
4.92461e-06
3.44549e-06
2.02234e-05
2.30782e-05
2.04795e-05
6.50304e-05
6.2652e-06
4.31361e-05
8.03467e-06
2.94363e-07
6.02735e-05
3.56754e-05
0.000102146
1.91399e-06
0.000103024
1.92617e-05
9.11489e-06
2.29034e-05
1.60765e-05
1.02863e-05
1.73693e-05
3.26762e-06
4.49227e-05
2.08065e-06
0.000112234
4.09379e-07
1.1417e-05
8.73038e-05
1.26141e-05
2.54369e-05
5.70467e-07
1.7256e-05
2.47778e-07
8.0007e-06
0.0001051
2.37762e-05
1.621e-05
3.64956e-05
9.11443e-08
5.67978e-06
5.04585e-06
6.03704e-05
5.44912e-06
2.10249e-06
3.43782e-06
7.44872e-06
2.04482e-05
6.00276e-06
4.62374e-05
3.22638e-05
6.44034e-06
3.45743e-05
6.22599e-06
2.34475e-06
8.40497e-06
5.2622e-05
6.58188e-05
8.10951e-06
6.67511e-06
2.04083e-06
5.81729e-06
0.000102251
1.01837e-05
8.14281e-05
4.8518e-05
3.47615e-06
9.58497e-06
4.79492e-06
4.01041e-05
7.25741e-06
7.36322e-05
1.86014e-05
7.03367e-06
1.43957e-06
5.39266e-06
2.48573e-07
5.88993e-05
5.70879e-06
9.08514e-06
2.91597e-05
3.77068e-05
4.21133e-05
7.22235e-06
1.15497e-06
5.98859e-06
9.77603e-06
1.86725e-06
2.914e-05
4.20571e-06
4.68131e-05
1.22963e-05
6.34422e-06
4.45657e-05
2.54203e-06
2.34901e-06
6.36801e-05
1.93378e-06
6.7115e-05
6.64554e-06
3.26951e-06
2.34411e-05
4.53519e-06
9.47677e-07
4.37358e-05
1.01053e-05
5.89019e-05
7.03867e-06
3.68921e-05
1.68644e-06
4.84015e-05
1.57691e-05
6.49184e-05
2.04933e-06
1.52819e-05
5.0941e-05
1.15772e-05
4.10075e-05
2.16445e-05
4.13947e-05
5.65959e-06
1.04106e-05
