n=32
J=0.707107
eta=1.01266
mu=0.0582278
beta-optimal=0
max-overlap=0
4.63054e-10
2.22367e-10
1.77877e-10
1.75263e-10
6.12078e-11
5.08813e-11
1.2729e-10
8.13041e-11
1.32176e-10
6.18367e-11
1.01072e-10
6.53425e-11
6.35785e-11
7.88725e-11
4.25801e-11
8.87723e-11
9.86699e-11
4.97767e-11
3.59038e-11
3.25857e-11
5.79176e-12
4.59661e-11
6.0791e-11
2.56526e-11
2.4946e-11
5.22586e-11
6.63242e-11
1.56449e-11
4.67877e-11
6.21541e-12
2.54854e-11
6.83661e-12
1.8716e-11
1.33319e-11
3.97738e-11
2.15325e-11
2.96912e-11
2.50984e-11
2.38476e-11
2.16981e-11
8.86698e-12
1.16408e-11
1.15581e-11
3.39419e-11
6.32338e-12
2.88409e-11
1.4652e-11
1.87285e-11
7.94402e-12
1.04277e-11
2.50414e-11
1.9008e-11
7.36214e-12
1.63345e-11
1.81264e-11
5.65254e-12
2.48922e-11
2.25311e-11
7.81031e-12
9.14982e-12
1.667e-11
1.92748e-11
1.22042e-11
6.5937e-12
6.50835e-12
1.93887e-11
1.18642e-11
1.83018e-11
5.62206e-12
9.33857e-12
1.26181e-11
1.82673e-11
1.00999e-11
1.98011e-11
1.3111e-11
5.52385e-12
1.00058e-11
1.47725e-11
1.24227e-11
1.36041e-11
1.07303e-11
6.13976e-12
2.93468e-12
1.3915e-11
4.08104e-12
1.10229e-11
1.82982e-11
6.76731e-12
8.2711e-12
1.33676e-11
2.5989e-12
1.71931e-11
6.80228e-12
4.22596e-12
1.56789e-11
1.06241e-11
5.97952e-12
4.38044e-12
1.24282e-11
8.043e-12
4.16805e-12
5.54776e-12
1.40568e-11
3.25003e-12
2.56336e-12
9.37064e-12
1.14252e-11
6.37814e-12
7.6604e-12
4.56936e-12
9.75323e-12
4.19638e-12
5.57557e-12
2.28816e-12
4.8105e-12
5.81646e-12
7.34102e-12
7.83396e-12
7.04651e-12
2.78565e-12
8.70277e-12
7.28112e-12
3.82909e-12
4.43967e-12
7.0576e-12
4.88103e-12
6.04929e-12
1.80569e-12
5.35148e-12
5.80204e-12
5.8534e-12
7.45603e-12
4.79509e-12
8.62496e-12
5.99645e-12
5.16812e-12
3.22582e-12
1.40169e-12
7.07096e-12
5.2037e-12
9.80812e-13
3.16732e-12
1.09958e-12
1.14107e-12
3.80113e-12
2.48316e-12
5.3742e-12
2.35347e-12
4.58874e-12
2.27029e-12
4.2207e-12
2.55323e-12
5.24227e-12
4.29072e-12
3.12979e-12
5.5875e-12
2.66633e-12
3.3e-12
6.16288e-12
1.24283e-12
2.68767e-12
3.8875e-12
4.72754e-12
5.54801e-12
5.98762e-12
5.44762e-12
4.89332e-12
6.25467e-12
3.60606e-12
3.3481e-12
1.66975e-12
1.44473e-12
1.57187e-12
4.9084e-12
2.80205e-12
3.09736e-12
8.16412e-13
2.10691e-12
3.18768e-12
6.78893e-13
3.447e-12
2.26158e-12
2.4489e-12
2.87439e-12
6.20327e-12
4.88277e-12
1.72714e-13
3.01909e-12
2.80078e-12
1.38443e-12
2.19039e-12
1.0416e-12
2.79283e-12
4.01494e-12
1.70675e-12
3.13445e-12
2.22068e-12
2.40908e-12
4.33031e-12
2.603e-12
2.04343e-12
2.26589e-12
1.36455e-12
3.31787e-12
3.04875e-12
2.54641e-12
6.22864e-13
1.30976e-12
2.72824e-12
1.35396e-12
3.16729e-12
1.4893e-12
3.06981e-12
1.87805e-12
3.26805e-12
9.11874e-13
5.23621e-12
2.73e-13
4.79906e-13
2.25444e-13
3.54681e-12
4.62271e-13
2.93897e-12
1.82644e-12
1.18324e-12
1.77236e-12
9.15049e-14
1.0576e-12
2.739e-12
3.91537e-13
1.46682e-12
7.14078e-13
2.79824e-12
1.22824e-12
6.36737e-13
7.40783e-13
2.33868e-12
1.25862e-12
1.39082e-12
1.99635e-12
1.94795e-12
4.62573e-12
1.08582e-12
2.54494e-12
2.99958e-12
1.29078e-12
8.13034e-13
4.09834e-12
2.35265e-12
2.63991e-12
2.13694e-12
2.89079e-12
2.20802e-12
3.36348e-12
3.24958e-12
4.35056e-12
