n=32
J=0.707107
eta=1.01266
mu=0.00759494
beta-optimal=0
max-overlap=0
0.000107444
0.00163135
0.00022692
0.000691623
0.00119628
0.000286693
0.000412784
0.000379348
0.000132342
0.000129109
0.000566233
0.000588436
0.000228308
0.00067404
3.30673e-05
7.40141e-05
0.000173169
6.80302e-05
0.000435151
6.33814e-05
0.000370375
4.7883e-06
4.08791e-05
0.000257886
1.99912e-05
9.32357e-06
0.000569173
8.02581e-05
0.000193513
9.57551e-05
0.00012445
3.28526e-05
9.77151e-05
8.81106e-05
6.32246e-05
7.79455e-05
8.9258e-05
9.53245e-05
1.39479e-05
0.000346859
2.28855e-05
0.00013838
4.5102e-05
0.000104478
7.29756e-05
0.000108506
1.8753e-05
0.000126315
1.34677e-05
1.4758e-05
0.000165378
2.24818e-05
0.000166259
1.81302e-05
4.54726e-06
0.000110008
5.02057e-05
6.71655e-05
4.1568e-05
2.51952e-05
6.6973e-05
4.02322e-05
0.00012922
5.45992e-05
1.76322e-05
7.80666e-05
4.44095e-06
9.20155e-06
2.72167e-05
1.58945e-05
4.35054e-05
9.55659e-05
5.62429e-05
6.81458e-05
3.35968e-06
7.16149e-05
3.87035e-05
2.89682e-05
7.42172e-05
3.193e-05
0.000120923
2.86797e-06
3.40694e-05
4.48615e-05
1.06736e-05
3.69406e-06
5.65129e-06
1.80936e-05
1.25246e-05
5.83114e-05
2.97514e-05
2.96035e-05
2.10621e-06
4.17591e-05
3.12339e-06
5.81228e-06
4.25572e-05
0.000114532
7.43263e-05
3.39162e-05
6.23535e-06
5.19558e-06
1.46892e-05
1.50925e-05
9.99612e-05
5.55127e-05
1.45586e-05
4.06287e-06
8.27733e-05
1.42124e-06
3.44572e-05
1.13395e-05
1.9341e-05
1.17891e-05
1.58409e-05
6.01113e-06
4.71139e-05
1.17691e-05
8.07308e-05
8.45565e-05
3.24756e-06
7.34845e-05
7.21377e-05
9.18408e-06
4.07593e-05
4.86532e-06
1.44602e-05
2.41572e-05
7.88923e-06
1.61684e-05
1.53697e-05
6.9442e-05
3.70428e-05
1.19902e-05
6.06183e-05
9.21336e-05
3.02519e-06
7.13825e-05
1.73363e-05
7.727e-06
5.46216e-05
7.23715e-05
5.12115e-06
1.44792e-05
4.3216e-05
2.5393e-06
2.41754e-05
3.54643e-06
4.64257e-05
1.03379e-05
9.01631e-05
2.24064e-05
2.4502e-05
5.63805e-06
7.50544e-06
9.71767e-06
1.10935e-05
4.20083e-05
2.9899e-06
8.35039e-06
6.27412e-06
3.00826e-06
2.6323e-05
1.69996e-05
8.51042e-06
3.75659e-05
3.23578e-05
5.58525e-06
4.9358e-06
5.71239e-05
6.91655e-06
1.00318e-05
5.10937e-05
4.16414e-06
4.81189e-06
2.81047e-06
3.33144e-06
1.02655e-06
7.41474e-05
3.99516e-06
1.98322e-06
6.96614e-06
1.90694e-05
3.55279e-06
3.6147e-05
1.6652e-05
8.66681e-06
2.73199e-06
7.10125e-06
3.77215e-06
3.67819e-05
1.48749e-05
5.15187e-05
7.53407e-06
5.20854e-05
9.00113e-06
1.40708e-06
4.82902e-06
7.0173e-06
0.000107947
7.83987e-06
2.14263e-06
5.81516e-06
4.56634e-06
3.63404e-05
1.57893e-06
1.72147e-05
5.49964e-06
1.0382e-05
2.53635e-06
4.91494e-05
5.73252e-05
8.28425e-08
3.67854e-06
2.33828e-06
4.34251e-05
3.29072e-06
5.80231e-06
2.99919e-05
3.31432e-06
2.32405e-06
2.80594e-05
2.71029e-05
3.04261e-06
8.63688e-07
7.42892e-05
2.1311e-06
9.58099e-06
3.36931e-05
1.97927e-05
6.33698e-06
9.91883e-06
2.85623e-05
3.17616e-05
9.11455e-06
1.37726e-06
3.45022e-06
1.01388e-05
1.2757e-06
2.56808e-05
7.5323e-06
7.97653e-06
1.45218e-06
3.03359e-06
2.95657e-05
4.65296e-06
1.88647e-05
3.71002e-06
2.37405e-05
3.85523e-06
4.80423e-05
3.29007e-06
4.18445e-06
2.81477e-05
1.06152e-05
9.61586e-07
