n=32
J=0.707107
eta=1
mu=0.0481013
beta-optimal=0
max-overlap=0
0.752461
0.359718
0.166493
0.129654
0.120762
0.101915
0.113092
0.0862879
0.0937652
0.0750325
0.0912411
0.0861115
0.0590386
0.0556242
0.054552
0.0615291
0.0519769
0.0477072
0.0431951
0.0483694
0.0413939
0.0499314
0.0422394
0.0371872
0.0371836
0.0432669
0.0420645
0.0326702
0.0354747
0.0242858
0.0301678
0.0266641
0.033984
0.0219184
0.0236451
0.0230439
0.0222133
0.0224988
0.0276031
0.0171705
0.0210503
0.0180018
0.0181453
0.0183999
0.0167211
0.0224795
0.0159983
0.0178046
0.0157685
0.014868
0.0236246
0.0137198
0.0129
0.0159788
0.013255
0.0128515
0.0118603
0.0118504
0.0107673
0.0121734
0.0110147
0.0113967
0.0139939
0.00987701
0.00844248
0.0103759
0.00987807
0.00963281
0.00948852
0.01066
0.00927999
0.00993193
0.00904181
0.00955279
0.00971936
0.00641191
0.00785602
0.00911536
0.00860267
0.00779381
0.00970448
0.00774117
0.00729347
0.00789455
0.00664473
0.00778783
0.00721941
0.00826912
0.00628416
0.00607501
0.00614358
0.00689012
0.00695019
0.00546967
0.00641054
0.00601602
0.00553777
0.00545264
0.00596844
0.00558798
0.00468716
0.00629761
0.00515819
0.00478733
0.00447123
0.0066476
0.00469193
0.0056162
0.00502427
0.00405128
0.00405947
0.00416212
0.00427985
0.00541248
0.00443126
0.00473693
0.00386639
0.00374712
0.00443168
0.00472757
0.00380156
0.00397367
0.00331118
0.00408815
0.0034916
0.0043119
0.00378621
0.00350953
0.00381387
0.00329013
0.00400884
0.00369633
0.00314985
0.00322358
0.00331681
0.00337051
0.00348211
0.00293174
0.00310642
0.00297876
0.00355827
0.00323087
0.00331434
0.00245244
0.0029229
0.00284211
0.00305982
0.00297778
0.00289607
0.00265207
0.0028634
0.00260684
0.00271111
0.00290529
0.00271409
0.00321158
0.00227393
0.00279892
0.00257002
0.00229414
0.0027198
0.00252512
0.00212497
0.00223554
0.00232482
0.00210801
0.00203516
0.00260591
0.00283334
0.00245446
0.00219328
0.00221092
0.00187584
0.00191517
0.00194852
0.00196118
0.00159582
0.00179232
0.00187324
0.00190779
0.00197618
0.00220854
0.00192852
0.00233953
0.00191097
0.00189538
0.00169623
0.00151783
0.00176874
0.00181286
0.00145545
0.00169269
0.00182102
0.00178258
0.00195706
0.00177866
0.00169788
0.00144712
0.00158001
0.00169832
0.00162074
0.00166336
0.00170534
0.00154878
0.00163232
0.00161556
0.00152541
0.00137124
0.00128108
0.00148111
0.00146729
0.00130254
0.00145016
0.00122513
0.00140779
0.00129155
0.00158544
0.001229
0.00140511
0.0012198
0.00130105
0.0012236
0.00111867
0.00130549
0.00119658
0.00136995
0.00120365
0.00128108
0.00127902
0.00115744
0.00112818
0.0012755
0.00132205
0.00125989
0.0011512
0.00108598
0.0010398
0.00106572
0.00106211
0.00111592
0.00101183
0.00111233
0.0010919
0.00102727
0.000928672
0.00102815
0.000913389
0.000990381
0.000973399
0.000851481
0.000861543
0.000932299
0.000922851
0.000868571
0.000881605
0.000755644
