n=32
J=0.707107
eta=1.13924
mu=0.0632911
beta-optimal=0
max-overlap=0
0.00243531
0.00535392
0.00497834
0.00408225
0.00237677
0.00394227
0.00165952
0.0018707
0.00117225
0.000208049
0.000490028
0.00310145
0.000565691
0.003657
0.000445802
0.00134489
0.00382854
0.000699232
0.000938504
0.000426931
0.00146932
0.00133876
0.000383304
4.3964e-06
0.000423333
0.000130817
0.000198661
0.000222636
0.00116155
0.00102316
0.00115728
0.00100469
5.53749e-05
0.000687276
0.000117953
0.000165984
0.000188304
0.000573682
0.000723598
0.00177923
0.000768559
0.000144624
0.00110211
0.000258958
0.000209264
0.000228241
0.00162153
0.000855175
3.98532e-05
0.000730275
0.00208094
0.000743966
0.000231512
0.00157941
0.000184017
0.000549143
0.000248862
0.000651858
0.000520392
0.00119644
0.00120578
0.000383667
0.00010841
0.000194447
0.000129065
0.000542108
0.00115902
4.19151e-05
0.000734672
0.000267197
0.000735494
0.000852594
0.000663037
0.000205953
3.51798e-05
0.00125787
0.000221457
0.000269197
0.000422021
0.000125712
0.000619
0.000297377
0.000361774
0.000267883
9.5189e-05
0.00030166
0.000197352
0.000304685
0.000289552
0.000250623
0.000135888
0.000778689
0.000433633
0.00047508
7.09984e-05
8.95872e-05
0.000245
0.000456593
0.000271406
9.13275e-05
0.000829575
0.00064572
0.000251029
0.000788295
0.00039431
0.000433273
0.000227052
1.8626e-05
0.000588885
0.000136269
0.000253039
0.000216406
3.16798e-05
0.000339619
0.000155524
0.000378163
0.000322398
0.000135202
9.44124e-05
0.000526935
0.000549714
0.000166946
0.000210301
0.00049007
0.000310468
0.000350915
1.196e-05
0.000634634
1.27624e-06
0.000216854
6.66926e-05
0.000364144
0.000244237
0.000201743
0.000566077
4.60059e-05
0.000708283
0.000242979
0.000233356
2.04349e-05
0.000373101
0.000259599
0.000291528
0.000364992
0.000908677
0.000119857
0.000554576
0.000116302
9.55254e-05
0.000214179
0.000358664
0.000140694
0.000318563
2.65561e-05
0.000137088
4.74073e-05
0.000214336
7.20084e-05
0.000334004
0.000645672
0.000369704
0.000168916
0.000116946
0.000224416
8.56761e-05
0.000373369
0.000218899
0.00045709
9.43988e-05
0.00011974
0.000308142
2.56348e-05
0.00016044
4.58628e-05
6.62183e-05
0.00030259
0.000350463
5.62719e-05
0.000431868
0.000412963
0.000182899
5.93776e-06
4.3202e-06
0.000268632
0.000526517
0.000296566
0.000109457
0.000319811
0.000519805
0.000370303
0.000333247
4.81282e-05
3.03761e-05
0.000178405
0.000347345
0.000149001
8.3876e-05
4.12855e-05
0.000140814
0.000342748
0.000315113
1.89168e-05
3.45152e-05
0.000332113
9.4596e-05
0.000167984
0.000351985
7.96389e-05
9.95055e-05
0.000211919
6.81565e-05
7.15138e-05
0.000218773
0.000204769
0.000219362
0.000218079
0.000156703
0.000533304
0.000310799
3.39023e-05
0.000209207
0.00047508
1.96069e-05
0.000305001
7.11345e-05
4.33498e-05
0.00032232
2.74273e-06
0.000119214
0.000716926
1.27345e-05
0.000131889
1.78157e-05
0.00026464
0.00019011
7.30841e-05
0.000198714
0.000127317
6.0513e-05
0.000129287
0.000236368
0.000370773
0.000248374
0.000253204
3.80243e-05
0.000167512
1.75065e-05
0.000252951
0.000183104
0.000206082
1.10896e-05
0.000385847
0.000260584
0.000163974
0.000267997
6.73575e-05
