n=32
J=0.707107
eta=1
mu=0.106329
beta-optimal=0
max-overlap=0
0.303866
0.26607
0.25454
0.25204
0.230973
0.215216
0.177007
0.176451
0.175792
0.160538
0.143193
0.146892
0.149343
0.134714
0.127167
0.130603
0.130618
0.117964
0.113426
0.101227
0.0918306
0.0943922
0.0996173
0.0978391
0.0920141
0.0902841
0.0757506
0.0866769
0.0876739
0.0817067
0.0842302
0.0778039
0.0739699
0.0783989
0.0722736
0.0743092
0.0689731
0.0608264
0.0701298
0.0632872
0.0634722
0.0643992
0.0617307
0.0583363
0.056587
0.0570095
0.0517006
0.0552188
0.0517614
0.0474271
0.0502627
0.0473299
0.0475469
0.0533324
0.0443656
0.0469338
0.0492749
0.0429246
0.0453866
0.0448229
0.0434491
0.0433109
0.0428868
0.0412355
0.0434753
0.0353358
0.035878
0.0353624
0.0411701
0.0376099
0.0375687
0.0367838
0.0337379
0.0355925
0.0361107
0.033007
0.0349759
0.0315978
0.0332946
0.0333606
0.0321611
0.031607
0.0301642
0.0297354
0.0294673
0.0282045
0.0299173
0.0289094
0.0280873
0.0293015
0.0286424
0.0258113
0.0261468
0.0273413
0.0252561
0.0279236
0.0243984
0.0260255
0.0241046
0.0233847
0.0255308
0.0230013
0.0252642
0.023683
0.0239575
0.0234429
0.0226741
0.0225482
0.0231484
0.0225455
0.0212111
0.0223162
0.0204632
0.020958
0.0224826
0.0200912
0.019056
0.0207064
0.0188229
0.0206146
0.0197104
0.0193826
0.0195393
0.0187995
0.0194566
0.0189497
0.0174467
0.0191599
0.018124
0.0185711
0.01858
0.0174936
0.0166792
0.0168792
0.0169395
0.0167242
0.0171575
0.0172826
0.0160954
0.0157325
0.0168794
0.014808
0.0173365
0.0155951
0.0160352
0.0152556
0.0151352
0.0155135
0.014542
0.0156613
0.0152433
0.0138983
0.0140403
0.0140469
0.0139408
0.0140855
0.0134581
0.0135924
0.0137371
0.0136932
0.013788
0.0136598
0.0132579
0.0130217
0.0124077
0.0127413
0.0124737
0.0128943
0.0125343
0.0124562
0.0117436
0.0128785
0.0116572
0.0114175
0.0118386
0.0114633
0.0113797
0.0120885
0.0111842
0.0113952
0.0111953
0.0107346
0.0115132
0.0107582
0.0108356
0.0110354
0.0106842
0.0108462
0.0107556
0.00970673
0.0102688
0.0104073
0.0104598
0.0103318
0.00960829
0.0102306
0.00997802
0.00966949
0.00984805
0.00946081
0.00898759
0.00914848
0.00876973
0.00889607
0.00927881
0.00867562
0.00856454
0.00899875
0.00848445
0.00847635
0.00836092
0.00835088
0.00869153
0.00882422
0.00778257
0.00837363
0.00839576
0.00826127
0.00822929
0.0081071
0.00777806
0.0074163
0.00778188
0.00745301
0.00743977
0.0077779
0.00759785
0.00767057
0.00723916
0.00722616
0.00700694
0.00732844
0.00716775
0.00696785
0.00667087
0.00722539
0.00709714
0.00666838
0.00672265
0.00636869
0.00644535
0.00635412
0.00652904
0.00622219
0.00622003
0.00595269
0.00552462
0.00566062
0.00625995
0.0057413
0.00568384
0.00555165
0.005645
0.00565905
0.00544855
0.00533213
