n=32
J=0.707107
eta=1
mu=0.0987342
beta-optimal=0
max-overlap=0
0.316684
0.285564
0.264095
0.270536
0.217112
0.191199
0.184165
0.179706
0.174168
0.172153
0.150562
0.139724
0.138982
0.13974
0.122245
0.112675
0.128336
0.119431
0.11558
0.105853
0.101661
0.104058
0.105526
0.0854305
0.0833459
0.0852992
0.0798245
0.0846288
0.0829171
0.0822933
0.0787138
0.0748719
0.0740935
0.0720743
0.0684938
0.0699357
0.060891
0.0693802
0.0603734
0.0578929
0.0553647
0.0565606
0.0559728
0.0531942
0.0561498
0.0564698
0.053417
0.0547036
0.0478675
0.0478112
0.0537894
0.0452251
0.0451527
0.0444655
0.0447554
0.0436393
0.0458917
0.0425132
0.0434531
0.0397352
0.0395524
0.039694
0.0377638
0.0387152
0.0398911
0.0362325
0.0384346
0.0368993
0.0324775
0.0354239
0.0355097
0.0344413
0.0332976
0.0324813
0.0313182
0.0318967
0.0315894
0.0310132
0.0294175
0.0289075
0.0288127
0.0278946
0.0279119
0.0284129
0.0272807
0.0280893
0.0275854
0.0269256
0.0256204
0.0270049
0.0242954
0.025644
0.0256496
0.0242971
0.024157
0.0238709
0.0219806
0.0226996
0.0234075
0.0230021
0.0238236
0.0216829
0.020893
0.021823
0.0219562
0.0219517
0.0211295
0.0201394
0.0200363
0.021093
0.0203305
0.0201976
0.019734
0.0208426
0.0191161
0.0193624
0.0172881
0.0181343
0.0189106
0.0180253
0.0187547
0.0174394
0.0178663
0.0160835
0.0177345
0.0165167
0.0160517
0.0169807
0.0172388
0.0159178
0.0157038
0.0161803
0.0143072
0.0145979
0.0152496
0.0154326
0.0151242
0.0145421
0.0149848
0.0150739
0.0145673
0.0144149
0.0149329
0.014743
0.0148028
0.0133199
0.0136438
0.0149022
0.0141313
0.0131555
0.0130448
0.0135347
0.0120998
0.0124501
0.0131146
0.0126125
0.0128133
0.0124639
0.0118854
0.0123616
0.0121288
0.0113105
0.0118055
0.0111312
0.0116409
0.0108066
0.0119968
0.011989
0.011027
0.011028
0.0113011
0.0106186
0.0104288
0.010826
0.0100065
0.0104994
0.0105249
0.0106634
0.0107534
0.0098188
0.00954653
0.00987776
0.0103832
0.00979824
0.00975735
0.010726
0.00957881
0.00958463
0.00894857
0.00886413
0.00952754
0.00904902
0.00891723
0.00859494
0.00860102
0.00849607
0.00795653
0.00853187
0.0083979
0.0089152
0.00811501
0.00830578
0.00800981
0.00825994
0.00769043
0.00841142
0.0080126
0.00769203
0.00789833
0.00801141
0.0075519
0.00762274
0.00767954
0.00786788
0.00710272
0.00762257
0.00721845
0.00733471
0.00737965
0.0067359
0.00698743
0.00718727
0.00690096
0.00718088
0.00686337
0.00696825
0.00678364
0.00669375
0.00686318
0.00675768
0.00685166
0.00640709
0.00658312
0.0060906
0.00612243
0.00600364
0.0061417
0.00581953
0.00597213
0.00584022
0.00558342
0.00556603
0.00556956
0.00548155
0.005459
0.00516388
0.00521242
0.00520422
0.00523568
0.00536548
0.00540844
0.00529903
0.0049761
0.00504373
0.00477629
0.00438825
