n=32
J=0.707107
eta=1.13924
mu=0.0810127
beta-optimal=0
max-overlap=0
0.00459828
0.00106048
0.00130388
0.00205298
0.00166616
0.000152466
0.00210928
0.00265897
0.0020919
0.00336592
0.0027817
0.00149928
0.00210101
0.00246587
0.000693661
0.000256806
0.000298011
0.00041409
0.0022564
0.00158453
0.000604047
0.00412605
0.000805578
0.00154292
0.0012413
0.000899445
0.00207493
0.000598278
0.000326301
0.00102105
0.000389366
0.00139604
0.0020648
0.000371353
0.000344384
0.0012249
0.000899192
0.00189485
0.00136544
0.000924611
0.000979638
0.000544776
0.00093418
0.00072107
0.000522368
0.000362644
0.00106233
0.000793926
0.000826693
0.00112832
0.00122122
0.000936569
0.000360785
0.0002414
0.00098268
0.000618057
0.00173451
0.00172805
0.000782636
0.000484935
0.00127221
0.000924281
6.70412e-06
0.000942302
0.000377744
0.000345084
2.70871e-05
0.000597339
0.000725228
0.000459621
0.000192812
0.000564764
0.000377616
0.000278435
0.00166895
0.00109864
0.000100697
0.000466824
8.71154e-06
0.000268414
7.62635e-05
0.000592602
0.000502273
0.000130949
0.000262248
7.77845e-05
0.0002657
0.000264155
0.000291197
0.000343698
0.000947164
1.69231e-05
0.000794335
0.000278144
0.000361947
0.000295891
0.000829647
0.000815143
0.000112378
0.00155902
0.000418421
0.000267167
0.000649011
0.000941819
0.000725771
0.00134391
0.00059149
0.000518182
5.15395e-05
0.000200571
0.000867112
0.00012312
0.000295688
0.000286883
0.000299518
4.83525e-06
0.000224591
0.000192506
0.000503321
0.000207266
0.000116
0.000130228
0.000630952
0.000255496
0.000277237
0.000602576
0.000325442
0.000164918
0.000332533
0.000343787
0.00105948
2.21413e-06
0.000763427
0.000248712
2.03853e-05
8.44852e-05
0.000110709
0.000245691
0.000499487
0.000241467
0.00108212
6.84387e-05
0.000563076
8.5006e-05
0.000119933
9.74754e-05
0.000440063
0.000210363
0.000298618
0.000229936
6.82149e-05
5.68872e-05
0.00012262
0.000112678
6.0336e-05
0.000416667
0.00025635
5.79263e-05
0.000733535
0.000531531
0.000504286
0.000238594
0.000455008
0.00024852
0.000179622
4.59903e-05
0.000243535
0.000130967
9.7185e-05
0.000557987
0.000120894
0.000175434
0.000196575
0.000258304
0.000629183
4.02847e-05
0.000223249
9.41293e-05
7.62671e-05
0.000581908
1.5506e-05
0.000225253
0.000318065
0.000176644
0.000331456
0.000507834
5.0408e-05
3.36334e-05
0.00011235
0.000195284
0.00010709
0.00044307
0.000278056
0.000443639
1.67086e-05
0.000170517
0.000423602
0.000152841
0.000188546
1.5771e-06
0.000276243
0.000242348
8.71421e-05
0.000353601
1.03173e-05
2.92047e-05
0.000167883
0.000462981
0.000132415
0.000225287
0.000141344
0.000119315
9.91907e-05
0.00050681
0.000236976
0.000205414
0.000175443
0.000314538
0.000384976
0.000215112
0.000407194
9.18006e-05
0.000134345
0.000228661
0.0001872
0.000193294
0.00012069
0.000130977
0.000169055
3.96692e-05
3.16839e-05
0.000276393
4.80394e-05
0.000341358
3.51101e-05
0.000112352
0.000317069
3.28335e-05
4.9708e-06
0.0001048
0.000151364
0.000647747
0.000228817
0.000134641
0.000260414
3.7329e-05
9.10114e-05
0.00053902
0.000359727
0.000192844
0.000276141
0.000199308
0.000226615
6.31591e-05
0.000120688
4.1157e-05
