n=32
J=0.707107
eta=1
mu=0.0455696
beta-optimal=0
max-overlap=0
0.612195
0.289116
0.292693
0.217436
0.260183
0.194114
0.128826
0.153421
0.126501
0.0781055
0.0760117
0.0873174
0.0824337
0.0649695
0.0571762
0.0631275
0.0661502
0.0518427
0.0609353
0.0419969
0.0438905
0.0352847
0.0446993
0.0404473
0.0400855
0.038581
0.036469
0.0407136
0.0274804
0.0301436
0.0310712
0.0280849
0.0205793
0.0255099
0.0244721
0.0250519
0.0206337
0.0298895
0.0250783
0.0217694
0.0190753
0.0160335
0.015232
0.0196815
0.0142728
0.016522
0.0179809
0.0168894
0.0163423
0.0156122
0.0141965
0.0140574
0.0138949
0.0109097
0.0143788
0.0126065
0.0126066
0.0132133
0.0119201
0.0125051
0.0108746
0.0113743
0.0118268
0.0124471
0.00886686
0.0091946
0.0121397
0.00959721
0.0123074
0.0118921
0.00885413
0.0104806
0.00844952
0.00877959
0.00783493
0.0075234
0.00867613
0.00753031
0.00811696
0.0101665
0.00839367
0.00699993
0.00737843
0.00717565
0.00559886
0.00693287
0.0066957
0.00763893
0.00720827
0.00586905
0.00616435
0.00553543
0.00639265
0.00711616
0.0045603
0.00604165
0.00732043
0.00637783
0.00661945
0.00609873
0.00558007
0.00464346
0.00474852
0.00520827
0.00521345
0.0060171
0.00598159
0.00431105
0.00514388
0.004813
0.00393249
0.00565889
0.00550364
0.00506814
0.00411579
0.00491699
0.00442677
0.00393344
0.00446417
0.00424561
0.00433351
0.00380065
0.00372951
0.00358947
0.00323337
0.00357456
0.00425252
0.00364924
0.00358688
0.00389434
0.00413257
0.00339591
0.00348566
0.00386623
0.00353861
0.00390039
0.00324662
0.00317917
0.00297227
0.00303277
0.00323523
0.00248077
0.00319174
0.00321087
0.00324256
0.00287311
0.00339193
0.00313667
0.00290977
0.00249054
0.00277954
0.00287532
0.00263066
0.0023564
0.00271428
0.00252902
0.00240732
0.00259659
0.00270496
0.00279086
0.00215019
0.00236223
0.00231311
0.00224062
0.00221103
0.0024478
0.00271924
0.00224274
0.00239422
0.00248537
0.00226245
0.00194324
0.00204101
0.00208974
0.00195454
0.00203971
0.00233169
0.00211681
0.00204306
0.00199725
0.00224592
0.00200692
0.00183637
0.00202634
0.00191082
0.00182135
0.00181929
0.00161758
0.00181731
0.00172031
0.00171611
0.00161397
0.00216629
0.00171852
0.00185093
0.00144639
0.00176917
0.00176503
0.00161346
0.00159495
0.00146761
0.00159587
0.00190032
0.00161586
0.00146146
0.00153566
0.00151053
0.0014354
0.00166998
0.00129654
0.00143459
0.00138622
0.00128257
0.00133991
0.00133812
0.00143247
0.00134808
0.0011793
0.00124065
0.00131031
0.00140303
0.00119794
0.000997597
0.00109992
0.00123436
0.0013209
0.0010484
0.00106908
0.00113354
0.00107823
0.00110642
0.00129871
0.00106746
0.00110191
0.00124243
0.00106515
0.00102939
0.00109069
0.000933578
0.000943359
0.00116424
0.00109612
0.000980412
0.00110839
0.00115269
0.0010624
0.00105274
0.00089315
0.0010185
0.000954953
0.000855398
0.00102389
0.00083861
0.000831282
0.000768048
0.000871064
