n=32
J=0.707107
eta=1.03797
mu=0.0506329
beta-optimal=0
max-overlap=0
0.00191089
0.00263736
0.00353109
0.00625673
0.000399152
0.00147294
0.00310933
0.00199064
0.000363502
0.000698761
0.000651338
0.0015842
9.97101e-05
0.000773204
0.00154444
0.000388799
0.00170128
0.00121516
0.00333166
0.00131773
0.00030118
0.000428558
0.000564313
0.000667157
7.18754e-05
0.000497149
0.000614574
0.000906981
6.36691e-05
0.00138848
0.00124228
0.0018588
0.0011865
0.000388781
0.000807331
0.000293004
0.000220047
0.000742989
0.00038215
0.000344255
0.000330737
4.85419e-05
0.000923114
0.000845592
0.00157336
0.000659674
0.000726595
0.000721246
0.000939202
0.000191118
0.000365279
0.000296775
0.0014312
0.000800837
0.000660285
5.01135e-05
0.000862534
0.000360745
0.000379887
0.000321963
0.00055425
0.000176661
0.000250739
0.00140512
0.00115214
0.000246242
0.000358049
0.00017596
0.000417313
0.000161355
0.000184243
0.000494374
0.000294156
0.000150747
0.000262535
0.000567559
3.8907e-06
0.000487205
0.000286575
0.000464326
0.000268063
0.00164722
0.00053145
0.000397647
0.000397502
0.000132732
0.000104114
0.000538715
0.000523697
0.000491097
0.000300087
0.000266787
0.000386702
0.000504384
4.42279e-05
0.000239667
0.00065659
0.000677021
6.45865e-05
0.000353348
0.000334413
0.000272666
0.00033843
0.000464531
5.13135e-05
0.000501862
0.000430151
3.52365e-05
0.000594542
6.78608e-05
0.000102277
0.000371739
5.99038e-05
5.65005e-05
0.00017145
0.000137771
9.82697e-06
0.000241107
5.52966e-06
0.000338172
6.06114e-05
6.9078e-05
0.000108533
0.00014417
0.000144825
1.89914e-06
0.000151416
0.000380201
0.000241104
6.07138e-05
0.000554445
0.000544137
9.08948e-05
0.000273123
7.81415e-05
0.000198821
0.000332576
0.000102014
6.92259e-05
5.54391e-05
0.000463261
3.0611e-05
0.000180393
6.60915e-05
0.000258985
0.000108336
0.000134084
0.000218998
7.57273e-05
1.26331e-05
0.000140014
0.000104313
0.000322288
5.78981e-05
5.18922e-06
0.00020737
0.000209312
0.000101923
0.000249821
0.000227061
6.47286e-05
0.000172177
0.000100891
0.000257914
7.40448e-05
7.36043e-05
3.15857e-05
1.48437e-05
0.000253795
4.07441e-06
0.000300094
0.000231728
0.000105504
8.63095e-05
3.00775e-05
0.000231335
6.40973e-05
0.000168287
0.000431289
0.000397194
8.59663e-05
0.000134574
6.96793e-05
0.000166262
2.26624e-05
3.29873e-05
0.000407122
0.000191634
0.000317479
7.88042e-05
0.000255892
7.81127e-05
0.000184539
0.000204526
2.70631e-05
4.53952e-05
1.81461e-05
4.67196e-05
0.000202384
2.84969e-05
0.000133477
0.000150739
3.82697e-05
6.07111e-05
1.0331e-05
0.000224119
0.000396427
8.69563e-05
7.85201e-05
0.000129853
0.000192605
5.08644e-05
6.4612e-05
8.75458e-05
6.82878e-05
6.28794e-05
8.34149e-05
0.000136262
0.000329899
0.000548961
0.000139896
0.000266595
7.04778e-05
0.000276229
8.54709e-06
0.00033323
0.000130058
0.00011187
0.000175658
6.27581e-05
6.8227e-05
5.46865e-06
0.00011023
0.000200144
0.000131472
0.000132492
0.000169075
8.83914e-05
0.000273479
0.000133573
2.14013e-05
0.000276926
0.000455709
0.000185677
4.26013e-05
0.000100269
8.03755e-05
0.000309878
4.05912e-05
5.99292e-05
1.89431e-06
5.4405e-05
4.74852e-05
0.000150999
1.35952e-05
1.75952e-05
