n=32
J=0.707107
eta=1.59494
mu=0.0886076
beta-optimal=0
max-overlap=0
0.000790555
0.0018163
9.36619e-05
0.00192125
0.0008639
6.68036e-05
0.000878929
7.95749e-05
0.00129979
0.000987008
0.000493277
0.000151382
0.000615503
0.000655259
0.00196357
0.000817488
0.00350286
0.000717269
0.000412075
0.00134145
0.000413241
0.000597426
0.000168783
0.000133496
0.000212562
7.27131e-05
0.000543025
0.00114019
0.000285402
0.00103667
0.000673177
0.000882225
0.000184149
0.000314851
0.000433815
7.64285e-05
0.000490572
0.000514674
0.00101561
0.000451103
0.000200757
0.00096079
0.00044901
0.000942775
0.000158951
0.000296685
0.000555104
0.000893838
8.14887e-05
0.000138833
0.00059611
0.000702216
0.000160239
1.55746e-05
0.00066113
0.000331552
0.000656557
0.00101459
0.00118703
0.00101616
0.000120691
0.00105273
0.000659131
2.98663e-05
0.000852383
0.000351408
0.000448776
0.000282506
0.00021161
6.75191e-06
3.64988e-05
0.000604648
9.79325e-05
0.00038582
0.000619123
0.000546323
0.0006678
0.000273213
0.000326052
0.00124459
8.06973e-06
0.000323539
0.000131956
0.00023643
0.000170489
4.92722e-05
0.000692811
0.000163247
0.000475346
0.000109485
0.000305208
0.000346129
6.06786e-05
0.000412544
0.000367608
0.000549157
0.000337228
0.000119362
0.000306668
0.000132015
0.000250114
0.000317281
0.000122358
0.000115416
0.000730007
0.000151573
0.000595567
0.00024965
0.000157626
0.000410221
0.000145351
0.000615819
0.00022371
2.74479e-05
9.66894e-05
6.87294e-06
0.000247732
0.000229709
0.000149021
4.19214e-05
0.000377082
0.000164515
0.000350011
0.000514891
8.82672e-05
0.000242703
6.45835e-06
6.21092e-05
0.000443885
0.000408963
0.000432276
6.55613e-05
0.000261828
2.2632e-05
0.000335096
5.27902e-05
0.000114358
0.000527886
0.00026081
0.000706048
0.000267274
0.00011346
0.000558529
5.48371e-05
4.39524e-05
0.000378594
0.000968437
0.000666925
3.05588e-05
0.000612796
7.18638e-05
0.000255922
0.000272084
0.000116768
0.000362721
0.000538967
0.000362592
0.000339874
0.000324009
0.000741946
0.000431169
4.95133e-05
0.000837222
0.000199869
0.000190248
0.000224816
0.000463512
0.000139097
0.000221471
0.000947795
5.77108e-05
0.000311688
0.000237517
0.000289757
3.01524e-05
0.000200637
0.000235729
7.10109e-05
0.000159948
0.000301279
0.000150604
0.000283436
0.000141406
0.000250683
8.17427e-05
0.000162507
0.000191446
0.000165059
6.28037e-06
0.000186541
0.000331096
0.000375358
0.000261436
0.0003072
0.000120205
0.000152894
0.000696784
0.000367689
0.000888767
0.00047238
1.36524e-05
5.49195e-05
0.000103224
0.000419477
7.75366e-05
0.00045606
0.000219603
0.000241294
8.34785e-05
0.000138392
0.000185055
0.000604251
5.84832e-05
0.000129388
0.000243083
0.000224632
0.000194845
0.000110815
0.000180946
6.24111e-05
0.000119657
3.6501e-05
0.000194877
0.000154366
0.000766871
2.871e-05
0.000259951
0.000359847
4.63589e-05
5.289e-05
0.000653098
0.000139078
0.000541433
0.000163998
1.18843e-05
8.91546e-05
0.000160047
0.000132024
0.000249736
0.000480798
0.000429884
0.000299468
0.000154688
4.02916e-05
0.000475597
0.000346772
0.000516217
5.61418e-05
0.000501696
0.000618081
0.000381348
0.00031272
3.17665e-05
0.000473819
0.000454162
0.000287103
