n=32
J=0.707107
eta=1.08861
mu=0.0405063
beta-optimal=0
max-overlap=0
9.93569e-12
1.87584e-11
4.26873e-11
1.01307e-11
1.00901e-11
7.1899e-12
7.55354e-12
6.22417e-12
8.18149e-12
1.5124e-11
1.20155e-11
4.25232e-12
4.85223e-12
1.7824e-12
1.73626e-12
6.73874e-12
4.67742e-12
1.55623e-12
5.93424e-12
6.12207e-12
5.31126e-12
5.80372e-12
1.37184e-12
1.30515e-11
3.21747e-12
3.8373e-12
7.24423e-12
6.50254e-13
6.41984e-12
1.13631e-12
3.94911e-12
2.12858e-12
2.6264e-12
2.26637e-12
4.97006e-12
7.10558e-13
2.5501e-12
9.26952e-13
1.3095e-12
2.84521e-12
3.90116e-12
3.17077e-12
6.50231e-13
3.89005e-12
1.80166e-12
2.44032e-12
5.61115e-12
2.14685e-12
2.4642e-12
2.36097e-13
1.87485e-12
3.12641e-12
1.03208e-12
3.20645e-12
3.99336e-12
1.35961e-12
1.77981e-12
1.89573e-12
3.7577e-12
2.68185e-12
3.06396e-12
2.23799e-12
1.80376e-12
1.23206e-12
1.99718e-12
7.63995e-13
1.65756e-12
7.59944e-13
1.02382e-12
6.55785e-13
1.98394e-12
8.58474e-13
1.34715e-13
1.66992e-12
1.22721e-12
5.82772e-13
1.62111e-12
4.65537e-13
5.20897e-12
2.60023e-12
2.65125e-12
1.76393e-12
1.48335e-12
3.27346e-13
1.75837e-12
1.69819e-12
1.87288e-12
1.88947e-12
1.92348e-12
8.91364e-13
5.57609e-13
3.09318e-12
6.53373e-13
1.27156e-12
8.47112e-13
3.20568e-13
3.23001e-13
3.5691e-12
1.6339e-12
1.56471e-12
2.62476e-12
6.8174e-13
1.10765e-12
4.09987e-13
2.33099e-13
1.29856e-13
1.60485e-12
1.2835e-12
1.38441e-12
1.04655e-12
1.37299e-12
1.20977e-12
1.4303e-12
7.02754e-13
1.17265e-12
1.06852e-12
2.19459e-13
4.88985e-13
2.06471e-13
1.6434e-12
1.22571e-12
3.81613e-13
7.50872e-13
9.99297e-13
7.33978e-13
9.28503e-13
1.01933e-12
1.38746e-12
1.16361e-12
1.68966e-13
2.65324e-12
1.25016e-12
1.30073e-13
4.93325e-13
1.3611e-12
1.23968e-12
4.95236e-13
1.22888e-12
4.85154e-13
2.70106e-13
3.24662e-12
1.11852e-12
9.17891e-13
4.35792e-13
8.69764e-13
1.28164e-12
8.36395e-13
9.99385e-13
8.78827e-13
3.61837e-13
4.75863e-13
5.00958e-13
5.33543e-13
1.27977e-12
9.50424e-13
1.02584e-12
1.15255e-12
1.05156e-12
1.15272e-12
6.07037e-13
1.31868e-12
7.35398e-13
1.04179e-12
1.70473e-12
5.89951e-13
3.3393e-13
8.50296e-13
4.16647e-13
6.95185e-13
9.46993e-13
3.29235e-13
6.21983e-13
9.84131e-14
5.90055e-13
1.58669e-13
7.76715e-13
7.08071e-13
1.44723e-12
7.43976e-13
1.27736e-12
1.57798e-13
1.03262e-12
1.82821e-12
2.7845e-13
9.03626e-13
7.83156e-13
1.61151e-12
9.16177e-13
1.68937e-12
4.27354e-13
6.33572e-13
1.32901e-12
4.30235e-13
6.44e-13
4.43326e-13
2.12516e-12
1.50625e-12
7.71078e-13
1.14263e-12
6.69201e-13
7.38307e-13
6.34344e-13
2.59595e-13
1.14418e-13
4.38119e-13
1.13952e-12
6.97072e-13
3.10038e-13
3.03417e-13
2.3318e-13
1.24864e-12
3.3251e-13
2.47669e-13
1.10605e-12
9.54249e-13
2.22199e-13
5.32131e-13
1.31442e-12
6.92779e-13
3.95541e-13
7.09938e-13
1.9399e-13
1.53949e-12
6.15815e-13
6.58938e-13
8.57259e-13
4.14539e-13
5.11211e-13
6.35237e-13
1.85026e-13
2.64671e-13
6.29325e-13
8.21691e-13
9.02933e-13
3.39341e-13
1.39428e-12
1.05105e-13
1.14867e-12
6.11985e-13
1.13757e-13
1.43314e-12
5.74321e-13
6.73858e-13
8.24301e-13
1.0481e-12
9.19287e-13
5.68576e-13
5.27797e-13
9.05285e-14
1.75631e-12
6.75038e-13
6.91466e-13
1.05227e-12
2.8307e-13
5.596e-13
6.38044e-13
