n=32
J=0.707107
eta=1
mu=0.0886076
beta-optimal=0
max-overlap=0
0.33816
0.285902
0.274695
0.256152
0.229654
0.223399
0.177626
0.17442
0.174388
0.163491
0.140981
0.140149
0.151427
0.133481
0.134385
0.135931
0.136731
0.116793
0.112235
0.102861
0.089794
0.0947743
0.0850815
0.0834091
0.0786848
0.0863796
0.0875884
0.0797388
0.073617
0.0663121
0.0732349
0.0716935
0.0672755
0.0605629
0.057925
0.0589448
0.0593248
0.0552495
0.0563517
0.0572793
0.053166
0.0513879
0.0542097
0.0514672
0.0471219
0.0498064
0.0464151
0.0416427
0.0471075
0.0414917
0.048155
0.040127
0.0419314
0.0387058
0.0388447
0.0401327
0.0364929
0.0368732
0.0388995
0.0400363
0.0326437
0.0357414
0.0341756
0.0356435
0.0362241
0.0379955
0.0300143
0.0318626
0.0308264
0.0291387
0.0299947
0.0306118
0.0278927
0.0321238
0.0269309
0.0292078
0.0274722
0.0267763
0.0265055
0.0255049
0.0260996
0.0265013
0.0238535
0.0227906
0.0226992
0.0229598
0.0253697
0.0245678
0.021791
0.0222292
0.0211181
0.0218274
0.0212368
0.0222119
0.021035
0.0205207
0.0192986
0.0190327
0.0193059
0.0211062
0.0192327
0.0184713
0.0195839
0.0184273
0.0181109
0.0180143
0.0195185
0.0193064
0.0162758
0.0170715
0.0174102
0.0146676
0.0159099
0.0164629
0.0170207
0.015633
0.0163861
0.0152732
0.0161789
0.0150211
0.017372
0.0167478
0.0145959
0.0149081
0.0152207
0.0143596
0.0134194
0.0141516
0.0140988
0.0140372
0.0136413
0.0133654
0.0127943
0.0132592
0.0128921
0.0125884
0.0123836
0.0125163
0.0124699
0.0121322
0.0116981
0.0116205
0.0116707
0.0121255
0.0115013
0.0107653
0.0108106
0.0120021
0.0106713
0.011376
0.0115947
0.0104612
0.0106548
0.0103609
0.0111622
0.00983568
0.00997915
0.00952551
0.0107484
0.00939954
0.00922411
0.0100333
0.0100409
0.00943274
0.0093251
0.00959653
0.00955057
0.00965354
0.00879529
0.00830603
0.00957875
0.00904487
0.0089357
0.00929808
0.00849989
0.00842771
0.0088107
0.0084091
0.00872275
0.00814983
0.00804403
0.00822751
0.00791053
0.00811272
0.00788542
0.00783668
0.0075552
0.00771497
0.00761248
0.00740532
0.00719555
0.00773743
0.00753588
0.00731408
0.00720136
0.00703459
0.00733773
0.00699674
0.00708886
0.00771539
0.00699564
0.00673774
0.00654902
0.00719401
0.00667812
0.00625462
0.00674311
0.00644033
0.00652803
0.00601508
0.0062292
0.00597841
0.00570784
0.00599879
0.00583269
0.00565451
0.00583214
0.00565861
0.00570652
0.00590926
0.00561188
0.0054501
0.00546511
0.00542332
0.00523577
0.00553203
0.00524091
0.00552739
0.00528948
0.00504046
0.00499375
0.00493447
0.00516891
0.00493788
0.00520271
0.00510378
0.00490593
0.00464198
0.00464076
0.00452122
0.00478365
0.00476237
0.00448949
0.00456863
0.0043664
0.00436304
0.00445548
0.00418016
0.00403075
0.00411705
0.00388528
0.00388283
0.00374954
0.00372639
0.00392342
0.00351587
