n=32
J=0.707107
eta=1
mu=0.141772
beta-optimal=0
max-overlap=0
0.238972
0.217997
0.213857
0.194348
0.190108
0.183433
0.179246
0.170838
0.163782
0.155829
0.163768
0.158368
0.147098
0.141994
0.137033
0.128856
0.11982
0.119392
0.113992
0.116786
0.121727
0.113903
0.109305
0.107669
0.107655
0.106783
0.102516
0.0988174
0.093775
0.0962608
0.0934393
0.0873408
0.0874866
0.0914771
0.0865509
0.0847508
0.0816336
0.0800782
0.0829899
0.0748301
0.0759021
0.0757198
0.0740437
0.075706
0.0691403
0.0677951
0.0695269
0.0654201
0.0638572
0.0650836
0.0603891
0.0630136
0.063235
0.0618257
0.0591128
0.0622068
0.060711
0.0576409
0.058509
0.0568842
0.054455
0.055288
0.0536642
0.0546909
0.0549586
0.0503008
0.0508406
0.0529234
0.0512616
0.0476933
0.0491578
0.0498527
0.0504291
0.0473956
0.0471749
0.0462591
0.0446811
0.0455835
0.0468391
0.0446484
0.046001
0.0439406
0.0419781
0.0413626
0.0408892
0.0410209
0.0399845
0.0379749
0.041292
0.038581
0.0397569
0.0379836
0.0382682
0.0372896
0.0378776
0.0387853
0.0355688
0.0355427
0.0353045
0.0344763
0.0359985
0.0337155
0.0360538
0.033969
0.0342727
0.0321754
0.0326174
0.0320808
0.0316241
0.03344
0.0334645
0.0327541
0.0320398
0.0317812
0.0324727
0.0304344
0.0304908
0.0291248
0.029707
0.0302063
0.029654
0.0288724
0.0280402
0.0285848
0.0289109
0.0289813
0.0277964
0.0266551
0.0272876
0.0274348
0.0263617
0.026529
0.0258497
0.0252964
0.0255313
0.025502
0.0252212
0.0245595
0.0239141
0.0238347
0.0239657
0.0237205
0.0240557
0.0236234
0.0227389
0.0221661
0.0220603
0.0233491
0.0229229
0.0220043
0.022492
0.0223006
0.0220412
0.0222333
0.0214918
0.0215138
0.021446
0.0210156
0.0206916
0.0204556
0.0206488
0.0198175
0.0192284
0.0196041
0.0198235
0.0198235
0.0194092
0.0203367
0.0195275
0.0194652
0.0191958
0.0182015
0.0191589
0.0188059
0.017866
0.0182908
0.0175807
0.0169691
0.0184684
0.0172098
0.0168021
0.0171381
0.0167516
0.0171977
0.0169424
0.0161659
0.0168156
0.0160516
0.016053
0.0161388
0.0158958
0.0156537
0.015292
0.0158506
0.0157403
0.015384
0.0153942
0.015377
0.0150083
0.0151149
0.0151201
0.014307
0.0143742
0.0146348
0.0143844
0.0142755
0.0138771
0.014359
0.0144592
0.0138451
0.0144175
0.0135263
0.0139243
0.0134647
0.0136566
0.0130627
0.0129688
0.0123784
0.0129623
0.0124257
0.0130674
0.0128914
0.0121563
0.0120202
0.0128646
0.0121417
0.0119877
0.0121541
0.012049
0.0116411
0.0116798
0.0118039
0.0113796
0.0115593
0.0113329
0.0109122
0.0110513
0.0114041
0.0106634
0.011133
0.0107206
0.0106594
0.0104846
0.0104957
0.0100243
0.0101406
0.0101239
0.00957173
0.00961076
0.00966837
0.00966916
0.00937951
0.00931746
0.0090611
0.00871483
0.00862135
