n=32
J=0.707107
eta=1.18987
mu=0.078481
beta-optimal=0
max-overlap=0
1.21107e-12
2.75584e-12
4.95023e-12
3.99866e-12
2.69588e-12
3.40219e-12
3.55428e-12
1.14471e-12
2.13155e-12
3.82784e-13
2.55318e-12
3.68205e-12
2.25298e-12
1.42936e-12
5.19576e-12
2.5755e-12
2.79234e-12
2.08185e-12
6.90682e-13
3.43349e-12
1.4913e-12
1.0142e-12
2.10599e-12
1.04201e-12
1.43224e-12
1.14947e-12
6.62851e-14
1.41857e-12
1.05104e-12
8.04693e-13
1.84894e-12
1.39512e-12
5.54297e-13
1.31793e-12
1.30105e-12
1.66459e-12
1.25906e-12
1.6185e-12
6.57404e-13
1.81326e-12
2.105e-12
3.05063e-12
1.49918e-12
1.85874e-12
3.73127e-13
9.25529e-13
8.93662e-13
4.59414e-13
3.90097e-13
2.86476e-13
2.03686e-12
8.09219e-13
6.1545e-13
2.99054e-12
5.41523e-13
3.80861e-13
2.29625e-13
2.38142e-13
4.29605e-13
7.89246e-13
9.54789e-13
9.28497e-13
7.05002e-13
8.90638e-13
5.27869e-13
1.17051e-12
1.7333e-12
2.05379e-13
7.25313e-13
1.20108e-12
3.63622e-13
1.96624e-13
6.9442e-13
1.1555e-13
1.7693e-13
6.20465e-13
1.63608e-13
6.95547e-13
2.43389e-13
4.42852e-13
2.23918e-13
4.11402e-13
1.18748e-12
3.84477e-13
3.45738e-13
3.67492e-13
2.87163e-13
1.32165e-12
5.97038e-13
2.72352e-13
4.41516e-13
5.82574e-13
1.14942e-13
1.54358e-13
7.23686e-13
3.18707e-13
2.44219e-13
1.44067e-13
2.30177e-13
1.1797e-13
4.84092e-13
1.12402e-13
5.31411e-13
4.88295e-13
2.72904e-13
1.68358e-13
2.31178e-13
2.00666e-13
1.82458e-13
7.66267e-13
4.26482e-13
5.70846e-13
2.18575e-13
3.13687e-13
1.37851e-13
4.61523e-13
2.95577e-14
5.02948e-13
1.05788e-13
2.33743e-13
5.98934e-13
1.02567e-13
2.50042e-13
1.09115e-12
1.06631e-13
6.05196e-13
2.77142e-13
1.24637e-13
2.59191e-13
1.78989e-13
1.96021e-13
3.94209e-13
5.66409e-13
5.84773e-13
1.76597e-13
1.0934e-13
8.21507e-13
4.06854e-13
5.10336e-13
2.35222e-13
2.38338e-13
7.22284e-13
4.22385e-14
1.31311e-13
9.10616e-13
2.09529e-13
2.69558e-13
1.7428e-13
1.67344e-13
3.59263e-13
4.83945e-13
5.13623e-13
1.52734e-13
4.07406e-13
3.81141e-13
4.25035e-13
5.61417e-13
1.86744e-13
5.90541e-13
8.10487e-14
3.91113e-13
1.6142e-13
3.29447e-13
3.99246e-13
2.78623e-13
2.32698e-13
2.64744e-13
2.59672e-13
1.9458e-13
6.91635e-14
5.85892e-13
6.57647e-14
3.35125e-13
2.85313e-13
3.48348e-13
1.28068e-13
2.66771e-13
1.02145e-13
4.3379e-13
9.56889e-14
1.92729e-14
1.49441e-13
3.85698e-13
7.89025e-13
2.37353e-13
5.352e-13
1.40583e-13
1.18845e-13
3.97902e-13
5.68746e-13
3.35743e-13
6.54807e-14
1.15762e-13
2.96518e-13
1.23239e-13
4.02072e-13
6.68331e-14
1.34383e-13
1.88233e-13
2.01679e-13
1.91605e-13
1.37401e-13
3.99559e-13
3.19014e-13
1.3397e-13
3.0078e-13
1.43507e-13
5.58341e-13
1.20564e-13
8.4074e-14
1.38018e-13
3.21553e-13
1.53147e-13
5.33699e-13
2.11929e-13
3.54102e-13
7.77959e-14
3.21395e-13
3.01253e-13
4.06689e-13
4.02607e-13
2.10957e-13
3.76815e-13
1.09384e-13
8.71669e-14
3.39808e-13
2.0349e-13
1.43191e-13
4.52079e-13
2.99189e-13
4.76286e-13
4.41999e-13
4.38634e-13
7.72316e-14
4.57029e-13
1.34166e-13
7.70675e-14
9.60664e-14
3.15816e-13
1.24189e-13
1.48081e-13
4.45892e-13
4.97019e-13
9.33176e-14
3.54405e-13
6.29446e-13
9.64956e-14
7.20166e-14
3.64143e-13
4.28872e-13
2.86695e-13
1.38134e-13
5.89849e-13
3.5157e-13
4.65493e-13
6.05023e-14
