n=32
J=0.707107
eta=1
mu=0.101266
beta-optimal=0
max-overlap=0
0.331733
0.268249
0.262554
0.2423
0.256294
0.223973
0.188568
0.192446
0.174091
0.151037
0.138991
0.151493
0.140204
0.130671
0.11967
0.118074
0.11822
0.110531
0.109961
0.101375
0.0965645
0.0920136
0.0950548
0.0962742
0.0897624
0.09167
0.0882536
0.0874594
0.0739554
0.0771248
0.0724843
0.0727701
0.0630399
0.068314
0.0659204
0.0650668
0.0619654
0.0685451
0.0656861
0.0602824
0.0576515
0.0541088
0.0509152
0.0560167
0.0492026
0.0494483
0.0514065
0.0523075
0.0497879
0.0459073
0.0472896
0.0469733
0.0438363
0.0401047
0.0436202
0.0410629
0.0420975
0.0401082
0.0407449
0.0414786
0.0387363
0.0388619
0.0373399
0.039978
0.0350277
0.0342798
0.0369613
0.0344789
0.0368109
0.0358585
0.0328228
0.034523
0.0326407
0.0311226
0.0301332
0.0299592
0.0305226
0.0296032
0.0293201
0.0316751
0.0295236
0.0284903
0.0271118
0.02774
0.0245449
0.026257
0.026484
0.0282353
0.0267626
0.0240628
0.024992
0.0234367
0.0246478
0.024196
0.0216456
0.0236463
0.0253805
0.0236269
0.0233517
0.0236976
0.0223844
0.0208135
0.0203662
0.0210262
0.0214979
0.0223536
0.0220982
0.0194226
0.020024
0.0201562
0.0179131
0.0212815
0.0203299
0.0201521
0.0183869
0.0194887
0.0182892
0.0177765
0.0185965
0.0173447
0.0174715
0.0167683
0.0169103
0.0160399
0.0155127
0.01639
0.0168204
0.0162065
0.0157017
0.0158346
0.0166711
0.0152247
0.0153864
0.0161483
0.0152557
0.0152424
0.0147495
0.0145565
0.0139226
0.0138637
0.0142597
0.0128067
0.0142229
0.0138661
0.0139078
0.0134769
0.0131778
0.0136042
0.0129047
0.0125682
0.0123181
0.0124524
0.012187
0.0118428
0.0124633
0.0118844
0.0116472
0.0120043
0.0120321
0.0121549
0.0109457
0.0113485
0.0110276
0.010946
0.0106039
0.010733
0.0114231
0.0109283
0.0109375
0.0109535
0.0108143
0.0101059
0.0101739
0.0102711
0.00993534
0.0101009
0.010409
0.00993664
0.00974407
0.00973387
0.0102424
0.00983297
0.00944118
0.00965072
0.00954348
0.00912105
0.00907349
0.0087132
0.00902191
0.00884378
0.00875267
0.0084184
0.0093595
0.00863964
0.00894137
0.00819702
0.00850093
0.00848418
0.00808023
0.00815217
0.00779236
0.00801722
0.00846353
0.00805469
0.00771729
0.0075953
0.0076452
0.00740001
0.00780509
0.00726579
0.00733622
0.00725367
0.00687129
0.00704917
0.00722772
0.00722939
0.00707309
0.00671948
0.00676387
0.00676008
0.00685092
0.00653266
0.00603541
0.00638049
0.00657243
0.00667229
0.00604942
0.00609055
0.00611462
0.00603804
0.00621347
0.00624571
0.00606903
0.00599061
0.00627242
0.00568196
0.00572727
0.00569215
0.00552724
0.00547937
0.00579187
0.00557897
0.00550292
0.00567548
0.00571927
0.00545968
0.00540635
0.00514454
0.00517613
0.00502593
0.00482003
0.00528476
0.00470163
0.00476377
0.00463798
0.00467665
