n=32
J=0.707107
eta=1.08861
mu=0.0405063
beta-optimal=0
max-overlap=0
4.19449e-11
1.38356e-11
1.4926e-11
1.90292e-11
2.44908e-11
3.37163e-12
3.0663e-11
3.2697e-12
1.87729e-12
1.43507e-11
1.61606e-11
6.28499e-12
2.61204e-12
2.86682e-11
1.38342e-11
1.98074e-11
1.90174e-11
8.13414e-12
2.95274e-12
4.3749e-12
3.86941e-12
4.72325e-12
1.16332e-11
1.87113e-12
4.00454e-12
1.32254e-12
9.47225e-12
1.42686e-11
1.11708e-11
6.15263e-13
1.76468e-13
2.93868e-12
1.09578e-11
1.00009e-12
7.02494e-13
2.49843e-12
4.65146e-12
2.46018e-12
3.49941e-12
2.06095e-12
2.66684e-12
3.3675e-12
1.72417e-12
2.783e-12
7.735e-12
2.22175e-12
6.22419e-12
3.55733e-12
1.58396e-12
2.99976e-12
8.45061e-13
5.51855e-12
2.13006e-12
4.12366e-12
4.96929e-12
3.04956e-12
1.66938e-12
4.43265e-12
6.06057e-12
5.52062e-12
2.40207e-12
3.0672e-12
4.39167e-12
7.97237e-13
4.77802e-12
1.94889e-12
4.44147e-13
4.07883e-12
2.30975e-12
3.91298e-13
3.63281e-12
3.28754e-13
2.10694e-12
5.21974e-12
1.87774e-13
3.3618e-12
3.39129e-12
1.14463e-12
2.30139e-13
2.69742e-12
1.12933e-12
4.13957e-12
1.20504e-12
8.31157e-13
5.20127e-13
6.38779e-13
1.15556e-12
2.134e-12
2.26347e-12
8.89306e-13
1.66971e-13
1.08251e-12
2.4446e-12
3.35628e-12
4.76395e-13
7.99853e-13
1.05917e-12
1.62212e-12
5.43448e-12
1.61697e-12
3.68439e-12
2.4087e-12
6.14653e-13
2.92713e-12
6.41741e-13
1.6701e-12
2.69719e-12
1.02999e-12
2.51833e-12
5.69057e-13
2.38291e-12
1.16975e-12
6.72885e-13
6.64216e-13
4.29432e-13
9.76747e-13
2.00205e-12
1.89224e-12
1.57872e-12
1.08526e-12
5.14053e-13
9.62938e-13
9.36177e-13
2.19572e-12
1.19617e-12
1.86717e-12
3.24449e-13
2.43001e-13
4.37697e-13
6.0879e-13
1.58802e-12
5.03156e-13
4.08387e-13
3.41022e-13
1.11542e-12
3.94008e-13
4.24424e-13
1.51551e-12
1.29013e-12
1.34428e-12
1.06924e-12
8.39297e-13
1.56815e-12
1.82124e-12
2.13005e-12
2.4976e-12
2.43215e-13
2.002e-12
1.2661e-12
1.82288e-12
5.12393e-13
1.29915e-12
1.7423e-12
3.92042e-13
3.14546e-13
1.86285e-12
1.04769e-12
3.80717e-13
8.54279e-13
1.06327e-12
1.34391e-12
1.17849e-12
2.26703e-13
2.27719e-12
9.31298e-13
1.2971e-12
2.41118e-13
9.279e-13
1.2612e-12
2.18579e-12
9.56883e-13
1.48483e-12
2.19139e-13
6.38031e-13
1.15106e-12
2.01874e-13
7.76082e-13
1.07362e-12
1.27262e-12
1.60071e-12
2.40379e-13
8.45996e-13
2.70673e-13
4.18337e-13
1.84352e-12
5.80261e-13
4.69037e-13
2.12279e-12
3.71662e-13
2.47982e-13
3.77481e-13
7.36932e-13
9.98344e-14
1.00056e-13
2.43667e-13
3.1235e-13
5.8574e-13
8.53239e-13
8.00159e-13
1.87164e-12
3.33245e-13
8.1886e-13
4.61931e-13
1.06276e-12
8.49583e-13
1.43344e-12
1.02952e-12
3.22079e-13
5.76821e-13
1.0863e-12
1.64213e-12
1.13696e-12
2.929e-13
9.90851e-13
1.29897e-13
2.28772e-12
2.96841e-13
1.48435e-13
1.22989e-13
7.1732e-13
2.80382e-13
1.52484e-12
1.02241e-12
5.0568e-13
6.99048e-13
7.93216e-13
5.48617e-13
3.72829e-13
2.98616e-13
7.09603e-13
1.36012e-12
2.92395e-13
8.52938e-13
1.10691e-12
3.7005e-13
5.94493e-13
3.63534e-13
3.72475e-13
9.57823e-13
2.56569e-13
1.41031e-13
8.90415e-13
4.48752e-13
1.29331e-12
1.27253e-12
9.50848e-13
2.03031e-12
4.00045e-13
1.36948e-13
1.69782e-12
4.71159e-13
2.46661e-12
6.54126e-13
1.10865e-12
1.06733e-12
5.77476e-13
