n=32
J=0.707107
eta=1.34177
mu=0.101266
beta-optimal=0
max-overlap=0
3.15469e-12
1.22601e-12
1.32166e-12
9.19431e-13
3.23532e-12
2.74847e-12
2.52151e-12
9.77741e-13
7.12575e-13
8.39708e-13
2.48715e-12
1.46196e-12
1.67669e-12
1.09422e-12
4.15757e-12
1.77489e-12
2.29814e-12
1.56637e-12
7.58594e-13
3.16362e-13
8.29965e-13
1.1977e-12
7.3518e-13
5.45016e-13
1.23165e-12
2.02638e-12
7.67814e-13
1.1205e-12
2.14514e-12
9.10093e-13
1.77985e-12
1.37929e-12
4.74388e-13
7.40029e-13
3.79758e-13
1.12797e-12
3.8139e-13
8.7139e-13
1.50718e-12
6.41665e-13
1.59455e-12
1.55897e-12
1.24308e-12
6.60583e-13
4.43976e-13
7.95473e-13
7.21009e-13
8.3836e-13
7.5911e-13
4.64176e-13
7.5463e-13
2.89596e-13
5.52158e-13
8.93672e-13
4.08232e-13
2.32443e-13
2.73903e-13
4.66849e-13
4.87819e-13
8.04497e-13
1.01844e-12
5.01168e-13
6.20674e-13
4.24793e-13
3.8104e-13
5.8825e-13
1.06129e-12
4.82114e-13
8.98943e-14
9.63696e-13
4.80723e-13
1.09558e-13
4.94698e-13
3.50072e-13
1.1312e-13
5.78032e-13
5.59156e-14
9.21062e-13
6.45651e-14
7.26858e-13
5.06306e-13
3.19014e-13
7.11265e-13
3.31963e-13
1.07391e-12
2.78136e-13
3.79941e-13
7.92549e-13
2.43207e-13
1.04607e-12
2.22532e-13
5.17543e-13
4.46487e-13
2.81917e-13
5.71359e-13
1.79327e-13
2.60388e-13
1.77578e-13
3.89113e-13
4.43407e-13
2.91192e-13
5.5722e-13
4.24016e-13
1.21433e-13
1.55525e-13
9.55208e-13
3.05247e-13
3.97076e-13
1.51275e-13
2.82404e-13
4.89532e-13
3.64662e-13
1.4137e-13
5.06715e-13
2.11857e-13
4.16603e-13
2.64862e-13
7.98681e-13
4.14013e-13
6.02564e-13
5.8871e-13
4.37748e-13
4.56502e-13
4.54297e-13
2.08469e-13
2.5945e-13
4.54008e-13
6.78288e-14
3.67487e-13
1.81134e-14
1.48937e-13
2.72607e-13
3.50216e-13
2.01072e-13
2.10193e-13
4.00559e-13
4.98108e-13
2.92139e-13
4.05352e-13
3.11795e-13
4.55265e-13
3.08848e-13
1.37662e-13
2.91841e-13
9.77637e-13
6.04562e-13
2.56891e-13
2.33879e-13
5.91083e-14
5.09983e-13
5.581e-13
2.22212e-13
4.95018e-13
3.57783e-13
2.02953e-13
2.88381e-13
6.03241e-13
4.27465e-13
3.57919e-13
2.87599e-13
3.62104e-13
4.13794e-13
1.27497e-13
3.415e-13
2.97157e-13
1.86789e-13
4.61969e-13
2.71886e-13
5.46309e-13
2.79329e-13
4.97664e-13
2.91586e-13
1.62285e-13
5.27198e-13
2.35299e-13
8.90587e-14
1.17523e-13
4.19352e-13
3.86684e-13
1.80438e-13
3.09343e-13
1.78744e-13
1.89704e-13
5.63112e-13
2.94306e-13
2.74797e-13
1.33514e-13
2.43317e-13
4.97531e-13
3.23812e-13
1.87947e-13
1.02194e-13
2.62445e-13
1.68952e-13
2.03757e-13
2.22706e-13
1.09461e-13
2.36009e-13
1.01614e-13
5.25066e-13
1.64582e-13
2.41314e-13
4.15655e-13
6.82143e-14
1.32447e-13
3.28767e-13
1.81388e-13
1.77301e-13
2.81134e-13
6.20127e-14
2.36206e-13
5.04172e-13
3.78534e-13
9.65769e-14
1.74469e-13
3.28858e-13
2.35613e-13
1.66582e-13
4.38296e-14
4.35554e-13
2.41846e-13
2.27697e-13
3.19226e-13
1.28139e-13
3.16858e-13
4.30026e-13
1.70678e-13
1.26598e-13
5.78787e-13
4.27056e-13
2.45496e-13
1.48156e-13
3.6832e-13
2.09015e-13
2.66592e-13
8.28882e-14
4.30411e-13
1.05272e-13
6.71422e-14
2.79941e-13
2.10037e-13
4.7511e-13
2.37953e-13
9.33329e-14
2.53851e-13
3.78504e-13
2.03627e-13
4.00942e-13
3.36097e-13
2.20677e-13
1.16856e-13
1.27544e-13
3.41808e-13
3.80973e-13
2.3185e-13
1.24663e-14
