n=32
J=0.707107
eta=1.72152
mu=0.106329
beta-optimal=0
max-overlap=0
1.19797e-12
5.72333e-13
1.43245e-12
1.46982e-12
7.09105e-13
6.20606e-13
5.56358e-13
1.09439e-12
1.8568e-12
2.85201e-12
5.54626e-13
5.80586e-13
7.04227e-13
3.7732e-14
9.1757e-13
2.65601e-13
1.83822e-12
2.06664e-13
5.99058e-13
1.75333e-13
4.58978e-13
3.34023e-13
4.38062e-13
2.42916e-13
4.64786e-13
3.60842e-13
3.5639e-13
6.49705e-13
1.36521e-12
3.18571e-13
6.67273e-13
2.21118e-13
8.22225e-13
2.9006e-13
5.69197e-13
1.54727e-13
1.00705e-12
2.25433e-13
1.29679e-13
7.05509e-13
2.5662e-13
4.81896e-13
4.43619e-13
5.93496e-13
1.91423e-13
7.29038e-13
1.12314e-12
1.80626e-13
6.22942e-13
1.83035e-13
6.38354e-13
2.02057e-13
1.574e-13
4.71408e-13
4.91792e-13
4.57242e-13
9.72037e-14
3.62121e-13
2.73291e-13
2.99028e-13
1.07203e-12
1.67927e-13
3.99146e-13
2.33885e-13
4.51441e-13
1.86961e-13
1.08255e-13
4.27819e-13
3.51356e-13
2.30344e-13
8.89953e-13
7.82615e-14
2.60787e-13
1.41525e-13
4.52538e-13
5.44813e-13
8.13851e-13
1.57801e-13
1.22871e-12
1.40872e-13
8.84535e-13
3.9078e-13
5.11555e-13
4.3165e-13
1.86038e-13
3.75539e-13
1.92133e-13
3.44801e-13
5.1944e-13
4.83102e-13
2.39923e-13
6.95645e-13
2.44776e-13
4.48298e-13
1.2535e-13
7.61771e-14
2.16294e-13
3.51215e-13
2.82957e-14
1.01187e-13
5.49328e-13
5.41037e-13
1.44118e-13
4.67213e-13
1.80393e-13
1.00081e-13
7.8485e-13
5.99268e-14
5.54841e-13
2.52942e-13
2.31026e-13
3.39762e-13
4.02318e-13
1.43072e-13
3.17153e-13
7.89876e-14
1.4418e-13
1.9781e-13
1.17357e-13
4.4441e-14
2.29344e-13
1.03997e-13
3.75858e-13
2.33651e-13
1.6442e-13
2.60419e-13
6.85166e-13
2.37907e-13
1.13325e-13
3.24533e-13
3.33866e-13
3.39879e-13
1.22525e-13
2.09194e-13
5.10715e-13
1.34745e-13
1.4902e-13
9.96256e-14
1.32122e-13
2.29052e-13
1.33929e-13
2.67181e-13
3.62018e-13
1.63165e-13
3.00155e-13
2.08414e-13
1.28608e-13
1.02504e-13
1.04867e-13
1.20098e-13
4.5344e-13
1.53545e-13
4.56166e-13
2.39544e-13
3.49546e-13
3.63905e-13
1.73994e-13
2.6414e-13
1.38389e-13
5.30798e-13
1.66127e-13
2.09378e-13
8.68952e-14
5.04588e-13
1.23141e-13
1.61206e-13
9.12886e-14
1.79734e-13
2.26578e-13
3.75971e-13
1.69188e-13
3.29528e-13
1.52562e-13
2.96088e-13
3.63344e-13
3.38046e-13
3.84278e-14
3.3968e-13
1.20072e-13
6.2909e-13
3.32833e-13
7.2049e-14
1.02945e-13
3.60663e-13
1.67543e-13
2.67341e-13
5.02775e-13
2.39867e-13
6.51804e-13
1.30813e-13
1.27949e-13
2.16635e-13
2.05114e-13
4.76164e-13
3.42295e-13
4.86015e-13
2.27656e-13
2.72237e-13
3.22528e-13
2.10719e-13
1.37441e-13
1.29784e-13
1.12493e-13
3.72428e-13
4.41956e-13
2.12907e-13
1.51659e-13
1.64306e-13
1.63092e-13
2.33479e-13
3.31187e-13
2.91719e-13
1.28918e-13
1.87841e-13
2.96574e-13
1.73567e-13
8.49582e-14
2.73655e-13
3.05867e-13
7.93674e-14
1.84134e-13
2.50167e-13
1.92506e-13
1.75336e-13
1.81831e-13
2.48e-14
1.0195e-13
1.32138e-13
2.73209e-13
2.37119e-13
1.13551e-13
1.07921e-13
7.24094e-14
1.55726e-13
1.24774e-14
1.14266e-13
1.42616e-13
1.87329e-13
1.63766e-13
2.31704e-13
2.45712e-13
1.56895e-13
1.47193e-13
2.49702e-13
8.56899e-14
1.92687e-13
2.53013e-13
3.13862e-13
3.91608e-13
7.83739e-13
9.28972e-14
1.95456e-13
1.23521e-13
1.17114e-13
4.25954e-13
2.72272e-13
