n=32
J=0.707107
eta=1
mu=0.113924
beta-optimal=0
max-overlap=0
0.284716
0.260691
0.244854
0.250265
0.208405
0.187332
0.181143
0.17753
0.172788
0.170605
0.152298
0.143314
0.142209
0.142594
0.127081
0.11908
0.132768
0.124508
0.121128
0.112199
0.108073
0.110069
0.11048
0.0929688
0.0908717
0.0921739
0.0873564
0.0916385
0.0898455
0.0892376
0.0855552
0.0820738
0.0812107
0.0790279
0.0756009
0.0771811
0.0688301
0.0762997
0.0677634
0.0652952
0.0628613
0.0639634
0.0633294
0.0604173
0.0633006
0.0632705
0.0606573
0.0617024
0.0552205
0.0548509
0.0604295
0.0526092
0.0520252
0.0515806
0.0518913
0.0503819
0.0525419
0.0491802
0.0502351
0.0465166
0.0461013
0.0460806
0.0444189
0.045333
0.0461052
0.042575
0.0445761
0.0434361
0.0388406
0.0415593
0.0415484
0.0404212
0.039325
0.0382934
0.0371207
0.0377686
0.0374765
0.0369264
0.0351427
0.0344783
0.0345379
0.0335248
0.0334004
0.0338952
0.03275
0.0335064
0.0328615
0.0322182
0.0308307
0.0321233
0.0295707
0.0308557
0.0307633
0.0293966
0.029183
0.0288295
0.0268347
0.0274659
0.0283893
0.0280042
0.0285943
0.0264603
0.0256517
0.0265617
0.0267084
0.0265837
0.0257338
0.0247429
0.0245581
0.0255836
0.0249218
0.0246017
0.02413
0.0251798
0.0234294
0.0235968
0.0214769
0.0223457
0.0230677
0.0222376
0.0228833
0.0215726
0.0219085
0.0201181
0.021709
0.0204514
0.0200216
0.0209237
0.0211147
0.019821
0.019501
0.0201057
0.0180693
0.018383
0.0189869
0.019162
0.0188255
0.0181408
0.0185948
0.0187056
0.0180283
0.0180179
0.0185021
0.0182389
0.018259
0.0167524
0.0171107
0.0183648
0.0176072
0.0165367
0.0163606
0.016918
0.0153248
0.0156878
0.0163932
0.0159375
0.0160963
0.0156987
0.015086
0.0154913
0.0152137
0.0143867
0.0149125
0.0141155
0.0146947
0.0137988
0.0149564
0.0150226
0.0139571
0.0139996
0.0142547
0.0134529
0.013245
0.0137267
0.0128078
0.0133153
0.0133014
0.0134813
0.0134846
0.0124891
0.0122429
0.0125941
0.013172
0.0124374
0.0123759
0.013429
0.0121548
0.0121954
0.011486
0.0113867
0.0120199
0.011551
0.0113798
0.0110289
0.0110764
0.0109483
0.0103477
0.0109375
0.0107702
0.0113454
0.0104753
0.010641
0.0103105
0.0105998
0.00993021
0.0106976
0.0102727
0.0099019
0.0101197
0.0101987
0.00975587
0.00984754
0.00986325
0.0100267
0.00920196
0.009751
0.00933726
0.00943939
0.00946895
0.00877964
0.00900985
0.00922721
0.00892141
0.00920451
0.00884981
0.00896101
0.0087524
0.00862414
0.00881541
0.0086565
0.00876766
0.00829385
0.00847772
0.00791388
0.00796924
0.00780713
0.00793176
0.00760772
0.00772646
0.00759607
0.00727065
0.00728629
0.00726742
0.00718617
0.00711991
0.0067889
0.00683683
0.00681546
0.00683265
0.00697887
0.00699814
0.00686977
0.00653137
0.00658318
0.00626339
0.00580995
