n=32
J=0.707107
eta=1.11392
mu=0.0329114
beta-optimal=0
max-overlap=0
3.76477e-12
4.38276e-12
1.20772e-11
8.71247e-13
1.34309e-11
3.5079e-12
1.17371e-11
4.08955e-12
3.42115e-12
3.16093e-12
7.006e-12
3.59629e-12
1.07846e-12
1.02217e-11
6.31227e-12
1.21918e-11
7.46745e-12
1.25716e-12
6.84271e-12
3.23738e-12
1.04804e-12
2.43122e-12
7.38007e-12
7.88682e-13
9.19083e-13
1.21428e-12
3.57517e-12
7.79412e-12
5.27515e-12
2.2449e-12
3.3039e-13
1.59015e-12
6.26298e-12
1.59978e-12
2.11448e-12
1.18977e-12
2.69866e-12
1.25052e-12
1.92093e-12
2.04183e-12
6.15914e-13
2.42314e-12
2.41298e-12
2.71917e-12
4.91405e-12
7.68014e-13
2.50996e-12
1.16557e-12
2.48185e-12
1.45248e-12
3.12174e-12
1.42697e-12
1.78478e-12
2.58748e-12
1.94327e-12
1.58481e-12
1.44902e-12
2.47594e-12
7.5311e-13
3.06187e-12
7.73476e-13
2.86818e-13
2.45587e-12
1.51165e-12
2.01961e-12
4.34697e-13
3.56829e-13
2.59663e-12
1.42909e-12
1.23499e-12
1.73392e-12
1.08165e-13
1.05968e-12
3.97338e-12
1.31086e-12
2.12798e-12
1.77883e-12
7.48069e-13
3.33324e-13
2.20479e-12
3.81689e-13
1.8438e-12
4.66181e-13
1.14788e-12
5.15595e-13
6.63789e-13
7.19576e-13
1.21813e-12
1.81032e-12
2.67975e-14
5.5876e-13
4.2997e-13
1.65202e-12
1.81008e-12
5.12293e-13
1.17105e-12
1.11204e-12
6.34791e-13
2.1255e-12
8.97668e-13
2.55472e-12
1.76511e-12
9.47699e-13
2.18291e-12
1.0747e-12
1.08241e-12
1.5954e-12
9.66782e-13
1.99476e-12
2.73531e-13
9.46067e-13
1.27746e-12
3.61576e-13
8.57868e-13
5.43068e-13
1.42147e-12
1.61883e-12
6.84617e-13
2.54307e-13
3.69706e-13
5.57824e-13
2.85533e-13
7.89905e-13
8.21981e-13
2.88498e-13
6.63424e-13
2.51239e-13
9.19683e-13
2.14925e-13
5.23462e-13
8.25112e-13
5.6479e-13
6.05989e-13
2.23328e-13
3.75964e-13
8.94525e-13
2.68066e-13
2.11347e-13
5.36572e-13
7.45541e-13
4.85529e-13
8.92421e-13
3.40571e-13
3.82522e-13
1.09393e-12
1.09162e-12
1.51023e-13
3.90311e-13
4.33381e-13
5.67888e-13
1.74315e-13
7.95036e-13
6.06172e-13
5.22857e-13
1.92758e-13
1.1009e-12
9.10709e-13
2.72098e-13
5.07762e-13
9.17654e-13
1.17491e-12
1.00898e-12
7.35637e-13
6.32186e-13
8.49843e-13
1.08064e-12
3.88192e-13
5.2938e-13
3.47106e-13
8.02285e-13
2.72835e-13
6.81193e-13
3.24125e-13
5.25495e-13
7.602e-13
2.47229e-13
4.21978e-13
5.90287e-13
2.63752e-13
8.17195e-13
2.8052e-13
3.79857e-13
2.84082e-13
4.01127e-13
1.00909e-12
5.4597e-13
2.75695e-13
8.25758e-13
5.6748e-13
9.89824e-14
1.46193e-13
2.12237e-13
3.60406e-13
8.4096e-14
2.58536e-13
1.06869e-13
2.56318e-13
5.39872e-13
2.14282e-13
7.3621e-13
3.63162e-13
2.13465e-13
4.76157e-13
5.37782e-13
3.1589e-13
8.86514e-13
5.96594e-13
5.07568e-13
3.63481e-13
5.47442e-13
7.78458e-13
4.15346e-13
2.77399e-13
1.13229e-12
4.89944e-13
9.61756e-13
1.59978e-13
2.38516e-13
6.16895e-14
2.33138e-13
2.60104e-13
3.59588e-13
6.63299e-13
2.6568e-13
3.02947e-13
1.92348e-13
2.76741e-13
4.45178e-13
6.68556e-14
3.36405e-13
9.71515e-13
2.92584e-13
3.09808e-13
6.72323e-13
2.45508e-13
9.50096e-14
1.0442e-13
1.97722e-13
5.01541e-13
2.19066e-13
2.5985e-13
4.31422e-13
4.0826e-13
4.54541e-13
4.42886e-13
4.032e-13
8.26642e-13
6.29294e-13
2.39975e-13
7.73322e-13
8.09226e-14
1.48706e-12
8.7559e-13
6.0981e-13
4.88811e-13
3.64357e-13
