n=32
J=0.707107
eta=1
mu=0.0531646
beta-optimal=0
max-overlap=0
0.487036
0.357804
0.297653
0.296381
0.244201
0.213231
0.146681
0.140861
0.143603
0.12001
0.096805
0.100269
0.108862
0.0842394
0.0804979
0.0886768
0.0892576
0.0718755
0.0706358
0.0527757
0.0466292
0.0509632
0.0547365
0.0577263
0.0465703
0.0464831
0.0324561
0.0454931
0.0482575
0.0404183
0.0440293
0.0374642
0.033989
0.0391404
0.0357323
0.0364861
0.0322004
0.0243106
0.0349594
0.0272542
0.0286219
0.0306474
0.0269523
0.0253393
0.0244439
0.0232212
0.0214083
0.0239469
0.0211296
0.0168264
0.0200758
0.0177627
0.0187511
0.0231916
0.0162743
0.0188819
0.0226311
0.0160561
0.0182126
0.0166877
0.0179051
0.0177299
0.0169749
0.0158348
0.0176483
0.0115222
0.0126809
0.011682
0.017075
0.0135446
0.0137097
0.0133289
0.0110797
0.0127411
0.0131849
0.010928
0.0133532
0.0103297
0.0121189
0.0119502
0.0110077
0.0119687
0.0098516
0.00989178
0.00967901
0.00939793
0.0103713
0.00910389
0.0091675
0.0109615
0.00958207
0.00768862
0.00808318
0.00872761
0.00768746
0.00929527
0.00753569
0.00870359
0.00785719
0.00675692
0.0081388
0.00690858
0.00871442
0.00745063
0.0075815
0.00749411
0.00717594
0.00705811
0.00737942
0.00691895
0.00645128
0.00696167
0.00604138
0.00622591
0.00716309
0.00561653
0.00538321
0.00694426
0.00524126
0.0070237
0.00611357
0.00590535
0.00612414
0.00545568
0.00627633
0.00574146
0.00462738
0.00613883
0.0053487
0.0057295
0.00588303
0.00498706
0.00487799
0.00466155
0.00519888
0.00481948
0.00513573
0.00533214
0.00467385
0.00451572
0.00554683
0.00389171
0.00592201
0.00430264
0.00470142
0.00428651
0.00422625
0.00440478
0.00393717
0.00485334
0.00459493
0.00381972
0.00386979
0.00397406
0.00422946
0.00395551
0.00371075
0.00372839
0.00373291
0.00385604
0.00391192
0.00400453
0.00389919
0.00335728
0.00310522
0.00340348
0.00340371
0.00367104
0.00359259
0.0036774
0.00318166
0.0036247
0.00298965
0.00302702
0.00324943
0.00294503
0.00321634
0.00349918
0.00287473
0.00322228
0.00320628
0.00277647
0.00336914
0.00272903
0.00295576
0.00303412
0.00284798
0.00299817
0.00291623
0.00231318
0.00265364
0.0028328
0.00281382
0.00275059
0.00247987
0.00286996
0.00269368
0.00245869
0.00275696
0.00248451
0.00221773
0.00225143
0.0021981
0.00235142
0.00244149
0.0020031
0.00226641
0.00237422
0.00204656
0.00215612
0.00207617
0.00216917
0.00218343
0.00238721
0.00176562
0.00215677
0.00229942
0.00221756
0.00224893
0.00208162
0.00195252
0.00174851
0.00189489
0.00186029
0.00183858
0.00197479
0.00202306
0.00204905
0.00188995
0.00178298
0.00170628
0.00189098
0.00173528
0.00175422
0.00163146
0.00200934
0.00184179
0.00176557
0.00171982
0.00147905
0.00153073
0.00163731
0.00164799
0.00151273
0.00155537
0.0013876
0.00121977
0.00127726
0.00160399
0.001341
0.00131358
0.00133888
0.00139176
0.0014364
0.00128696
0.00127532
