n=32
J=0.707107
eta=1.08861
mu=0.0886076
beta-optimal=0
max-overlap=0
0.00539433
0.00397261
0.00556185
0.0022272
0.00221988
3.86132e-05
0.00489927
0.00286688
0.00275807
0.000295239
0.00204804
0.00534154
1.69474e-05
0.000489453
0.00176942
0.000234251
0.00078757
0.00154994
0.00296217
0.0017105
0.00287273
0.00106411
0.00182701
0.000973904
0.00146415
0.000945546
0.000768915
0.00217283
0.000124445
0.000118234
0.00196677
0.00152369
0.0019281
0.000464099
0.000632367
0.00102367
0.000887835
0.00092837
0.000873155
0.00111212
0.000535617
9.1795e-05
0.000411478
0.000401985
9.29177e-05
0.00011602
0.00124081
0.00120481
0.00119883
0.000678872
0.000447686
0.00107719
0.00187496
0.00026212
0.00120918
0.000683618
0.000423171
0.000908855
0.000384328
0.000182065
0.00111456
0.000628159
0.00124068
0.000143917
0.000902005
0.000195302
0.000111271
0.00115775
0.00125162
1.17849e-05
0.000127488
0.000338204
0.000553852
0.00149887
0.00087767
0.000283711
0.000424523
0.000136886
0.00244776
1.09781e-05
0.00119619
0.000169058
0.000301722
0.000431813
0.00068485
0.000466756
0.000668166
0.0016886
0.000364881
0.000394516
0.000128146
0.000446301
0.000342694
0.000106519
0.000377214
0.000280222
0.000769368
0.00027609
0.00036167
0.000358294
0.000423601
8.14365e-05
0.00111459
0.000196439
0.000246521
0.000309734
0.000349163
0.000372244
0.000364836
0.000510069
3.0029e-05
0.000278312
0.00053087
0.00101126
0.000197794
0.000961979
0.000510488
0.000900838
9.48849e-05
0.00112904
0.000581067
0.000436944
0.000503432
0.000398569
0.000305695
0.000295259
0.000278151
1.83756e-05
0.000143249
0.000197425
0.000178768
0.000702787
0.00047326
0.000301287
0.000460673
0.000166602
0.000448683
0.000433522
0.00021276
0.000183919
0.000243636
0.000771595
7.74729e-05
0.000415415
5.17007e-05
0.00017195
6.56454e-05
0.000313827
0.000291047
0.000245906
0.000187607
0.000356833
0.000168806
8.39802e-05
0.000385773
6.25562e-05
0.000121522
2.14047e-05
0.000391604
1.47003e-05
0.000173783
0.000592001
0.000200758
0.000273877
0.000192947
0.000101374
3.93053e-05
0.000297941
0.000398444
0.000306089
0.00019953
0.000225157
0.000312534
0.000172967
0.000508657
0.000506116
0.000230309
2.80037e-05
0.000226323
0.000402062
0.00027179
0.000330674
0.000285488
0.000191277
0.000327116
7.49628e-05
0.000146768
0.000360213
0.000329931
7.35789e-05
1.78208e-05
3.521e-05
0.000659027
0.000133394
0.000285912
0.000132595
0.000147426
0.00010165
0.000256197
0.000281107
5.81407e-05
1.98165e-05
2.63438e-06
0.000221366
0.000241976
9.79513e-05
0.000335425
7.21637e-05
0.000339797
8.29899e-05
0.000385424
0.000514041
0.000136132
0.000391387
0.000159798
1.72472e-05
4.83578e-05
0.000448271
7.81221e-05
0.000334202
0.00020907
0.000135618
0.000243644
7.39775e-05
0.000193862
4.20975e-05
0.000219954
0.000128937
0.000237001
1.57886e-06
0.000430477
7.53241e-05
2.24525e-05
5.56126e-05
0.000149627
9.64811e-05
0.000234305
0.000288398
0.000149334
0.000403413
1.83447e-05
0.000231867
0.00028843
0.000122604
0.000238807
0.000403481
0.00054604
5.91298e-05
0.000481498
0.000220394
0.000189694
7.14398e-05
0.000246542
0.000245844
8.0055e-06
3.76141e-05
