n=32
J=0.707107
eta=1
mu=0.0329114
beta-optimal=0
max-overlap=0
0.764426
0.321046
0.19316
0.126251
0.129802
0.104669
0.0988469
0.0741144
0.0551724
0.0754749
0.0733869
0.0493252
0.0455477
0.0335624
0.0654891
0.0489988
0.0377837
0.0353461
0.021689
0.0320838
0.0241935
0.0353651
0.0231987
0.0292743
0.0229651
0.0199697
0.0156326
0.0232456
0.0146333
0.0204378
0.0190858
0.0154613
0.0271394
0.02125
0.0158044
0.0174626
0.0124872
0.0152644
0.0205424
0.012219
0.0146261
0.0107851
0.00854294
0.00945353
0.0124118
0.00966714
0.00935128
0.00970156
0.010106
0.0104873
0.00825533
0.00678388
0.0117413
0.0101774
0.00786788
0.0080239
0.00615243
0.00558615
0.00613491
0.00652248
0.0097189
0.0065221
0.00622958
0.00752196
0.00626278
0.00581497
0.00641718
0.00595763
0.00671533
0.00561034
0.00413633
0.00549778
0.00441435
0.00593382
0.0053324
0.00507031
0.00382283
0.00518206
0.00444338
0.00440447
0.00503115
0.00433432
0.00433516
0.00521039
0.00554773
0.00398892
0.0041242
0.00335581
0.00387728
0.00597483
0.00297848
0.00417435
0.00334551
0.00331322
0.00275206
0.00280068
0.00357995
0.00342239
0.00335266
0.00293167
0.00303244
0.00291526
0.00324753
0.00248386
0.00282335
0.00234938
0.00352212
0.00245781
0.00242485
0.00280348
0.00236813
0.00298376
0.0027549
0.0024608
0.00209593
0.00237161
0.00189053
0.00192232
0.00245232
0.00217732
0.00268318
0.00237629
0.00206309
0.00203007
0.00230186
0.0018698
0.00219859
0.00202277
0.00270242
0.00233449
0.00199416
0.0019827
0.00224899
0.0018037
0.00187225
0.00244097
0.00137905
0.00160202
0.00251835
0.00191706
0.00207483
0.00148256
0.00143272
0.00182573
0.00175595
0.0015519
0.00159478
0.00197725
0.00147021
0.00119502
0.0013052
0.00142223
0.00132198
0.00144492
0.00152024
0.00153119
0.0011855
0.00142757
0.00135294
0.00131978
0.00118346
0.00132163
0.00130906
0.00114333
0.00117491
0.00119308
0.00124896
0.00112785
0.00133661
0.00131092
0.00128088
0.000897244
0.00119642
0.00109136
0.00107962
0.00107436
0.00110929
0.00110255
0.00118013
0.0010528
0.000930701
0.00111735
0.00081924
0.00123887
0.000935913
0.000801636
0.00108122
0.000916533
0.000853213
0.000876781
0.000777937
0.000820385
0.000879756
0.000820995
0.000766813
0.000888458
0.000762987
0.000832308
0.000717808
0.000857549
0.00103359
0.000789124
0.000865077
0.000808563
0.000917168
0.000808203
0.00085896
0.000647964
0.000798753
0.000692526
0.000774729
0.00101294
0.000762343
0.000780432
0.000652032
0.000810211
0.000658738
0.000716883
0.000610068
0.000741753
0.000734858
0.00069421
0.000647006
0.000691672
0.000862494
0.000607465
0.000649627
0.000645395
0.000612249
0.000697713
0.000616129
0.000545411
0.000590539
0.000546075
0.000652354
0.00059896
0.00061949
0.000513068
0.000591392
0.000594225
0.000570899
0.000560541
0.00045954
0.000630485
0.000501126
0.000599198
0.000501895
0.000711621
0.000569245
0.000465028
0.000389489
0.000388947
0.000436493
0.000444602
0.000407112
0.000381919
