n=32
J=0.707107
eta=1.06329
mu=0.0810127
beta-optimal=0
max-overlap=0
9.96555e-12
8.29516e-12
3.75472e-12
9.74441e-12
1.07046e-11
5.4534e-12
3.55328e-12
8.41766e-12
1.103e-11
1.88699e-12
5.2609e-12
1.89299e-12
6.64792e-13
7.12027e-12
6.74251e-12
3.02046e-12
3.66059e-12
3.10675e-12
1.92243e-12
2.02543e-12
2.17813e-12
9.94355e-13
1.8159e-12
3.13251e-12
3.80368e-12
3.88812e-12
5.12194e-12
1.39702e-12
2.0933e-12
1.01303e-12
1.25304e-12
6.98957e-12
1.8332e-12
3.27722e-12
8.51642e-12
1.79518e-12
1.13589e-12
2.62767e-12
4.05172e-12
3.33289e-12
8.24913e-13
2.30065e-12
1.07584e-12
4.46159e-12
1.12999e-12
2.92256e-12
2.0596e-12
2.39278e-12
8.78958e-13
1.65693e-12
2.12849e-12
2.06888e-12
2.15205e-12
2.84382e-12
2.7174e-12
1.21538e-12
1.17726e-12
1.70354e-12
6.30669e-13
1.91324e-12
3.50533e-13
1.175e-12
1.51265e-12
3.25405e-12
1.00625e-12
1.3159e-12
2.12786e-12
4.06078e-13
1.82708e-12
2.04821e-12
5.53965e-13
2.30945e-12
8.24915e-13
1.58005e-12
8.69598e-13
2.76752e-12
4.55955e-13
8.86923e-13
3.45926e-13
2.95616e-13
2.00848e-12
1.19707e-12
1.76494e-12
8.98779e-13
2.07958e-12
2.43719e-12
1.69041e-12
1.04371e-12
6.41704e-13
7.69395e-13
1.26772e-12
8.52994e-13
2.92631e-12
3.17283e-12
8.4276e-13
9.29857e-13
1.02409e-12
1.89955e-12
4.39005e-13
2.36238e-12
1.52096e-12
1.25766e-12
1.95109e-13
1.29936e-12
2.56176e-12
3.55167e-13
1.21635e-12
2.06521e-12
1.15953e-12
6.64885e-13
5.24064e-13
3.51444e-13
4.53816e-13
1.04225e-12
5.18498e-13
1.40203e-12
2.29067e-12
1.38397e-13
6.96679e-13
2.56614e-12
5.80474e-13
1.30333e-12
3.78567e-13
7.27865e-13
2.50373e-13
4.92985e-13
2.29196e-13
1.54056e-12
2.08969e-13
1.52924e-12
1.08691e-12
1.59944e-12
1.36584e-12
3.04877e-13
8.82602e-13
2.2423e-12
4.59994e-13
6.06217e-13
9.14383e-13
1.86418e-13
7.31437e-13
1.00663e-12
1.42501e-12
2.27401e-13
4.31444e-13
9.96659e-13
2.50919e-13
1.73152e-12
5.8264e-13
4.36428e-13
1.35534e-12
1.04181e-12
1.33215e-12
3.09598e-13
8.74944e-13
9.38013e-13
4.77193e-13
3.82978e-13
8.68833e-13
1.33446e-12
3.15127e-13
6.21276e-13
9.88456e-13
1.38426e-12
6.72551e-13
1.23089e-12
8.72453e-13
3.02353e-13
9.83189e-13
6.02342e-13
5.43402e-13
8.2392e-13
7.46504e-13
5.00592e-13
4.93641e-13
1.73239e-12
1.09123e-12
1.05284e-12
7.07193e-13
4.05033e-13
7.53595e-13
2.86802e-13
8.00348e-13
4.9443e-13
7.96416e-13
6.58413e-13
7.4256e-13
9.4578e-13
6.4326e-13
1.9048e-12
1.5055e-13
5.19381e-13
1.16347e-12
3.18048e-13
3.76544e-13
1.23846e-13
4.34141e-13
4.41962e-13
2.52473e-13
1.71192e-13
5.09196e-13
1.30241e-12
4.38604e-13
6.66172e-13
2.03727e-13
4.6006e-13
5.78931e-13
8.6034e-13
6.18252e-13
9.49233e-13
1.40006e-13
9.72579e-13
1.48424e-12
7.21565e-13
4.35793e-13
9.5902e-13
4.3284e-13
3.98022e-13
5.08403e-13
5.63079e-13
1.28195e-12
1.66696e-13
6.51913e-13
3.08599e-13
1.07477e-13
1.84663e-13
9.66886e-14
7.28145e-13
7.08768e-13
2.42481e-13
4.20833e-13
9.20361e-13
2.73362e-13
2.99247e-13
2.57298e-13
2.63197e-13
4.17962e-13
2.08684e-13
1.89882e-13
3.32576e-13
4.27048e-13
2.87313e-13
5.3403e-13
1.61208e-13
3.40292e-13
4.32027e-13
5.4002e-13
2.79574e-13
8.28929e-13
3.60543e-13
6.06891e-13
3.72699e-13
3.87092e-13
6.87985e-13
1.99094e-13
3.17758e-13
