n=32
J=0.707107
eta=1.79747
mu=0.101266
beta-optimal=0
max-overlap=0
0.000761372
0.00159912
0.00024924
0.00182316
0.00111972
0.000354672
0.000822009
9.25816e-05
0.00120538
0.000907216
0.000318279
4.15618e-05
0.000766612
0.000458673
0.00170932
0.000814266
0.00296625
0.000671338
0.00044313
0.00142034
0.000196022
0.000668013
7.48631e-05
2.26722e-05
0.000158309
4.24624e-05
0.000466066
0.0010112
0.000448917
0.0010048
0.000467331
0.000826316
0.000205918
0.000280286
0.000321572
0.000122442
0.000361969
0.000546586
0.00100507
0.000320624
0.000211693
0.000984793
0.000424739
0.000854249
6.94942e-05
0.000213013
0.000438353
0.000785063
0.000108189
0.000177416
0.000492657
0.000761468
7.32933e-05
0.000149012
0.000610535
0.000350276
0.000712961
0.000892298
0.00119323
0.00104926
4.07418e-05
0.00109048
0.000610972
5.10198e-05
0.000856899
0.000351342
0.000435037
0.000382163
0.000122061
0.000109903
3.32488e-05
0.000637017
0.000200139
0.000293878
0.000549595
0.000550909
0.00063249
0.000270472
0.000320488
0.0011951
0.000109257
0.000405363
0.000138602
9.15962e-05
0.000237793
2.1199e-05
0.000742047
0.000143852
0.000467121
6.41699e-07
0.000242222
0.000329501
4.77822e-05
0.00044948
0.000421285
0.000552123
0.000318791
9.76438e-05
0.000251047
9.56612e-05
0.000219331
0.000230886
8.87477e-05
0.000105184
0.000731985
0.000105555
0.000613178
0.000305529
0.000210338
0.000336947
6.84143e-05
0.000655574
0.000191709
1.50607e-05
0.000183866
6.3697e-05
0.000196455
0.00022311
0.000154566
1.84077e-05
0.000356235
0.000170701
0.00040402
0.000554394
7.8562e-05
0.000290095
2.26073e-05
0.000105816
0.000492559
0.000465392
0.000440022
1.17987e-05
0.000214
1.6442e-05
0.000307
7.07411e-05
0.000105049
0.000496436
0.000269203
0.000723837
0.00036128
0.000130614
0.000513558
3.81299e-05
2.91072e-05
0.000367458
0.000919603
0.000726562
4.12659e-05
0.000654187
0.000123667
0.000303114
0.000289627
5.71862e-05
0.000367142
0.00053313
0.000376111
0.000346054
0.00030967
0.000798296
0.000400469
1.19222e-05
0.000822895
0.000190472
0.000189137
0.000193513
0.000482532
0.000131421
0.000266518
0.000950896
6.39304e-06
0.000296526
0.000247576
0.00026843
4.47056e-05
0.000155647
0.000304654
0.000177311
0.00021145
0.000254807
0.000158401
0.000288375
0.00017513
0.000256871
0.000138367
0.000223359
0.000199695
0.00013847
7.83404e-06
0.000185654
0.000395751
0.000425738
0.000308784
0.000315575
0.000101919
0.000147372
0.000793922
0.000390668
0.000889279
0.000517244
1.07395e-05
1.05608e-05
0.000105761
0.000411821
5.36431e-05
0.00055212
0.000232595
0.000221031
8.52037e-05
0.000152122
0.000200086
0.000662375
6.46865e-06
0.000221974
0.000261929
0.000257654
0.000217807
0.000167979
0.000199552
6.43746e-05
0.000161711
1.87815e-05
0.000240943
0.000174901
0.000725114
7.25582e-05
0.000249821
0.000383337
1.62363e-05
2.51827e-05
0.000705409
0.000116459
0.000618174
0.000214536
2.79585e-05
0.000129258
0.000130936
0.000153781
0.000342701
0.000489084
0.000461031
0.000283569
0.000235905
1.82348e-05
0.000523119
0.000366556
0.000592876
8.12685e-05
0.000515675
0.000620869
0.000460446
0.000322258
8.14668e-05
0.000467822
0.000502535
0.000266901
