n=32
J=0.707107
eta=1.06329
mu=0.0582278
beta-optimal=0
max-overlap=0
0.00217456
0.00215395
0.000245207
0.000886021
0.00323093
0.00131022
0.00252327
0.00086246
0.00347584
0.00242969
0.00118505
0.00126148
0.00296458
0.000810299
0.00415236
0.00224851
0.000766565
0.00220724
0.00187872
0.000284255
0.00280931
0.000779574
0.000784219
0.000465061
0.000581344
0.00108253
0.000267635
0.000442072
0.00181594
0.000352121
0.000619141
0.000481306
0.000236454
0.00151361
0.0010996
0.000230959
0.000723783
0.000300696
0.000382063
0.00111887
1.42856e-05
0.000657255
0.000100973
0.000728721
0.0019381
9.0164e-05
3.2064e-05
8.12227e-05
0.000104575
0.000161479
0.000603212
0.000871465
0.000229937
0.000680768
0.00114176
7.61273e-05
2.6509e-06
0.000465423
0.00130478
0.00027163
0.000555686
0.000486287
0.000551252
0.000611347
0.000690968
0.000743439
0.000458738
0.000379524
0.000255439
0.00123275
0.000128464
0.000505123
5.50269e-05
0.000112724
0.000127809
0.000634532
9.99103e-05
0.000537246
0.000239761
0.000722484
0.000212114
0.00089448
8.36033e-05
0.000368501
0.000366467
8.28508e-05
0.000580787
9.41631e-05
4.03673e-05
0.000214816
0.000247047
0.000276202
1.19555e-05
0.000381084
0.000226533
0.00059624
0.000193697
0.000332557
0.000284411
0.000199321
0.000399535
0.000473915
0.000408168
0.000276596
0.000194432
1.13895e-05
7.5383e-05
0.000103411
0.000320435
0.000238511
8.24738e-05
0.000435277
0.000283514
0.000691516
0.000254195
0.000343133
0.000140515
0.00053258
0.000368511
0.00073377
0.000485718
0.000112585
0.000109039
0.000637594
0.000134841
0.000403464
0.000207646
6.67991e-05
0.000276362
8.49923e-05
0.000185518
0.000309741
4.11923e-05
0.000344405
0.000105649
0.000315021
0.000164976
4.91647e-05
0.000124809
2.9393e-05
3.71753e-06
0.000500814
5.70816e-05
0.000287509
0.000365467
0.000739849
0.000257495
0.000239976
0.000341872
4.24875e-05
0.00023171
3.2236e-05
0.000102427
0.000396449
6.68898e-05
0.000284399
1.34864e-05
0.000299606
0.000536074
1.7699e-05
0.000153155
0.000205721
8.78321e-05
7.84878e-05
0.000473011
9.66477e-05
0.000228118
3.19159e-05
0.000430596
0.000107002
0.000284165
8.19352e-05
0.000189226
0.000196442
7.86031e-05
5.83565e-05
0.00017849
0.000324794
0.00041198
0.000450972
2.72468e-05
7.80959e-05
0.000388554
0.000380529
0.000364599
0.000463394
8.41849e-05
0.000168322
0.000111121
2.70511e-05
0.000113385
0.000431469
0.000345949
6.89434e-05
5.37982e-05
0.000334985
0.000294017
0.000168091
0.000234165
9.40598e-05
6.00878e-05
0.000236302
0.000247912
0.000106546
1.54011e-05
0.000131206
0.000371305
8.55574e-05
3.33721e-05
0.0004761
0.000251032
0.000102799
0.000117199
0.000332324
1.37879e-05
3.33555e-05
0.000149621
0.000137739
7.06099e-05
0.000231221
0.000124246
0.000148075
1.44236e-05
0.000218318
0.000234376
0.000399967
0.000161952
0.000114357
2.89152e-05
1.97834e-05
0.00019315
6.70022e-05
0.000151572
5.16797e-05
2.46266e-05
0.000194472
6.75682e-05
5.00512e-05
0.000134358
2.6296e-05
0.000191718
0.000130988
0.00022213
0.000234798
0.000292898
3.58119e-05
0.000229149
0.000196673
3.18644e-05
6.06653e-05
8.04798e-05
0.000128031
1.44928e-05
6.01673e-05
5.95695e-05
4.28296e-05
