n=32
J=0.707107
eta=1.03797
mu=0.0405063
beta-optimal=0
max-overlap=0
0.00483773
0.00395634
0.00392627
0.00582329
0.000877768
0.00057222
0.00107444
0.00173556
0.000706977
0.000505352
6.93384e-05
0.000615158
9.71913e-05
0.00114705
0.00203399
0.00100965
0.00215487
0.00113973
0.00267268
0.000756287
0.00020609
0.000324876
0.000416381
0.000734531
0.00217259
0.000701172
0.000584089
0.000274918
0.000251608
0.00156481
0.000776542
0.000932273
0.00191105
0.000199891
4.01054e-05
0.000442466
0.000174188
0.000197791
2.22647e-05
0.000299459
0.000777153
0.000423848
0.000356026
0.000226331
0.00145557
0.000463855
1.5219e-06
0.00112941
0.000765848
0.00017347
0.000506373
0.000578173
0.00142753
0.000492322
0.000446399
0.000106404
0.00075084
0.000254356
0.000490426
4.92451e-05
0.000564504
9.03643e-05
0.000237334
0.00104587
0.00101412
0.000613875
0.000544323
6.45009e-05
0.000301143
0.000634709
0.000168716
0.000276537
0.000187795
0.000159234
0.00012833
0.000683373
0.000216236
0.000171508
0.000309072
0.000661749
0.000144703
0.00127649
0.000561743
0.000128185
0.000180256
0.000157427
0.000282596
0.000308128
0.000142301
0.000493014
0.000284329
0.000157471
0.000286131
0.000539252
5.56181e-05
0.000105236
0.000440171
0.000483564
6.65646e-05
0.000306188
9.48123e-05
5.17455e-05
0.000331977
0.000290204
1.00946e-05
0.000470104
0.000237023
6.73988e-06
0.000402629
0.000134077
0.000358805
0.000137005
0.000230852
2.0805e-05
4.47543e-05
0.000109849
7.81583e-05
0.000176021
7.72654e-05
0.000213957
1.74743e-05
0.000258899
0.000260277
0.000133915
0.000190564
0.00014677
3.3184e-05
0.000235448
0.000137142
5.30077e-05
0.000291862
0.000263841
4.35535e-05
8.97948e-05
0.000110368
0.000262444
0.000250087
7.50263e-05
0.000134652
0.000145541
0.000488033
0.00015758
3.19055e-05
9.40756e-06
0.000188384
0.000130984
3.93141e-05
0.0002464
0.000157249
5.96548e-05
6.13514e-05
0.000153271
0.000133376
2.55282e-05
4.56394e-05
0.000109641
3.45005e-05
4.06783e-05
0.000200013
0.000172658
3.68555e-05
0.000212546
4.54434e-05
0.000165458
0.000152958
0.000117069
0.000101053
0.000156534
0.000214768
0.000105635
0.000279314
0.000164715
0.00019832
5.37261e-05
0.000145482
0.000232951
7.50149e-05
0.000154165
0.000365995
0.000194679
9.73987e-06
0.000121283
4.55538e-05
2.60642e-05
3.7853e-05
0.000100005
0.000211383
0.000170613
0.000176586
4.47802e-05
0.000162276
9.77806e-05
0.000212143
0.000221313
1.46846e-05
2.58852e-05
2.67345e-05
1.17014e-05
0.00018916
3.07978e-05
0.000100033
0.000140935
1.33975e-05
8.01124e-05
4.22521e-05
0.000281854
0.00028491
0.000101531
4.97701e-05
8.22971e-05
0.000168331
6.31248e-06
6.65944e-05
2.85944e-05
1.82885e-05
7.39826e-06
7.408e-05
9.39998e-05
0.000218197
0.0003706
5.66378e-05
0.000195152
0.000132216
0.00017353
9.98775e-05
0.000292579
1.25926e-05
0.000176451
6.31298e-05
2.37366e-07
2.64477e-05
7.82437e-05
2.822e-05
0.00020449
0.000208738
0.000116363
7.34204e-05
0.000114225
0.000195721
0.00016286
4.82149e-05
0.000281173
0.000423304
8.7732e-05
3.27955e-05
6.85272e-05
6.79782e-05
0.000264942
5.43609e-05
5.0851e-05
1.28184e-05
4.55173e-05
2.25376e-05
0.000116229
5.5897e-06
5.57079e-06
