n=32
J=0.707107
eta=1
mu=0.0556962
beta-optimal=0
max-overlap=0
0.442859
0.387757
0.392291
0.253561
0.200759
0.186837
0.153868
0.145483
0.149603
0.112227
0.0929517
0.106636
0.097922
0.0842016
0.0990754
0.090584
0.0670777
0.0767128
0.0698799
0.0566495
0.0589437
0.0612737
0.0606444
0.0621061
0.0589695
0.0495514
0.0406393
0.0509157
0.0435649
0.0434017
0.0381979
0.0346252
0.0399643
0.0360988
0.0382004
0.0375911
0.0377844
0.0326968
0.033285
0.0323582
0.0318041
0.0345088
0.0315723
0.0270298
0.0303288
0.0273845
0.027021
0.0271035
0.0248568
0.0226448
0.0214845
0.0185618
0.0198957
0.0200917
0.0181725
0.0210648
0.0221968
0.0214495
0.0184736
0.0189119
0.018876
0.0203926
0.0162577
0.0158604
0.0162405
0.0164558
0.0171331
0.0158997
0.0131598
0.0134899
0.0125379
0.0127545
0.015442
0.0144316
0.0129145
0.0152033
0.0116457
0.0148757
0.0122383
0.0125911
0.012713
0.0131145
0.0111124
0.00978303
0.0128404
0.00866417
0.0117158
0.0113624
0.0112596
0.00908375
0.00986351
0.0107808
0.00910659
0.00979336
0.00910161
0.0100796
0.00933167
0.00908993
0.0100062
0.00812082
0.00993185
0.00945703
0.00822922
0.0077221
0.0072874
0.00910777
0.00736709
0.00773932
0.00759383
0.00798402
0.00850492
0.00727301
0.00748566
0.00636723
0.00713909
0.00789735
0.00653151
0.00646749
0.00736721
0.00699588
0.0070927
0.0072087
0.00673263
0.00636746
0.00654882
0.00648486
0.00563693
0.00572579
0.00595431
0.00606601
0.00562443
0.00564638
0.00565941
0.00540112
0.00579019
0.0061607
0.00535205
0.00551803
0.00527566
0.00493737
0.00597089
0.00513252
0.0051791
0.00528171
0.00484325
0.00459344
0.00485929
0.00474749
0.00535752
0.00421144
0.00422231
0.00446449
0.00525625
0.00458538
0.00442761
0.00401491
0.00427963
0.00503356
0.00428619
0.00420774
0.00404025
0.00407275
0.00384752
0.00360782
0.00393346
0.00383685
0.00350339
0.00383199
0.0043128
0.00331533
0.00372784
0.00341316
0.00319897
0.00305321
0.00311607
0.00345846
0.00331529
0.00346508
0.00305186
0.00350572
0.00338722
0.00321742
0.0029215
0.00351048
0.00311492
0.00308897
0.00329518
0.00311207
0.00334663
0.0031922
0.00264048
0.00302262
0.0030869
0.00269582
0.00278801
0.00260824
0.00254673
0.0028932
0.00282534
0.00278128
0.0027051
0.00252359
0.00227311
0.00234089
0.00263185
0.00219374
0.0024101
0.00261277
0.00228619
0.00236414
0.00249575
0.00199044
0.00235432
0.00224501
0.00238239
0.00225208
0.00210592
0.00224181
0.0022154
0.00261562
0.00194709
0.00238287
0.00198389
0.00190168
0.00195855
0.00207745
0.00193413
0.00193308
0.00196956
0.00183588
0.00203891
0.00174171
0.00188277
0.00183925
0.00192827
0.00163299
0.00192577
0.0016947
0.00157994
0.00172703
0.00168255
0.00179518
0.00175413
0.00165598
0.00152526
0.00166525
0.00153488
0.00166755
0.00148343
0.00164064
0.00171742
0.00141062
0.001468
0.00142274
0.00126827
0.00129404
