n=32
J=0.707107
eta=1.18987
mu=0.0607595
beta-optimal=0
max-overlap=0
1.27988e-11
8.49593e-12
3.1536e-12
6.23105e-12
6.06221e-12
3.22431e-12
1.35802e-11
7.60035e-12
9.25861e-13
4.23084e-12
4.90303e-12
1.82086e-12
3.93362e-12
6.79377e-12
3.64775e-12
4.68497e-12
5.86556e-12
3.06879e-12
3.33446e-12
4.05934e-12
1.19012e-12
5.65686e-12
4.28188e-12
2.59716e-12
3.36995e-12
2.7036e-12
4.29469e-12
6.5799e-12
4.99108e-12
1.09096e-12
1.70393e-12
2.42393e-12
6.0905e-12
4.79408e-13
3.22327e-12
5.75102e-12
2.4478e-12
4.94629e-13
2.54952e-12
2.63704e-12
2.09832e-12
2.70524e-12
1.77943e-12
3.10418e-12
2.12744e-12
1.62157e-12
4.39476e-12
1.28265e-12
7.25347e-13
2.77916e-12
1.58595e-12
2.09502e-12
1.72931e-12
1.24785e-12
2.67135e-12
1.34413e-12
1.71324e-12
3.11403e-12
2.46093e-12
2.05025e-12
5.8073e-13
3.6947e-13
2.05958e-12
1.27729e-12
1.02145e-12
3.16241e-12
2.16999e-13
1.59073e-12
2.57187e-12
7.25411e-13
1.4458e-12
6.90929e-13
2.20218e-12
2.17633e-12
1.25853e-12
1.84946e-12
1.1161e-12
1.10532e-12
1.49618e-13
1.54991e-12
1.75177e-12
1.8633e-12
6.02229e-13
6.57991e-13
8.02326e-13
1.28897e-13
1.07916e-12
4.21151e-13
1.39669e-12
8.45122e-13
1.43907e-12
1.85808e-12
2.31686e-12
5.9605e-13
3.62227e-13
7.52736e-13
1.38245e-12
8.98143e-13
1.85733e-12
2.14432e-12
1.70754e-12
9.41608e-13
6.52561e-13
1.55457e-12
7.40459e-13
5.51103e-13
9.66602e-13
7.76217e-13
8.06975e-13
9.16138e-13
1.05741e-12
7.02698e-13
3.67883e-13
4.68563e-13
3.59503e-13
8.11681e-14
8.21626e-13
1.10333e-12
5.43519e-13
1.38668e-13
5.07127e-13
3.99721e-13
6.74262e-13
7.28554e-13
1.00278e-12
1.01733e-12
4.03127e-13
1.55335e-12
5.38111e-13
3.00686e-13
4.08949e-13
4.5547e-13
3.65477e-13
2.68665e-13
1.06657e-12
4.54009e-13
4.38619e-13
1.35533e-12
3.55152e-13
3.89379e-13
6.09474e-13
2.99172e-13
5.99925e-13
9.80285e-13
1.46556e-12
9.54686e-13
3.93156e-13
9.22222e-13
3.21269e-13
7.45298e-13
7.20876e-13
5.5254e-13
7.69796e-13
4.26773e-13
6.34675e-13
6.10655e-13
7.29565e-13
3.18597e-13
4.82315e-13
1.14419e-12
1.00428e-12
1.00467e-12
1.97795e-13
5.74494e-13
9.94565e-13
4.26688e-13
3.66566e-13
2.26124e-13
7.36996e-13
5.41745e-13
1.41667e-12
2.95054e-13
2.08274e-13
6.26711e-13
6.22767e-13
6.39028e-13
5.35967e-13
4.19558e-13
3.84896e-13
5.13151e-13
1.06802e-13
4.09976e-13
2.25299e-13
1.08155e-13
9.99341e-13
2.9696e-13
5.00044e-13
9.84067e-13
6.15517e-14
3.05356e-13
8.89639e-13
9.72229e-13
4.27118e-13
2.43943e-13
5.14125e-13
2.37871e-13
2.79615e-13
7.16716e-13
4.47454e-13
5.20955e-13
5.34385e-13
4.08788e-13
8.17517e-13
6.10967e-13
4.12941e-13
8.21602e-13
3.64776e-13
4.90176e-13
1.61502e-13
1.58991e-13
4.57114e-13
1.85339e-13
7.64551e-14
6.09137e-13
3.4225e-13
9.56908e-13
4.04793e-13
6.24358e-13
1.10118e-12
5.31631e-13
5.48747e-13
9.24977e-13
3.04155e-13
3.5079e-13
7.23971e-13
8.90696e-13
4.91034e-13
3.21351e-13
3.49313e-13
2.25168e-13
6.76298e-13
1.36523e-13
1.28339e-13
6.97076e-13
2.46693e-13
6.04845e-13
5.74756e-13
5.57594e-13
8.21652e-13
1.44466e-13
6.21898e-13
4.07754e-13
4.88058e-13
3.21722e-13
3.47e-13
1.09432e-12
1.12469e-12
3.68305e-13
1.87959e-13
1.06915e-12
3.68553e-13
5.683e-13
2.95626e-13
1.86429e-13
6.54639e-13
3.75242e-13
