n=32
J=0.707107
eta=1.01266
mu=0.0379747
beta-optimal=0
max-overlap=0
2.06108e-10
2.27423e-10
8.98389e-11
6.67025e-11
5.23891e-11
9.81009e-11
1.58137e-10
3.39521e-11
2.20294e-10
9.68846e-11
4.45642e-11
8.01645e-11
1.62774e-11
3.18457e-11
1.11939e-11
3.71535e-11
1.72324e-11
4.85032e-11
1.82065e-11
1.71918e-11
2.09862e-11
4.19218e-11
9.8327e-11
4.30853e-11
4.96909e-11
2.96994e-11
5.6036e-11
1.49111e-11
2.4275e-11
3.27134e-11
1.83151e-11
2.2101e-11
1.49462e-11
1.52328e-11
5.29678e-12
1.71813e-11
8.47862e-12
1.90552e-11
1.89902e-11
1.20931e-11
1.06137e-11
6.23226e-12
7.3591e-12
1.65239e-11
5.32294e-12
1.57982e-11
1.69904e-11
7.93213e-12
1.50695e-11
2.35287e-11
1.83172e-11
1.85251e-11
2.10732e-12
1.25673e-11
2.62071e-12
2.43097e-11
8.30719e-12
5.32647e-12
1.18433e-11
1.13054e-11
7.80271e-12
4.61196e-12
2.44302e-12
7.2728e-12
9.6364e-12
1.21347e-11
6.60352e-12
2.69922e-12
1.25416e-11
7.8003e-12
7.22266e-12
3.35098e-12
4.47629e-12
7.85261e-12
9.32309e-12
1.33357e-11
1.00025e-11
1.38913e-11
7.34748e-12
3.22553e-12
8.73409e-12
6.5432e-12
2.96981e-12
7.90374e-12
1.55241e-12
6.1838e-12
9.18889e-12
9.45936e-12
9.64863e-12
3.66892e-12
7.03863e-12
8.31283e-12
2.02396e-12
8.95627e-13
5.84685e-12
2.73918e-12
7.9003e-12
7.7184e-12
1.39161e-11
4.75076e-12
2.38051e-12
1.24296e-11
7.2734e-12
1.70394e-12
4.23073e-12
1.30996e-12
3.77417e-12
1.21391e-11
3.89217e-12
8.36317e-12
9.10309e-12
7.43375e-13
2.23795e-12
4.84522e-13
8.33769e-13
3.6901e-12
5.83796e-12
6.31726e-12
3.17592e-12
7.94211e-12
5.20763e-12
2.27834e-12
2.43558e-12
3.17224e-12
1.0124e-12
1.59464e-12
3.34719e-12
1.45779e-11
2.19894e-12
1.29316e-12
5.385e-12
7.64174e-12
5.24849e-12
6.78455e-12
7.81605e-12
1.39428e-12
4.13513e-12
1.10546e-12
4.12798e-13
8.89276e-13
3.29639e-12
2.4231e-12
2.46435e-12
9.66754e-13
3.82315e-12
4.87212e-12
1.88852e-12
3.40603e-12
2.62817e-12
4.0441e-12
1.4181e-12
4.63917e-12
1.78452e-12
3.57339e-12
5.15778e-12
2.0356e-12
3.34092e-12
1.9135e-12
1.77003e-12
2.11868e-12
2.1651e-12
3.65941e-12
1.07992e-11
1.72289e-12
2.79921e-12
2.32858e-12
8.91014e-13
1.17048e-12
1.36736e-12
2.50841e-12
1.0603e-12
1.06368e-12
2.94726e-12
1.16932e-12
5.03362e-12
1.90302e-12
2.13224e-12
1.23343e-12
4.0476e-12
1.81523e-12
1.88714e-12
7.67999e-13
8.72066e-13
1.81781e-12
1.15149e-12
8.35181e-13
4.00798e-12
1.66315e-12
8.08236e-12
2.91977e-12
8.08858e-13
1.96534e-12
3.59823e-12
5.54628e-13
3.4635e-12
1.74646e-13
7.45996e-13
1.12012e-12
1.77319e-12
1.86253e-12
9.75658e-13
8.84823e-13
2.47632e-12
3.83968e-12
4.35181e-12
2.6183e-12
1.81298e-12
7.45477e-13
1.5006e-12
1.53157e-12
1.01835e-12
1.88778e-12
2.72641e-12
2.10794e-12
1.21158e-12
3.50517e-12
1.08808e-12
1.0413e-12
2.25895e-12
2.15392e-12
1.39762e-12
1.74282e-12
1.15918e-12
7.48588e-13
1.62201e-12
2.2773e-12
4.28255e-12
1.25053e-12
1.00209e-13
1.05009e-12
7.96662e-13
1.09681e-12
2.00591e-12
8.35112e-13
1.88393e-12
2.70366e-12
8.54349e-13
1.03928e-12
9.98755e-13
3.06905e-12
4.85717e-13
2.56661e-12
2.09287e-12
8.04628e-13
7.66543e-13
1.58158e-12
1.21776e-12
2.86722e-12
1.11802e-12
1.15217e-12
5.95447e-13
1.32675e-12
6.25425e-13
2.00366e-12
1.5242e-12
6.86729e-13
