n=32
J=0.707107
eta=1.03797
mu=0.043038
beta-optimal=0
max-overlap=0
1.56319e-11
2.56769e-11
4.45421e-11
2.648e-11
2.04897e-11
1.18704e-11
7.83139e-12
1.16483e-11
1.88649e-11
1.56206e-11
2.04941e-11
1.06053e-11
1.10147e-11
9.21261e-12
1.71763e-12
1.76797e-11
1.3068e-11
2.58894e-12
1.23886e-11
7.89856e-12
1.12829e-11
1.1199e-11
9.04789e-12
1.45528e-11
6.8264e-12
5.7023e-12
7.75292e-12
6.00241e-12
4.80241e-12
2.80379e-12
1.07533e-11
1.91483e-12
2.20609e-12
1.5424e-12
3.33568e-12
1.93966e-12
4.39768e-12
6.59524e-12
3.89338e-12
1.01107e-12
5.88143e-12
6.39263e-13
7.60212e-13
3.34517e-12
6.02805e-12
1.32664e-12
6.30845e-12
4.54894e-12
2.3134e-12
1.1567e-12
2.66521e-12
7.69634e-13
4.01663e-12
1.24356e-12
8.23745e-13
2.219e-12
2.91528e-13
1.08697e-12
8.79112e-13
8.70604e-13
3.28974e-12
1.02281e-12
2.4975e-12
7.76872e-13
1.44369e-12
1.92069e-12
2.05581e-12
1.38991e-12
3.72835e-12
3.558e-12
1.72021e-12
2.39087e-12
5.22958e-13
1.68198e-12
1.96688e-12
2.09494e-12
2.84325e-12
6.48786e-13
5.25079e-12
1.48706e-12
2.41599e-12
1.32919e-12
2.10294e-12
1.3792e-12
1.75898e-12
3.77886e-13
3.15647e-13
1.52219e-12
6.59054e-13
7.24178e-13
8.10868e-13
7.09284e-13
1.90784e-12
4.77134e-13
1.20355e-12
1.35617e-12
4.88849e-12
2.23126e-12
1.50892e-12
5.9906e-13
9.43975e-13
1.53993e-12
1.85783e-12
2.33865e-12
1.55564e-12
1.38673e-12
6.26811e-13
4.16381e-13
2.11728e-12
1.21264e-12
9.90307e-13
3.86179e-13
4.62874e-13
1.85548e-12
8.28932e-13
1.55211e-12
1.07584e-12
8.11009e-13
5.07151e-13
1.13801e-12
1.35208e-12
1.05358e-12
1.38709e-12
1.13453e-12
8.65311e-13
1.86451e-12
1.44121e-12
1.02616e-12
1.01607e-12
1.5635e-12
6.48074e-13
7.06366e-13
1.23774e-12
4.64055e-13
1.40404e-12
3.11596e-13
8.39923e-13
1.2829e-12
4.29616e-13
5.30586e-13
2.53077e-13
9.16233e-13
1.02324e-12
1.11972e-12
8.13523e-13
4.18208e-13
1.13182e-12
1.09548e-12
5.73494e-13
8.30038e-13
1.21956e-12
1.147e-12
1.05515e-12
1.62186e-12
6.44919e-13
8.80639e-13
3.0301e-13
1.14152e-12
9.64083e-13
1.06862e-12
6.82311e-13
1.23633e-12
1.06933e-12
5.07528e-13
8.62351e-13
7.3362e-13
2.12703e-13
1.395e-12
1.91433e-12
9.04043e-13
1.18039e-12
5.01511e-13
8.91144e-13
5.91062e-13
3.8062e-13
4.36972e-13
1.71376e-13
4.62688e-13
5.44915e-13
7.49459e-13
7.65357e-13
3.68118e-13
5.79588e-13
2.41222e-13
1.89025e-13
1.56122e-12
5.5301e-13
4.88087e-13
5.35095e-13
3.4761e-13
8.46727e-14
4.06548e-13
9.17315e-13
3.1157e-13
5.60534e-13
5.54034e-13
9.03552e-14
4.29244e-13
5.23793e-13
4.08061e-13
6.21235e-13
1.24623e-12
1.56347e-12
6.08813e-13
5.32249e-13
5.86975e-13
5.78344e-13
1.69649e-13
1.27562e-12
3.33503e-13
1.74128e-13
1.17065e-12
3.94473e-13
9.14734e-13
6.80714e-13
7.31199e-13
2.27369e-13
4.78826e-13
6.25885e-13
6.32011e-13
1.36617e-12
4.69997e-13
2.42787e-13
2.12568e-13
1.12465e-12
6.58195e-14
7.76057e-13
3.58176e-13
2.94114e-13
5.10363e-13
3.99882e-13
4.91272e-13
2.84515e-13
2.91913e-13
6.71565e-13
7.12533e-13
7.44536e-13
1.15537e-12
5.91723e-13
8.99769e-13
5.69068e-13
7.71843e-13
4.21767e-13
2.2351e-13
3.41327e-13
1.39815e-12
1.1681e-12
1.82744e-13
5.81869e-13
3.91139e-13
9.10947e-13
9.10041e-13
8.19e-13
4.00398e-13
5.7138e-13
3.0509e-13
