n=32
J=0.707107
eta=1.62025
mu=0.0860759
beta-optimal=0
max-overlap=0
0.000860512
0.00172463
0.000196983
0.0019301
0.00109075
0.000283345
0.000869163
0.000150371
0.00126477
0.000908193
0.00046246
5.61042e-05
0.000773526
0.000517376
0.00177
0.00078825
0.00322453
0.000737347
0.000421665
0.00136462
0.000255967
0.000656466
0.000111457
5.18641e-05
0.000142347
7.42177e-05
0.000492613
0.0010351
0.00041763
0.00101137
0.000472332
0.000830597
0.00019252
0.000313348
0.0003342
0.000126972
0.00032408
0.000555041
0.000992046
0.000329327
0.000237549
0.000958495
0.000402771
0.000856985
3.33464e-05
0.000225949
0.000467707
0.000756021
0.000125925
0.000152352
0.000497142
0.000762594
8.30979e-05
9.64947e-05
0.000636819
0.00034014
0.000688671
0.00087002
0.00114671
0.00102623
6.03876e-05
0.00105219
0.000607814
2.1267e-05
0.000795567
0.000321238
0.000434575
0.000327601
0.000105299
9.31937e-05
1.77692e-05
0.000622515
0.000198417
0.000309348
0.000544532
0.000531115
0.000624338
0.000253365
0.000322716
0.00117092
7.72387e-05
0.000361212
0.00010958
9.48654e-05
0.000187901
3.93847e-06
0.000653428
0.000104566
0.00044119
2.16253e-05
0.000230535
0.000325223
6.13215e-05
0.000409702
0.000376377
0.000495008
0.00031517
8.2888e-05
0.000261987
0.000121933
0.000200194
0.000238879
8.08064e-05
0.000113229
0.000689641
8.564e-05
0.000577993
0.000277668
0.000170886
0.000351099
6.92655e-05
0.000622789
0.000191825
4.09464e-06
0.000153205
5.95516e-05
0.000188991
0.000193313
0.000147138
2.62048e-05
0.00033552
0.00016116
0.000385921
0.000514963
5.46709e-05
0.000283582
2.41114e-05
8.15446e-05
0.00044592
0.000436099
0.000424875
1.58277e-05
0.000201381
1.99137e-05
0.00030412
3.38591e-05
9.01402e-05
0.000488664
0.000255474
0.000666651
0.000303334
0.000120493
0.000493084
3.06336e-05
4.29335e-05
0.000371972
0.000873891
0.000664837
3.80878e-05
0.000611303
0.000102626
0.000274172
0.000276406
6.84705e-05
0.000326114
0.000456419
0.000323087
0.000340364
0.00029456
0.000746586
0.000361313
3.35316e-06
0.000784234
0.000193557
0.000178531
0.00019573
0.000452439
0.000106481
0.00023741
0.000901697
5.44543e-06
0.0002918
0.000241897
0.000243788
4.00513e-05
0.000147552
0.000283091
0.000113934
0.000163773
0.000234765
0.000147789
0.000251081
0.0001463
0.000261301
0.000126603
0.000191306
0.000194311
0.000127008
4.81358e-06
0.000162027
0.000355037
0.000390407
0.00025733
0.00027552
9.41471e-05
0.000139863
0.000718774
0.000351921
0.000836903
0.000469712
1.53278e-05
1.81649e-05
0.000100176
0.000384155
5.77668e-05
0.00048258
0.000211294
0.000215831
8.49793e-05
0.000125114
0.000170959
0.000601048
5.79657e-06
0.000177385
0.00024742
0.000238318
0.000205962
0.000149368
0.000173491
5.54607e-05
0.000124868
2.56659e-05
0.000209114
0.000143234
0.000667825
5.50796e-05
0.000234896
0.000361673
1.95029e-05
2.7616e-05
0.000625289
0.000104142
0.000552716
0.000191225
1.55001e-05
0.00011824
0.000139892
0.000125727
0.000284391
0.000426914
0.000418413
0.000256574
0.000205883
3.38691e-05
0.000470303
0.000335065
0.000528555
7.1574e-05
0.000472046
0.000570744
0.000402474
0.000301638
6.40489e-05
0.000444649
0.000441693
0.00025556
