n=32
J=0.707107
eta=1
mu=0.0379747
beta-optimal=0
max-overlap=0
0.697159
0.253223
0.266874
0.180778
0.230267
0.166714
0.100763
0.13074
0.107207
0.0579445
0.0598954
0.0663583
0.0664235
0.0479704
0.0420885
0.0505893
0.0543745
0.0384566
0.0501072
0.0301985
0.0341519
0.0248927
0.0350715
0.0291848
0.0308791
0.0282775
0.0264308
0.0321448
0.0197099
0.0222386
0.0242669
0.0204246
0.0144226
0.0183467
0.0183644
0.0188667
0.014459
0.0236182
0.0181524
0.0160014
0.0134585
0.0110906
0.0106513
0.0145705
0.00972675
0.0119356
0.0131908
0.0118618
0.01153
0.0117954
0.0097344
0.00970502
0.010181
0.00744259
0.0105498
0.00884147
0.00877906
0.00990812
0.00822043
0.00867705
0.00756161
0.00785295
0.00868901
0.00870494
0.00594502
0.00626752
0.00912267
0.00659828
0.00918764
0.0088393
0.0060436
0.00752063
0.00570482
0.00626748
0.00542203
0.00506766
0.00604013
0.00506171
0.00557797
0.00754047
0.00584069
0.00466214
0.00526801
0.00486006
0.00373135
0.00487064
0.0044937
0.00519501
0.00497887
0.00402793
0.0041476
0.00370828
0.00434396
0.00523903
0.00296837
0.00410318
0.0052617
0.00438529
0.00478352
0.0041449
0.00376879
0.00308337
0.00320542
0.00357822
0.00348826
0.00415402
0.00422048
0.00284685
0.0036049
0.00321781
0.00264839
0.00390325
0.00393267
0.00347962
0.002776
0.00334826
0.00302115
0.00262977
0.00299787
0.00301843
0.00296143
0.00255087
0.00244782
0.00246271
0.00212962
0.00235947
0.00304667
0.00241774
0.00242978
0.00277153
0.00283502
0.00226496
0.00230747
0.00264503
0.00242518
0.00282621
0.00213581
0.00214988
0.00198264
0.00203461
0.00223877
0.00160788
0.00211661
0.00218835
0.00219004
0.00189198
0.00249705
0.00213137
0.00197398
0.001604
0.00195648
0.0019714
0.00176481
0.00155116
0.00181094
0.00169078
0.00158786
0.00172068
0.00182788
0.0019136
0.00140313
0.00157445
0.00154032
0.0014656
0.00148782
0.00174063
0.00191154
0.00145813
0.00163721
0.00171496
0.0014871
0.00125201
0.00133864
0.00136872
0.00127382
0.00134546
0.00157916
0.00141263
0.00138053
0.00132652
0.00153299
0.00131461
0.00120588
0.00134654
0.00124345
0.00120089
0.00119822
0.00105353
0.00119684
0.00111528
0.0011162
0.00105879
0.00150831
0.00114527
0.00122959
0.000905927
0.00117733
0.00117984
0.00108791
0.00104761
0.000945223
0.00107805
0.00132647
0.00107075
0.0009525
0.00104396
0.00101165
0.000946574
0.00113453
0.000826443
0.000935445
0.000902861
0.000842365
0.000873134
0.000854362
0.000945439
0.000887959
0.000748311
0.00081465
0.00085711
0.000951023
0.000775196
0.000633461
0.000690236
0.000818031
0.000872192
0.000673427
0.00067892
0.000735723
0.000696944
0.000709464
0.000880961
0.000683077
0.000718159
0.000831179
0.000715254
0.000661106
0.000719931
0.000582689
0.00060252
0.000772939
0.000729384
0.000631901
0.000728152
0.000764937
0.000714559
0.000711273
0.00056892
0.0006767
0.000640715
0.000553971
0.000688675
0.000546905
0.000533883
0.000484443
0.000591524
