n=32
J=0.707107
eta=1
mu=0.035443
beta-optimal=0
max-overlap=0
0.738424
0.334219
0.208145
0.141259
0.140425
0.117737
0.10808
0.0841976
0.0632594
0.0829711
0.0807486
0.0565141
0.0522986
0.0388252
0.0717005
0.0540761
0.0434855
0.0406743
0.024732
0.0358914
0.0280725
0.0391308
0.0269119
0.0328546
0.0265341
0.0228273
0.0181413
0.0261091
0.0171584
0.023739
0.0215052
0.0180556
0.0301318
0.0237445
0.0183751
0.0196594
0.0145457
0.017736
0.022907
0.0140179
0.0168152
0.0126442
0.0100591
0.0110094
0.014376
0.011286
0.0107239
0.0111096
0.0115398
0.0122056
0.00961319
0.00799916
0.0132521
0.0115621
0.00919935
0.00924625
0.0072833
0.00664159
0.00725611
0.00770827
0.0108786
0.00770109
0.00720624
0.00876922
0.00726527
0.0067559
0.00753846
0.00685557
0.00784632
0.00662993
0.00490307
0.00646967
0.00519476
0.00697513
0.00619494
0.00597732
0.00452377
0.00598387
0.00525765
0.00504155
0.00584625
0.00511829
0.00510809
0.00609617
0.00627522
0.00474499
0.0048608
0.00395941
0.00457429
0.00670465
0.00357431
0.00484592
0.00398894
0.00391504
0.00330449
0.00335555
0.00416594
0.00399615
0.0039889
0.00346372
0.00360018
0.00345578
0.0037913
0.00293048
0.00330161
0.00281089
0.0040711
0.00295085
0.00289285
0.00330722
0.00281417
0.00348916
0.00326244
0.00291042
0.00250582
0.00282376
0.00226666
0.00230904
0.00290528
0.00257708
0.00311712
0.00280329
0.00242693
0.00242592
0.00268391
0.00224294
0.00257304
0.00240192
0.00309556
0.00274233
0.00233454
0.00237267
0.00264333
0.00215376
0.00221548
0.0028658
0.00165702
0.00191323
0.00295188
0.0022576
0.00241856
0.00178603
0.00171746
0.00213699
0.00208317
0.00183162
0.00190209
0.0023055
0.00176174
0.00144635
0.00156258
0.00169881
0.00159024
0.00172393
0.00179741
0.00182033
0.00142398
0.0016775
0.00159762
0.00157158
0.00142163
0.00156692
0.00157721
0.00137956
0.00141856
0.00143023
0.00147801
0.00134228
0.00158031
0.00156188
0.00150658
0.00109208
0.00142419
0.00130866
0.00128671
0.00128336
0.00131712
0.00131145
0.00138664
0.00125895
0.00110895
0.00133381
0.000992539
0.00144011
0.0011252
0.000974651
0.0012854
0.00109895
0.00101973
0.00106011
0.000943379
0.000983157
0.00106221
0.000996166
0.000920465
0.00106336
0.000922552
0.00100377
0.000870902
0.00102391
0.00120661
0.000947943
0.00103593
0.000961629
0.00109148
0.000963977
0.00102907
0.000782654
0.000956256
0.000832996
0.00092786
0.00117497
0.000914751
0.000932961
0.000786551
0.000962116
0.000792755
0.000856909
0.000734169
0.000876116
0.000883127
0.000826096
0.0007729
0.000816779
0.00101715
0.000731557
0.000771401
0.000775467
0.000738091
0.000825931
0.000739253
0.00066414
0.000704515
0.000656077
0.000773904
0.000720435
0.000730426
0.000618051
0.000705953
0.0007127
0.000675586
0.000662069
0.00055834
0.000741471
0.000599959
0.000698096
0.000602145
0.000815184
0.000662053
0.00055962
0.000472227
0.000471594
0.000526864
0.000534053
0.000488749
0.000459883
