n=32
J=0.707107
eta=1
mu=0.0177215
beta-optimal=0
max-overlap=0
0.885455
0.190004
0.0948096
0.0402005
0.0643981
0.0325255
0.0459012
0.0220301
0.0156137
0.034526
0.0333007
0.0140666
0.0128386
0.00917903
0.0308422
0.0222714
0.0105703
0.00996285
0.00814843
0.0134672
0.00650115
0.0159099
0.00628188
0.0120385
0.00628917
0.00733737
0.00518667
0.00957803
0.00375336
0.00548637
0.00772158
0.00405968
0.01189
0.00904171
0.00422455
0.00714529
0.00334433
0.00412374
0.00884019
0.00441462
0.00418466
0.00278018
0.00217524
0.00307829
0.00340483
0.00255725
0.00343485
0.00358355
0.00376431
0.00280162
0.0026322
0.00172202
0.00476127
0.00393051
0.00206407
0.00277771
0.00151222
0.00152788
0.0015204
0.00160694
0.00415626
0.00161226
0.00216561
0.00200905
0.00209354
0.00197861
0.00164539
0.00213975
0.00177338
0.0013856
0.0012014
0.001404
0.00135849
0.0015222
0.00178055
0.00128529
0.00111839
0.0018213
0.00109506
0.00167481
0.00168567
0.00107521
0.00110878
0.00136073
0.00224929
0.000952798
0.00105359
0.00100067
0.000979313
0.00254334
0.000683336
0.00138618
0.000792152
0.00097124
0.000624064
0.000648669
0.00116363
0.00112214
0.000799238
0.000860423
0.000740729
0.00071639
0.00103858
0.00075297
0.000914407
0.00055134
0.00122381
0.000605052
0.000576219
0.000705637
0.000576688
0.000934832
0.000683514
0.000689018
0.000555857
0.000569462
0.000437815
0.000488276
0.000607696
0.000540766
0.000901332
0.000603555
0.000636964
0.000476945
0.000758667
0.000428517
0.000695198
0.000495093
0.0010074
0.000715469
0.000645778
0.00046066
0.000683556
0.000425703
0.000555949
0.000633138
0.000347621
0.000381591
0.000655464
0.000574873
0.000684178
0.000328756
0.000332286
0.000580282
0.000432649
0.000464541
0.000381071
0.00063842
0.000341528
0.000287698
0.00030868
0.00033707
0.000326301
0.000340494
0.000450618
0.000372411
0.000301262
0.000450509
0.000393427
0.000320302
0.000297954
0.00032594
0.000293408
0.000254251
0.00027857
0.000278936
0.000360348
0.000315829
0.000389486
0.000314289
0.000388285
0.000188439
0.000329071
0.00025341
0.000299966
0.000256377
0.000309021
0.00026821
0.000366982
0.000248547
0.000255895
0.000266724
0.000179064
0.000420663
0.000213975
0.000177218
0.000293197
0.000212688
0.000233232
0.000193648
0.000167629
0.000191799
0.000207462
0.000188478
0.000177641
0.000235811
0.000187377
0.000184448
0.000160558
0.000205549
0.000338611
0.000179932
0.000202009
0.000232043
0.000220682
0.000225726
0.000199284
0.000157504
0.00018763
0.000157532
0.000200795
0.000347615
0.000191369
0.000184169
0.000158436
0.000198833
0.000169613
0.000194903
0.000140313
0.000224248
0.000168221
0.000168449
0.000178219
0.000204701
0.000218756
0.000137726
0.00018715
0.000148263
0.000136654
0.000204507
0.000142495
0.000116409
0.000159311
0.000125018
0.000190557
0.00013578
0.000186577
0.000116138
0.000140736
0.000136834
0.000170414
0.000173516
9.74861e-05
0.000195378
0.000116925
0.000205686
0.000115714
0.000268713
0.000196923
0.000105176
8.92489e-05
9.06749e-05
9.78299e-05
0.000102494
9.52685e-05
9.82705e-05
