n=32
J=0.707107
eta=1
mu=0.126582
beta-optimal=0
max-overlap=0
0.258904
0.232815
0.228138
0.21875
0.20396
0.199884
0.172145
0.169504
0.169214
0.162234
0.147766
0.147856
0.153844
0.142129
0.14249
0.142604
0.142487
0.128748
0.124658
0.118467
0.106329
0.109818
0.102448
0.101057
0.0971207
0.102228
0.102082
0.096033
0.0918512
0.0856136
0.0905596
0.0885294
0.0848364
0.0799362
0.0771637
0.0778722
0.0768701
0.07283
0.0731446
0.0739053
0.071228
0.0689271
0.0713626
0.068471
0.064586
0.0671951
0.0637053
0.0590288
0.0642733
0.0585966
0.0642164
0.0573516
0.0581173
0.0554982
0.0553937
0.0562704
0.0525687
0.0530064
0.0544829
0.0550372
0.0488771
0.0513161
0.0499517
0.0505297
0.0509045
0.0527296
0.0452314
0.0467684
0.0454828
0.0436937
0.0449207
0.045097
0.0425855
0.0465008
0.0411787
0.0430998
0.0415525
0.0411624
0.0404685
0.0390788
0.0398701
0.0401246
0.0371127
0.0360587
0.036006
0.0359614
0.0380539
0.0372095
0.0346536
0.0346997
0.033858
0.0345416
0.0337877
0.0347944
0.0333812
0.0328032
0.0316759
0.0311026
0.0312754
0.032965
0.0309004
0.0303068
0.0313025
0.0298599
0.0297385
0.0294933
0.0307839
0.0306029
0.0273527
0.0280007
0.0280921
0.0251471
0.0268004
0.0272143
0.0273795
0.026097
0.0268093
0.0255425
0.026368
0.0253295
0.0274629
0.0264824
0.0244803
0.0247347
0.0251074
0.0241429
0.0230854
0.0235424
0.0237607
0.0233959
0.0228635
0.0226631
0.0218687
0.0224405
0.0220261
0.0216362
0.0211169
0.021393
0.0212458
0.0209576
0.0202539
0.0202653
0.0202251
0.0205971
0.0199212
0.0190604
0.0190584
0.0202492
0.0188207
0.019526
0.0194905
0.018482
0.0186242
0.018168
0.01901
0.0174139
0.0177325
0.0171535
0.0182335
0.0168867
0.0166503
0.0175112
0.0173529
0.0166959
0.0166611
0.0169017
0.0167832
0.0167585
0.0159233
0.015138
0.0166553
0.0160092
0.0159119
0.0161894
0.0152186
0.0151209
0.0155504
0.0149913
0.0154746
0.0145808
0.0145552
0.014761
0.0144113
0.0146293
0.0143317
0.0140633
0.013824
0.0139956
0.0138982
0.0135913
0.0132962
0.0139366
0.0136559
0.0133584
0.0131048
0.0129651
0.0131344
0.0128846
0.012905
0.0135633
0.0126899
0.0124075
0.0121233
0.0128369
0.0121996
0.0116981
0.0122735
0.0118278
0.0119686
0.0112524
0.0114211
0.0112101
0.0107903
0.0110609
0.0110029
0.0107009
0.0108842
0.010664
0.0107333
0.0109514
0.0105126
0.0103334
0.0103001
0.0102724
0.0100254
0.0103668
0.00988633
0.0102722
0.00993877
0.00959099
0.00953203
0.00940728
0.00968804
0.00936584
0.00966667
0.00957217
0.0092037
0.00895974
0.00890757
0.00873663
0.00905955
0.00896124
0.00862241
0.00870056
0.00835334
0.00837325
0.0084602
0.00815302
0.00788318
0.00792763
0.00765285
0.00767357
0.00747625
0.00738965
0.00749218
0.00696665
