n=32
J=0.707107
eta=1.79747
mu=0.00506329
beta-optimal=0
max-overlap=0
1.60437e-13
1.84822e-14
1.10234e-14
1.67643e-13
1.60104e-13
5.18409e-13
1.3135e-13
1.42113e-12
5.71934e-13
1.96478e-12
1.38565e-12
1.93208e-12
8.05541e-13
3.17107e-13
4.85014e-13
1.38428e-13
4.21428e-14
1.26231e-14
1.09069e-13
7.06301e-14
4.69209e-14
3.6617e-14
3.33016e-14
1.58317e-14
3.17916e-14
3.60495e-14
2.56334e-14
5.69122e-14
2.7376e-14
6.47312e-14
5.50175e-14
3.4242e-14
6.39332e-14
5.7703e-14
3.33844e-14
2.7748e-14
2.90159e-14
3.44409e-14
3.04194e-14
5.80482e-14
1.64963e-14
7.65473e-15
1.70045e-14
5.40241e-14
2.55474e-14
5.95332e-14
4.79363e-14
2.2666e-14
1.71889e-14
4.70847e-14
6.01525e-14
2.26277e-14
1.61878e-14
3.13935e-14
7.27585e-15
4.75398e-15
9.35006e-14
1.83714e-14
2.23862e-14
2.4932e-14
1.38136e-14
6.38893e-14
1.43311e-14
7.51277e-15
5.22746e-15
1.37963e-14
1.12457e-14
8.7945e-14
7.10931e-15
6.47758e-15
7.72617e-15
1.68381e-14
1.03667e-14
2.83487e-14
1.01749e-14
1.29038e-14
3.53118e-14
6.77496e-14
1.64462e-13
5.76954e-13
7.55933e-13
7.38759e-13
9.38519e-14
1.27342e-12
1.57097e-13
3.09588e-13
1.55896e-12
1.07153e-12
4.04025e-13
6.06486e-13
2.14184e-13
6.85306e-13
3.24018e-13
1.74931e-13
2.21903e-14
4.97478e-14
4.33846e-14
5.71167e-14
1.36958e-14
3.43581e-14
2.0778e-14
1.17565e-14
2.94895e-14
2.40706e-14
3.74293e-14
1.29886e-14
3.71733e-14
2.97961e-14
1.42006e-14
2.0585e-14
1.16914e-14
8.4596e-14
2.82478e-14
2.18439e-14
4.52238e-15
1.96043e-14
1.74191e-14
8.99399e-15
1.37264e-14
1.06022e-14
2.35977e-14
3.0705e-14
4.46395e-15
1.40774e-14
2.39882e-15
1.47104e-14
4.72234e-15
4.15616e-15
1.04795e-14
1.00851e-14
9.94992e-15
1.55415e-14
3.97999e-14
1.12096e-14
5.67641e-15
4.03651e-14
2.52363e-14
5.74998e-15
1.07053e-14
1.08219e-14
3.83372e-14
8.71369e-15
2.88184e-14
7.44631e-15
1.79994e-15
2.08728e-14
4.3193e-14
8.01685e-15
1.45815e-15
7.38035e-15
8.74462e-15
2.90787e-15
3.95816e-14
1.50153e-14
4.49852e-15
4.34994e-14
1.14969e-14
2.51422e-14
1.61586e-14
9.2227e-15
8.83028e-15
7.63494e-15
1.29438e-14
1.77067e-14
1.20851e-14
1.54518e-14
1.0074e-14
4.69734e-14
1.22391e-14
9.73347e-14
5.6458e-14
2.27469e-13
9.41577e-14
3.14522e-13
4.95815e-13
3.90792e-13
6.21566e-13
3.46476e-13
1.32467e-12
1.70592e-13
8.2673e-13
4.23824e-13
4.40585e-13
4.48821e-13
2.00415e-13
4.71533e-13
9.39088e-14
4.12564e-14
3.83605e-14
8.65475e-15
2.76853e-14
8.91529e-15
1.60466e-14
2.63269e-14
2.37447e-15
5.13045e-15
1.7004e-14
5.78583e-15
5.14241e-14
3.41672e-14
1.3918e-14
1.68674e-14
9.35415e-15
1.41395e-14
9.2059e-15
1.50035e-14
3.78477e-14
1.11301e-14
4.35748e-14
1.43351e-14
2.40294e-14
5.32206e-16
1.00338e-14
5.34575e-15
2.78125e-15
1.65033e-14
1.333e-14
9.67751e-15
8.92043e-15
5.10512e-14
1.89315e-14
1.49357e-14
8.50771e-15
9.33529e-15
3.68287e-15
1.28552e-13
8.94012e-16
1.15098e-14
3.48762e-14
8.0739e-15
2.1163e-14
2.36267e-15
6.13064e-16
1.22643e-14
1.42791e-14
7.94198e-15
9.10363e-15
8.848e-15
6.95736e-15
1.12202e-14
4.2251e-14
2.35437e-15
2.20372e-13
1.28125e-13
7.60343e-14
4.74631e-13
8.11945e-13
6.15498e-13
2.78715e-13
1.11354e-12
4.35322e-13
4.7646e-14
1.48231e-14
2.75688e-14
2.18988e-14
1.71296e-14
