n=32
J=0.707107
eta=1
mu=0.106329
beta-optimal=0
max-overlap=0
0.295613
0.258639
0.251677
0.238401
0.218444
0.213288
0.177191
0.17433
0.174126
0.165204
0.146817
0.146578
0.155057
0.140178
0.140788
0.141591
0.141799
0.124882
0.120485
0.112651
0.0996382
0.103931
0.0953
0.0937083
0.0893062
0.0957377
0.0962014
0.0891206
0.0839764
0.0769893
0.0830731
0.0811963
0.07708
0.0711527
0.0683986
0.0693141
0.0689251
0.0647727
0.0653991
0.0663047
0.0629074
0.0607348
0.0634733
0.0605619
0.0563196
0.0590943
0.0555409
0.0506832
0.056261
0.0503859
0.0566636
0.0490447
0.0503436
0.0473574
0.047383
0.0484904
0.0447413
0.0451613
0.0469392
0.0477875
0.0408915
0.0437413
0.0422177
0.0432479
0.0437411
0.0456143
0.0376503
0.0393927
0.0381945
0.0364154
0.037522
0.0379223
0.0352261
0.0394049
0.034015
0.0361834
0.0344755
0.0339471
0.0334625
0.0322076
0.0329407
0.0332959
0.030379
0.029289
0.0292343
0.0293443
0.0316536
0.0307961
0.0280744
0.0283171
0.0273505
0.02806
0.0273579
0.0283915
0.0270664
0.0265005
0.0253056
0.0248584
0.0250982
0.0268966
0.0248613
0.0241956
0.0252824
0.0239257
0.0237264
0.0235565
0.0249862
0.0247924
0.0215826
0.0223221
0.0225505
0.0196233
0.0211292
0.0216038
0.0219836
0.0206318
0.021384
0.0201719
0.0210738
0.0199453
0.0222373
0.0214159
0.0192991
0.019594
0.0199476
0.0190109
0.0179836
0.0185959
0.0186969
0.0184712
0.0180101
0.0177646
0.0170668
0.0176062
0.0172136
0.0168464
0.0164837
0.0167031
0.0166007
0.0162846
0.0157009
0.0156751
0.0156769
0.0161141
0.0154433
0.0146325
0.014664
0.0158764
0.014468
0.0151935
0.0152875
0.0141918
0.0143803
0.0139846
0.0148361
0.0133389
0.0135798
0.0130584
0.0142347
0.0128632
0.0126537
0.0135201
0.0134344
0.0127946
0.0127181
0.0129834
0.0129065
0.0129473
0.0120815
0.0114403
0.0128625
0.0122633
0.0121658
0.0124958
0.0115945
0.0115058
0.0119248
0.0114352
0.0118435
0.0111035
0.0110349
0.0112389
0.0108924
0.0111126
0.0108461
0.010689
0.0104217
0.0105951
0.0104947
0.0102329
0.00998046
0.0105861
0.0103418
0.0100783
0.00989354
0.00973655
0.00998484
0.00967882
0.00974277
0.0104039
0.00959135
0.00932403
0.00907823
0.00977419
0.00919298
0.00872594
0.00926813
0.00888636
0.0090087
0.00838353
0.00858524
0.00834622
0.00800168
0.00828285
0.00817116
0.00792547
0.00811564
0.00791453
0.00797504
0.00819589
0.00781956
0.00765132
0.00764372
0.00760335
0.00738759
0.00771997
0.00732296
0.00766897
0.00737918
0.00708153
0.00703077
0.00693802
0.00720239
0.00692139
0.0072104
0.00711313
0.00683187
0.00657452
0.00654816
0.00640266
0.00670064
0.00664266
0.00633097
0.00641838
0.00614348
0.00615291
0.00624599
0.00595226
0.00574217
0.00581008
0.0055583
0.00556919
0.00540109
0.00534813
0.00550645
0.00504447
