n=32
J=0.707107
eta=1
mu=0.00253165
beta-optimal=0
max-overlap=0
0.87711
0.0768121
0.00550877
0.02897
0.0081849
0.00102965
0.00723463
0.000821956
0.00553173
0.000924952
0.000622336
0.000426653
0.00350395
0.0031813
0.00180723
0.00163443
0.000366151
0.000369869
0.00194894
0.000269741
0.000282853
0.00176508
0.0021978
0.000156583
0.00102039
0.000215369
0.0011932
0.000190412
0.00121362
0.00019456
0.00128071
0.000146341
0.000179962
0.000815642
0.000144429
0.000119948
0.000400514
0.000850495
0.000555859
6.85658e-05
0.000590067
0.000552055
9.18959e-05
7.86925e-05
0.000108884
0.000695398
8.2221e-05
0.000730958
0.00031406
6.68612e-05
0.000102527
0.000196859
0.000455704
5.26282e-05
5.13673e-05
0.000357396
0.000390297
5.09714e-05
0.000338092
4.92972e-05
0.000267603
0.00025763
4.24487e-05
3.89548e-05
0.00031663
3.95763e-05
6.75108e-05
0.000134869
8.99997e-05
4.09008e-05
4.18218e-05
0.000206985
3.47698e-05
4.1431e-05
0.000195922
0.000145324
0.000116873
2.72756e-05
3.08065e-05
8.44367e-05
2.70886e-05
9.25016e-05
2.91334e-05
0.000139745
3.23919e-05
0.000138566
3.55411e-05
0.000156117
8.80083e-05
2.93321e-05
1.51423e-05
2.14557e-05
0.000147176
2.46135e-05
2.27587e-05
0.000110085
0.000103351
0.000131336
1.98619e-05
8.43874e-05
2.78092e-05
1.58569e-05
5.42885e-05
9.72673e-05
7.45467e-05
2.24182e-05
1.84822e-05
4.54308e-05
8.52072e-05
1.88852e-05
0.000101428
0.000100091
1.70047e-05
0.000156213
1.52836e-05
2.04404e-05
0.000101901
6.48057e-05
2.11233e-05
6.48611e-05
1.38303e-05
1.33217e-05
7.81107e-05
1.06753e-05
7.61484e-05
0.000116151
6.98096e-05
1.21651e-05
1.81243e-05
9.67937e-06
1.39746e-05
2.59325e-05
7.3153e-06
3.15888e-05
3.9556e-05
1.04873e-05
1.0707e-05
1.23213e-05
4.47056e-05
5.60719e-05
5.83829e-05
8.52693e-06
1.04783e-05
1.33003e-05
7.5035e-05
8.28843e-06
3.81841e-05
1.09544e-05
4.7345e-05
8.36554e-06
4.82173e-05
3.21652e-05
7.10816e-06
9.90542e-06
2.88627e-05
1.06272e-05
5.10136e-05
6.42151e-06
7.40127e-06
5.38091e-05
8.66874e-06
3.33025e-05
7.18355e-06
4.37953e-05
9.20566e-06
7.71072e-06
1.03439e-05
5.78775e-05
3.75034e-05
7.23999e-06
3.84502e-05
7.08486e-06
3.33189e-05
7.00674e-06
4.82615e-06
6.0984e-06
2.71858e-05
2.05573e-05
8.67775e-06
3.85141e-05
4.37873e-06
2.50178e-05
3.06564e-05
6.69611e-06
9.47552e-06
4.01434e-05
2.81119e-05
5.36295e-06
1.62353e-05
5.45819e-06
5.92871e-05
6.04336e-06
4.18252e-05
4.27247e-06
6.86806e-06
5.02619e-06
2.94597e-06
2.7299e-05
6.50872e-06
1.91592e-05
1.81826e-05
4.8991e-06
1.61751e-05
5.71299e-06
3.62439e-05
3.03313e-05
5.09624e-06
2.19588e-05
4.76604e-06
3.64354e-05
4.57514e-06
4.53047e-06
1.81208e-05
6.5649e-06
7.57899e-06
5.24909e-06
1.48183e-05
3.50666e-06
1.96464e-05
3.10775e-06
1.78521e-05
1.99353e-05
3.97985e-06
1.93771e-05
4.33238e-06
5.27319e-06
2.39954e-05
2.03133e-05
4.23411e-06
1.75789e-05
4.48723e-06
3.49948e-06
9.51071e-06
2.92804e-06
1.73504e-05
2.509e-06
3.51826e-06
9.90882e-06
3.72062e-06
1.51353e-05
1.77544e-05
3.42352e-06
9.85898e-06
2.42632e-06
2.03109e-05
2.86937e-06
1.13165e-05
2.55522e-06
3.20991e-06
8.97281e-06
2.85102e-06
3.66883e-06
7.60034e-06
1.97731e-06
8.2878e-06
2.65862e-06
