n=32
J=0.707107
eta=1.03797
mu=0.0379747
beta-optimal=0
max-overlap=0
0.00204023
0.0031162
0.00651067
0.000624858
0.00600013
0.00181313
0.00235755
0.000710848
0.00218145
0.00286563
0.00450447
0.00168518
0.00128162
0.000707111
0.000225631
0.000839089
0.0025943
0.00115213
0.00296811
0.000280751
0.00175532
0.00155221
0.0017787
0.000995243
0.00112405
0.00120581
0.00178579
0.00119359
0.00133146
0.00128012
0.00135037
0.000178018
0.00104079
0.000564626
0.00134713
0.000341897
3.55681e-05
1.47079e-05
0.000500073
0.00150106
0.000483743
0.00075325
0.0014292
0.000627475
0.00139221
8.84666e-05
0.000262537
0.000372647
0.000579173
0.000176917
0.000185032
0.000485712
0.000294063
0.000401569
0.000310381
0.000451867
0.000556796
0.000867441
0.000278038
0.000671435
0.00071835
0.000500117
9.67986e-05
0.00026039
0.000101581
0.00033553
0.000305771
0.000102668
0.000223287
0.000489641
0.000484898
0.000292239
0.000362593
0.000630487
0.000344393
0.000696764
0.000229595
3.98365e-05
0.000804591
0.000187123
1.16072e-05
0.000161472
0.000406701
0.000306267
0.000284739
0.000278912
0.000493947
1.53314e-05
0.000346399
0.000292966
4.10045e-05
0.000125043
0.000426307
0.00017051
0.000300234
0.000191355
0.000284335
0.000214406
0.000257141
5.10407e-05
0.000339603
0.000325395
6.57432e-05
0.000205684
0.000450282
0.000243878
0.000202253
7.09519e-05
0.000521782
2.59746e-05
0.000189097
2.31928e-05
2.44708e-05
0.000449848
3.61947e-05
6.92569e-05
4.6657e-05
0.000248733
0.000234797
0.000225873
4.12941e-05
0.000117737
0.00034129
0.000280879
0.00043161
0.000440968
0.000209256
0.000191322
4.72417e-05
4.61275e-05
9.83691e-05
0.000376511
3.13849e-05
4.93995e-05
0.000555954
0.000262727
0.000281879
0.000274703
6.89396e-05
4.37483e-05
0.000103445
0.000298699
5.9482e-05
0.000176999
0.000270708
9.09675e-05
0.000175757
0.000249138
2.11074e-05
7.72592e-05
0.000155876
0.000180311
0.000196923
0.000143057
3.79156e-05
0.000324463
4.97413e-05
0.000154496
5.29902e-07
9.3225e-06
5.54407e-05
5.72851e-05
0.000185786
9.53528e-06
5.40221e-05
7.22518e-06
0.000329625
0.000104701
8.25474e-05
0.000231761
2.39266e-05
0.000124478
1.13204e-06
0.000174255
8.16552e-05
1.82639e-05
1.37034e-05
0.000127118
0.000173128
0.000196843
5.76832e-05
0.000134676
2.42351e-05
2.19341e-05
8.63475e-05
0.000223755
0.000118503
3.93276e-05
9.15415e-05
9.36505e-05
0.000173491
0.000129452
4.78569e-05
2.57976e-05
7.43061e-05
0.000106087
0.000133256
4.21106e-05
2.82201e-05
0.000410491
1.20769e-05
4.41064e-06
8.51786e-05
1.10781e-05
4.22378e-05
4.38923e-05
2.54747e-05
8.31183e-05
0.00010285
0.000153983
0.000201882
9.42491e-05
0.000192651
2.44695e-05
0.000244767
0.000103988
4.4087e-05
7.02395e-05
1.0854e-05
7.53937e-05
8.04086e-05
9.52169e-05
0.000101268
0.000118403
2.67787e-05
0.000126334
6.73269e-05
0.000165318
3.29948e-05
0.000128572
0.000254295
9.1751e-05
9.50795e-05
2.856e-05
0.000120572
2.62769e-05
8.27053e-05
0.000138846
8.86068e-06
0.000118843
0.000124162
2.07892e-05
6.33758e-05
7.03629e-05
0.000208424
0.000119851
0.000210105
8.95538e-05
0.00010892
6.02219e-06
6.54633e-05
0.000292013
0.000187628
8.13772e-05
0.000168106
5.45941e-05
