n=32
J=0.707107
eta=1.21519
mu=0.0911392
beta-optimal=0
max-overlap=0
4.14098e-12
7.70004e-12
9.10076e-12
4.34868e-12
8.58819e-12
6.62504e-12
8.22591e-12
4.59713e-12
3.40977e-12
2.70068e-12
3.26921e-12
2.288e-12
5.92586e-12
6.02576e-12
1.28229e-11
6.93759e-12
5.29352e-12
2.5544e-12
3.17647e-12
3.86474e-12
5.82659e-12
3.28083e-12
5.0338e-12
2.68183e-12
3.37152e-12
2.51313e-12
9.50139e-13
4.21585e-12
1.26149e-12
2.49738e-12
2.17902e-12
3.37478e-12
1.93901e-12
1.13461e-12
1.78739e-12
3.58705e-12
1.41421e-12
2.69118e-12
1.31381e-12
1.01312e-12
2.46628e-12
3.18811e-12
3.52196e-12
3.87286e-12
8.24936e-13
8.0768e-13
7.38888e-13
3.66924e-13
9.29329e-13
6.58041e-13
3.29298e-12
7.53474e-14
7.29655e-13
2.9648e-12
5.38136e-13
7.47836e-13
5.38799e-13
1.01909e-12
1.52744e-12
2.53026e-12
2.61186e-12
1.03984e-12
7.84869e-13
9.40708e-13
1.28825e-12
1.74842e-12
1.58706e-12
7.77192e-13
1.52172e-12
2.07052e-12
7.46402e-13
8.66161e-13
2.79638e-12
3.17536e-13
1.73059e-12
9.01649e-13
7.7989e-13
1.124e-12
3.39512e-13
9.963e-13
2.372e-13
6.15251e-13
3.02994e-12
1.06586e-12
1.92401e-12
1.28767e-12
7.51378e-13
1.74978e-12
9.02777e-13
9.0172e-13
4.73396e-13
1.17281e-12
4.04274e-13
5.07804e-13
2.17738e-12
3.85564e-13
3.70538e-13
3.07836e-13
1.26492e-12
1.07941e-12
7.55918e-13
6.32246e-14
1.3063e-12
6.47001e-13
5.9032e-13
5.82468e-13
4.05604e-13
8.37507e-13
1.22594e-13
3.76727e-13
9.4226e-13
7.39593e-13
4.45329e-13
2.48553e-13
6.29018e-13
9.27182e-13
3.74156e-13
1.45216e-12
2.80974e-13
4.45911e-13
1.76035e-13
8.65387e-13
3.83441e-13
1.84851e-12
1.77751e-13
6.60793e-13
9.27753e-13
5.682e-13
2.59307e-13
1.98627e-13
3.89753e-13
1.47387e-12
1.0011e-12
6.97606e-13
3.81398e-13
4.8148e-13
1.83864e-12
1.07863e-12
1.111e-12
7.30401e-13
5.13793e-13
1.1947e-12
1.81055e-13
1.06473e-13
1.2005e-12
1.02507e-12
1.20938e-12
2.65115e-13
2.08746e-13
1.01233e-12
8.27524e-13
1.22376e-13
7.82099e-13
7.65052e-13
1.82261e-13
1.8937e-12
1.53772e-12
5.00598e-13
8.48098e-13
2.10184e-13
6.66694e-13
7.37745e-13
7.19688e-13
3.87295e-13
1.75215e-13
5.57991e-13
5.43678e-13
2.2652e-13
8.41321e-13
5.7326e-13
9.0504e-13
4.68252e-13
7.49293e-13
9.97777e-13
3.21498e-13
6.73804e-13
4.13062e-13
5.19829e-13
1.06993e-12
5.26582e-14
5.35859e-13
1.82902e-13
6.9081e-13
1.23769e-12
6.13581e-13
1.14104e-12
2.79359e-13
2.93401e-13
8.45059e-13
5.61876e-13
5.84017e-13
4.18246e-13
3.03171e-13
2.70222e-13
7.47038e-13
9.81149e-13
1.47496e-13
2.95539e-13
1.6415e-13
9.73366e-13
8.7891e-14
6.71891e-13
1.0285e-12
6.23692e-15
5.00667e-14
8.5784e-13
1.96301e-13
6.00399e-13
1.14299e-13
2.67618e-13
6.82525e-14
8.91633e-13
3.60281e-13
7.13812e-13
3.7177e-13
1.06347e-12
2.25725e-13
8.21488e-13
7.14156e-13
9.50764e-13
6.19223e-13
1.53441e-13
6.87131e-13
2.46024e-13
3.07007e-13
7.0118e-13
5.85956e-13
6.59869e-13
1.07687e-12
4.75655e-13
1.37208e-12
1.142e-12
1.03664e-12
1.68056e-13
1.01764e-12
2.22002e-13
1.34856e-13
2.74452e-13
3.5071e-13
5.13826e-13
1.60988e-13
8.80826e-13
7.87158e-13
1.4657e-13
2.88079e-13
1.1821e-12
6.08977e-13
7.19181e-13
1.08195e-12
1.56347e-13
3.94982e-13
3.43567e-13
1.57557e-12
6.21446e-13
5.01998e-13
7.30799e-13
