n=32
J=0.707107
eta=1
mu=0.141772
beta-optimal=0
max-overlap=0
0.240314
0.212744
0.20384
0.190081
0.182582
0.181171
0.168455
0.165268
0.153847
0.156139
0.152635
0.144966
0.14075
0.131215
0.141831
0.132767
0.131868
0.127696
0.109299
0.116357
0.111875
0.114535
0.110435
0.110745
0.103332
0.100866
0.0973012
0.0993317
0.0933468
0.0995733
0.0927153
0.0917656
0.0968557
0.0913408
0.0887536
0.0871219
0.0818741
0.0868562
0.0870531
0.0788352
0.0799143
0.0773217
0.0729012
0.0734247
0.073649
0.0705436
0.0687996
0.0693317
0.0683564
0.0697564
0.0665653
0.0643228
0.0682972
0.0653383
0.062679
0.06161
0.0598362
0.0600339
0.0603348
0.0600028
0.0596516
0.0587889
0.0561178
0.0590426
0.0565324
0.055917
0.0573962
0.0536316
0.055441
0.0539157
0.0509902
0.0526423
0.050307
0.0531569
0.0506603
0.0512841
0.0472615
0.0482573
0.0478166
0.0439846
0.0482757
0.0461977
0.0466536
0.0460877
0.0448321
0.0452068
0.0443136
0.0419486
0.0426781
0.0437399
0.0414728
0.0423834
0.0410238
0.0408899
0.0388769
0.0392692
0.039073
0.0396765
0.039437
0.037751
0.0375242
0.0368143
0.0370469
0.034559
0.0352346
0.0348778
0.0361075
0.0352605
0.0340773
0.0338663
0.0332189
0.0342637
0.0344702
0.0328821
0.0320732
0.0325593
0.0307187
0.0312552
0.0322698
0.0299597
0.0316538
0.0302672
0.029308
0.0296894
0.0296584
0.0292509
0.0288735
0.0288566
0.0295669
0.0297919
0.0283892
0.0288112
0.0290353
0.0277018
0.0280462
0.0285656
0.0251397
0.0262969
0.0276824
0.0265566
0.0268406
0.0251845
0.0247579
0.0253681
0.0254401
0.0244322
0.0251464
0.0252004
0.0246342
0.0237354
0.0236696
0.0234286
0.0231116
0.0231549
0.0235969
0.0232787
0.022165
0.0222714
0.0217059
0.0222234
0.0218046
0.0208818
0.0224943
0.0212986
0.021586
0.0215486
0.0209382
0.0204668
0.020871
0.0209774
0.0202086
0.019464
0.0201733
0.0198848
0.0197853
0.0194485
0.0190335
0.0190387
0.0190701
0.0188209
0.0180309
0.0188121
0.017925
0.0183869
0.0180201
0.0174582
0.0178918
0.0175701
0.0171278
0.0177999
0.0170358
0.0162885
0.0171607
0.0171479
0.0160137
0.0167391
0.0165465
0.0163574
0.0159559
0.0161317
0.0163266
0.0156
0.0161071
0.015673
0.015668
0.0155765
0.0157715
0.014577
0.0150826
0.0144568
0.0148881
0.0149864
0.0146923
0.0144902
0.0142445
0.0143763
0.0141398
0.0142823
0.0135855
0.0136903
0.0141517
0.0130883
0.0134697
0.0129111
0.0134562
0.0130582
0.0129613
0.0132077
0.0128633
0.0127664
0.0126518
0.0125374
0.0121836
0.0118241
0.0124584
0.0122849
0.0116685
0.0114928
0.0115402
0.0117136
0.011509
0.0114797
0.0111535
0.0113732
0.0107269
0.0110139
0.0106136
0.0107052
0.0103112
0.0102347
0.00974367
0.00984472
0.0100659
0.00987222
0.0096415
0.00948838
