n=32
J=0.707107
eta=1.03797
mu=0.043038
beta-optimal=0
max-overlap=0
0.000195728
0.017479
0.00911907
0.0100427
0.00844936
0.00732514
0.00270973
0.000751281
0.00139392
0.000385206
0.00129616
0.00355696
0.00247236
0.00417201
0.000120633
0.00163646
0.00344752
0.00207943
0.00225643
0.000142477
0.00141823
0.00307906
0.00171394
0.00029465
0.00121664
0.00076897
0.000108522
0.000868107
0.000131133
0.000742174
0.0019012
0.000186477
0.00088863
0.00063214
0.00109359
0.000517991
0.000225836
0.000364775
0.000378446
0.00126001
0.00025425
6.41192e-07
0.00130742
0.000333357
0.000202918
0.00021501
0.00136673
0.000765665
0.000197293
0.000958516
0.0014981
0.000892712
0.000576307
0.00134452
0.000150457
0.000428956
0.000511452
0.000430696
0.00105213
0.00117457
0.000748866
0.000117536
0.000137596
3.2941e-05
0.0002121
0.00078592
0.00103071
0.000330311
0.0011186
1.05165e-05
0.000857784
0.000564485
0.000241073
0.000298804
0.000546705
0.00115833
0.00026107
1.78593e-05
0.000408509
2.83727e-05
0.000673105
0.000124327
0.000132492
0.000501888
0.000338107
0.000439648
0.000159008
8.01975e-05
5.91051e-05
0.000215811
0.00012613
0.000326254
0.000437444
0.000318577
0.000228732
0.000104676
0.000393427
0.000148962
0.000340043
5.83338e-05
0.0005447
0.000332995
0.000206467
0.000602133
0.000397652
0.000313948
0.000361831
1.23029e-06
0.000660901
0.000149665
0.000394888
0.000113936
6.61463e-05
0.000335577
0.000136354
0.000395464
0.000259938
9.64771e-05
8.28529e-06
0.000438006
0.000303788
9.97817e-05
0.000167481
0.000215397
0.000252115
0.000302391
7.8288e-05
0.000461712
8.91529e-05
0.000130217
4.53005e-05
0.000460478
0.000177068
5.52466e-05
0.000317083
6.13751e-05
0.000521976
0.000144278
0.000251681
8.48899e-05
0.000129806
7.09299e-05
0.00015415
0.00043048
0.000718377
8.40906e-05
0.000437126
6.60116e-05
6.91444e-05
5.04961e-05
0.000348842
6.72619e-05
0.000263988
7.68132e-07
8.84665e-05
5.17869e-05
0.000105603
6.88272e-06
0.000196835
0.000437307
0.000189025
0.000265503
0.00018269
1.81417e-05
6.07982e-05
0.000255045
0.00020137
0.000312452
7.5468e-05
7.2869e-05
0.000265145
4.34421e-05
0.000241825
0.000114053
5.43775e-06
0.000153767
0.000154162
0.000142342
0.000196714
0.000388798
0.000162091
6.05787e-05
8.63538e-05
0.000129381
0.000222437
0.000178912
8.5566e-05
0.000156676
0.000288384
0.000299346
0.000161729
7.94744e-05
6.91413e-05
5.60282e-05
0.000133339
0.000124456
1.6147e-05
5.24365e-05
0.00010727
0.000141818
0.000219244
2.96778e-05
2.08594e-05
0.00015669
3.95285e-05
2.50354e-05
9.6185e-05
4.80893e-05
4.60926e-06
0.000132114
6.34313e-06
8.78676e-05
0.000155269
0.000131218
0.00018057
9.73299e-05
0.000104841
0.000312428
0.000279233
3.34037e-06
6.27747e-05
0.000429386
8.57473e-05
0.000225223
2.80495e-05
4.00982e-05
0.000241945
2.13259e-05
0.000113839
0.000356004
3.42467e-05
9.81602e-05
7.46366e-05
0.000143949
0.000110137
6.95093e-05
0.0001274
2.70752e-05
1.62648e-05
5.91071e-05
0.000126213
0.000196476
0.00016227
0.000135054
2.06305e-05
0.000119793
5.61186e-05
0.000119403
8.57095e-05
0.000159274
4.55659e-05
0.000219088
0.000134913
0.000146865
0.000216977
5.12005e-05
