n=32
J=0.707107
eta=1
mu=0.0151899
beta-optimal=0
max-overlap=0
0.897669
0.163161
0.0795763
0.0295707
0.0543386
0.0238633
0.0383631
0.0160909
0.011334
0.0288525
0.0277897
0.0102245
0.00931863
0.00664513
0.0258867
0.018627
0.00766868
0.00724089
0.0066414
0.0111414
0.00469399
0.0132912
0.00454392
0.00993035
0.00454954
0.00595842
0.00414494
0.00790758
0.00269756
0.00396373
0.00635736
0.00292694
0.00988939
0.00749763
0.00305
0.00589779
0.00241828
0.00298383
0.0073407
0.00357624
0.00304821
0.00200016
0.0015646
0.002453
0.00246755
0.0018461
0.0027937
0.0029158
0.00306274
0.00202322
0.00208238
0.00123869
0.00392758
0.00321655
0.00148836
0.00223048
0.00108208
0.00117594
0.00108946
0.00114928
0.00345292
0.0011534
0.00174708
0.00145225
0.00167346
0.00159222
0.00118336
0.00173365
0.0012802
0.000991538
0.00093988
0.00101009
0.00107431
0.00109567
0.00142546
0.000923977
0.000875009
0.00147143
0.000783746
0.00137229
0.00135088
0.000769561
0.000798519
0.000980436
0.00185762
0.000679098
0.000758777
0.000785145
0.000703715
0.002114
0.000485082
0.00110645
0.000564348
0.00075909
0.000441792
0.000461039
0.000924731
0.000897231
0.000569533
0.000672581
0.000530212
0.000512886
0.000823899
0.000593723
0.000729403
0.000392774
0.000986409
0.00045328
0.000410931
0.000506467
0.000412593
0.000738313
0.000490213
0.000530204
0.000425668
0.000406583
0.0003112
0.00037018
0.000435721
0.000387623
0.000722159
0.000434221
0.000503623
0.0003396
0.000606455
0.000303948
0.00055091
0.000354503
0.000820991
0.000563701
0.000515431
0.000327411
0.000537392
0.000303175
0.000436779
0.000456297
0.000262825
0.000272362
0.000472381
0.000450837
0.0005469
0.00023194
0.00023624
0.000460347
0.000310095
0.000364732
0.000272039
0.000507275
0.000242864
0.000215884
0.00022032
0.00024036
0.000245145
0.000242229
0.000353564
0.000266463
0.000228262
0.000358097
0.000306106
0.000229242
0.000225047
0.000233497
0.000207621
0.000179695
0.000207151
0.000198735
0.000280267
0.000244813
0.000303851
0.000224379
0.000304934
0.00013207
0.000253683
0.000180297
0.000232224
0.000183125
0.000238423
0.000191891
0.000290234
0.000177211
0.000197274
0.000190489
0.00012634
0.000338269
0.00015188
0.000129395
0.000224605
0.000151221
0.000180199
0.000136813
0.000117893
0.000136593
0.000153879
0.000139267
0.000126337
0.000180792
0.000141337
0.000130178
0.000117292
0.00014693
0.000270329
0.000127548
0.000143769
0.000181167
0.000157556
0.000175294
0.000141644
0.000118177
0.000133714
0.000111703
0.000152649
0.000279762
0.000144148
0.000131272
0.000118636
0.000142419
0.00012949
0.000150328
9.97902e-05
0.000176734
0.000119424
0.000120484
0.000137947
0.000160182
0.000157245
9.76641e-05
0.000146063
0.000105321
9.65873e-05
0.000160016
0.000101278
8.38567e-05
0.000122267
8.87047e-05
0.000149272
9.61984e-05
0.000146561
8.23373e-05
0.000100412
9.7143e-05
0.00013397
0.000137761
6.83756e-05
0.000154469
8.31421e-05
0.000166115
8.21822e-05
0.00021967
0.000159112
7.44815e-05
6.57382e-05
6.72447e-05
6.92893e-05
7.28486e-05
6.7936e-05
7.49441e-05
