n=32
J=0.707107
eta=1.11392
mu=0.0987342
beta-optimal=0
max-overlap=0
4.42391e-12
4.82382e-12
2.63789e-12
8.45475e-12
1.20121e-11
1.56095e-12
1.50067e-12
3.3694e-12
5.88091e-13
4.44056e-12
3.20384e-12
7.31341e-12
2.45086e-12
2.39469e-12
2.72601e-12
4.1646e-12
3.54564e-12
1.83902e-12
2.30022e-12
9.61182e-13
3.12657e-12
1.97603e-12
8.05838e-13
7.58884e-13
1.6642e-12
3.2549e-12
1.88404e-12
1.62233e-12
2.87542e-12
4.06373e-12
8.37932e-13
5.85384e-13
9.03668e-13
1.63142e-12
5.84075e-13
1.95097e-12
2.95487e-12
3.01473e-12
3.43654e-12
6.87658e-13
1.28784e-12
2.65388e-12
4.32254e-13
1.04204e-12
1.32813e-12
3.62476e-12
1.66266e-12
1.20629e-12
1.6661e-12
6.92498e-13
1.33259e-12
1.29188e-12
1.37184e-12
6.02373e-13
1.48593e-12
1.618e-12
4.5605e-13
1.74511e-12
9.40902e-13
8.83002e-13
3.57289e-13
1.88014e-12
1.20197e-12
5.38873e-13
6.56998e-13
2.25029e-12
1.29591e-12
2.55988e-12
6.92108e-13
1.47634e-12
2.16499e-13
1.0276e-12
4.11994e-13
1.19586e-12
1.35529e-12
6.06071e-13
5.39129e-13
3.94633e-13
9.78571e-13
9.08976e-13
1.37807e-12
3.95274e-13
2.80408e-13
7.47651e-13
6.93137e-13
2.14808e-13
1.47615e-12
1.36935e-12
3.18325e-13
5.25169e-13
1.07228e-12
2.03351e-13
4.83238e-13
1.07917e-12
4.89743e-13
8.03288e-13
1.19094e-12
8.80795e-13
6.46506e-13
9.42831e-13
4.33338e-13
8.09313e-13
3.84354e-13
9.22686e-13
5.30414e-13
9.09614e-13
4.77739e-13
8.05959e-13
1.49068e-12
5.16403e-13
4.52266e-13
3.30561e-13
7.06828e-14
8.13639e-13
5.14965e-13
7.79119e-13
9.78183e-14
2.7201e-13
4.58036e-13
3.76339e-13
3.92858e-13
4.42234e-13
2.87575e-13
6.18614e-13
8.06922e-13
6.75136e-13
6.51747e-13
4.11266e-13
3.59584e-13
5.11072e-13
2.70124e-13
3.39174e-13
2.23091e-13
7.31887e-13
2.68056e-13
1.05331e-12
5.27026e-13
3.30432e-13
6.06621e-13
9.30324e-13
1.80997e-12
2.15606e-13
7.06211e-13
1.4029e-13
4.44342e-13
6.17159e-13
7.04118e-13
3.34582e-13
9.79662e-13
2.55441e-13
5.80839e-13
1.67231e-13
9.16781e-14
3.69078e-14
2.01129e-13
5.98679e-14
4.86396e-13
7.99183e-13
4.83787e-13
7.12743e-13
4.09221e-13
4.34926e-13
8.86837e-13
1.71681e-13
5.41611e-13
1.44189e-13
4.0528e-13
5.85508e-13
1.94096e-13
2.90465e-13
2.63466e-13
1.53489e-13
2.4637e-13
2.58081e-13
2.29223e-13
4.81428e-13
5.9252e-13
3.01001e-13
2.56706e-13
2.95403e-13
7.10898e-14
4.36385e-13
2.60225e-13
2.35514e-13
5.20199e-13
1.53058e-13
2.70879e-13
2.55862e-13
4.76383e-13
2.06447e-13
4.4026e-13
1.47686e-13
2.01671e-13
6.42426e-14
5.65995e-13
6.48983e-13
2.04596e-13
2.69775e-13
3.11508e-13
7.74649e-13
7.27253e-13
1.69866e-13
2.71257e-13
1.39739e-13
2.97288e-13
4.44029e-13
9.05799e-13
2.69674e-13
7.75515e-14
2.53565e-13
6.48626e-14
1.23107e-13
2.1093e-13
1.0516e-13
9.47653e-14
1.49243e-13
2.12304e-13
3.0081e-13
6.41862e-13
2.86819e-13
2.50298e-13
3.908e-13
8.08589e-13
6.71396e-13
1.08962e-13
3.08469e-13
3.43539e-13
2.88557e-13
3.92161e-13
2.11287e-13
4.69954e-13
7.46132e-14
1.82495e-13
2.57138e-13
3.64435e-13
1.85575e-13
4.40669e-13
1.06524e-13
1.02285e-13
1.98341e-13
1.37374e-13
2.84205e-13
8.56705e-13
2.49616e-13
3.42689e-13
2.45096e-13
3.10516e-13
4.9138e-13
1.3041e-13
2.33382e-13
6.08525e-13
3.07512e-13
2.7387e-13
1.57446e-13
2.89316e-13
2.33675e-13
