n=32
J=0.707107
eta=1.11392
mu=0.0734177
beta-optimal=0
max-overlap=0
1.00922e-11
8.54637e-12
3.73112e-12
8.35705e-13
6.56396e-12
5.13781e-12
4.02549e-12
1.8883e-12
8.33845e-12
5.57102e-12
2.75356e-12
6.52467e-12
6.7163e-12
1.91427e-12
8.65948e-13
3.63833e-12
5.48225e-12
1.42224e-12
2.9449e-12
3.47479e-12
1.7687e-12
5.25716e-12
3.48884e-12
2.71354e-12
2.42833e-12
2.3772e-12
2.54734e-13
1.75606e-12
1.40904e-12
2.44641e-12
6.66558e-13
2.73561e-12
1.147e-12
3.58796e-13
1.41092e-12
1.65083e-12
1.38988e-12
1.56878e-12
7.21848e-13
9.79526e-13
2.77084e-12
2.37877e-12
2.35591e-12
2.87667e-12
2.58937e-12
6.82464e-13
2.13074e-12
1.36319e-12
1.9192e-12
1.66657e-12
1.11195e-12
7.97294e-13
5.73507e-13
1.77256e-12
6.4064e-13
7.49869e-13
8.19582e-13
1.68285e-12
6.18943e-13
1.71769e-12
1.19211e-12
8.77137e-13
4.37455e-13
6.44814e-13
6.04908e-13
2.28928e-12
1.88071e-12
2.97402e-13
1.38372e-12
1.73341e-12
1.01566e-12
6.02008e-13
1.64792e-12
1.45822e-12
1.14706e-12
1.13692e-12
8.17024e-13
5.9882e-13
7.09671e-13
1.67417e-12
1.26146e-12
4.73958e-13
1.14418e-12
5.11115e-13
7.92301e-13
3.00969e-13
8.0646e-13
5.01048e-13
8.61921e-13
7.94086e-13
2.20763e-13
4.34966e-14
3.56208e-13
6.2795e-13
8.63219e-13
8.34045e-13
1.68839e-12
5.7424e-13
5.88287e-13
1.27397e-12
6.53744e-13
8.9653e-13
3.82008e-13
7.37652e-13
2.60571e-13
2.59736e-13
7.50109e-13
4.12553e-13
2.05688e-13
1.20022e-12
5.03388e-13
6.03589e-13
8.58441e-13
1.27037e-12
5.14009e-13
1.11376e-12
4.16653e-13
3.36948e-13
8.22543e-13
1.00703e-12
1.32275e-12
1.10845e-12
8.21674e-13
4.91717e-13
8.13072e-13
4.29801e-13
2.93963e-13
6.4936e-13
2.83126e-13
5.60265e-13
4.49399e-13
8.84426e-13
5.81663e-13
6.5398e-13
3.54077e-13
7.3414e-13
6.37336e-13
4.7796e-13
5.21398e-13
2.35744e-13
4.35802e-13
5.25344e-13
2.05275e-13
6.85254e-13
6.2204e-13
3.99124e-13
8.62281e-13
7.3401e-13
8.71107e-13
2.22674e-14
3.4272e-13
3.3728e-13
2.35531e-13
1.04124e-12
6.52732e-13
2.58637e-13
6.31261e-13
4.73176e-13
1.09869e-12
5.01766e-13
5.22009e-13
6.12841e-13
1.8148e-13
4.19517e-13
5.5443e-13
6.16936e-13
4.17929e-13
4.60849e-13
4.22328e-13
3.76534e-13
6.74315e-13
1.6903e-13
7.19828e-13
2.38296e-13
6.47638e-13
7.33284e-13
1.52331e-13
2.10056e-13
1.77374e-13
4.58258e-13
2.95484e-13
2.10432e-13
4.66344e-13
2.80183e-13
2.09983e-13
5.50619e-13
4.35543e-13
5.25964e-13
2.33822e-13
1.58982e-13
2.92377e-13
6.29654e-14
3.73439e-13
2.92497e-13
3.52672e-13
1.83892e-13
1.45206e-13
3.25813e-13
2.81892e-13
4.68851e-13
2.28173e-13
6.31716e-13
3.66374e-13
3.77249e-13
1.43128e-13
2.21676e-13
3.32061e-13
4.07553e-13
2.75947e-13
4.08413e-13
2.16831e-13
4.40927e-13
7.84247e-14
6.82174e-13
3.28645e-13
1.51261e-13
3.45281e-13
2.71287e-13
3.05758e-13
7.49652e-14
5.42206e-13
2.55439e-13
3.11676e-13
2.11836e-13
1.65242e-13
1.86989e-13
1.42848e-13
2.37757e-14
3.40208e-13
4.7591e-13
5.23288e-13
1.61891e-13
4.69991e-13
4.45403e-14
5.78402e-13
2.93995e-13
6.09635e-13
1.9758e-13
4.25886e-13
9.34114e-14
5.12984e-13
2.33017e-13
3.60912e-13
5.68667e-13
4.71972e-13
2.0394e-13
6.65851e-13
2.97914e-13
4.21896e-13
2.33585e-13
7.32976e-13
8.05107e-13
3.68206e-13
2.26471e-13
4.73158e-13
3.43389e-13
