n=32
J=0.707107
eta=1
mu=0.0177215
beta-optimal=0
max-overlap=0
0.909698
0.170454
0.0870481
0.0355231
0.0292855
0.0509076
0.0477341
0.0124831
0.032062
0.0169734
0.0329178
0.013783
0.00936044
0.0183797
0.0239832
0.00985779
0.00626998
0.0143149
0.015606
0.0053878
0.012752
0.00533466
0.00797544
0.00372889
0.00922929
0.00912208
0.00402503
0.00364533
0.00425426
0.00701033
0.00421655
0.00470165
0.00279706
0.00601913
0.00928838
0.00491164
0.00254169
0.00576855
0.00275568
0.00204886
0.00207609
0.00305796
0.00317467
0.0023793
0.00433665
0.00235206
0.00179077
0.00291848
0.00166274
0.00413018
0.00379131
0.00193979
0.00172982
0.0031429
0.00170077
0.00177034
0.00343133
0.00165759
0.00308263
0.00124307
0.00298547
0.00123615
0.00138992
0.00317446
0.00119166
0.00279697
0.00141725
0.00123513
0.00083073
0.00134029
0.00144199
0.00133866
0.00118071
0.00128382
0.00110789
0.000936165
0.00214172
0.00080734
0.00118486
0.00090599
0.0010012
0.00120012
0.000860677
0.00185363
0.00158769
0.000747841
0.000961061
0.000764965
0.00106646
0.00110636
0.000808371
0.000767746
0.000718002
0.000962146
0.00110792
0.000773371
0.00121499
0.000571585
0.000601177
0.000816822
0.000517257
0.000962009
0.000562097
0.000600954
0.000847781
0.000767134
0.000455711
0.000822916
0.00054732
0.000547067
0.00100195
0.000447768
0.000587592
0.00059519
0.000389512
0.000512757
0.000352727
0.000564734
0.00101485
0.000723531
0.000510301
0.00041632
0.000350076
0.000977369
0.000326958
0.00062571
0.000458114
0.000640579
0.000379564
0.000410277
0.000574466
0.000456069
0.000335387
0.000609689
0.000488549
0.000308126
0.000388895
0.000351717
0.000306208
0.000284121
0.000689409
0.000383871
0.000333221
0.000391533
0.000401301
0.00030506
0.000318216
0.000313151
0.000371697
0.00031168
0.000330809
0.000309037
0.000276239
0.000568563
0.000294054
0.000320345
0.000365615
0.000379205
0.000235206
0.000361149
0.00031523
0.000309598
0.000298243
0.000435261
0.00024498
0.000310792
0.000286734
0.000194786
0.00022825
0.0002547
0.000257601
0.000380267
0.000228906
0.00028556
0.000267525
0.000267905
0.000197196
0.000200342
0.000352132
0.000214696
0.000219789
0.000258248
0.000222627
0.000360569
0.000188541
0.000175031
0.000168865
0.00025042
0.000181693
0.000297797
0.000243701
0.000187876
0.000278897
0.000184919
0.000351772
0.000142402
0.000192093
0.000208576
0.000292228
0.000121748
0.000174156
0.000183299
0.000238889
0.000142883
0.000176733
0.000244756
0.00020039
0.000156957
0.000135817
0.000227305
0.000178956
0.000136263
0.000130993
0.000139021
0.000150968
0.000183507
0.000162265
0.000120805
0.000147026
0.000148112
0.000133134
0.000125179
0.000143386
0.00014396
0.000135571
0.000194633
0.000123984
9.36577e-05
0.000182883
9.21955e-05
0.000137836
0.000123305
0.000159402
0.000121231
9.77581e-05
8.42714e-05
0.000173256
9.16246e-05
0.000172919
0.00011438
8.74228e-05
0.000140285
0.000164271
9.94648e-05
9.74852e-05
0.000126763
8.61885e-05
6.78266e-05
0.000106209
7.11553e-05
0.000116533
9.26485e-05
9.15938e-05
0.000135273
9.09137e-05
7.03988e-05
