n=32
J=0.707107
eta=1.41772
mu=0.0911392
beta-optimal=0
max-overlap=0
1.62684e-12
2.47034e-12
1.59932e-12
1.59082e-12
6.17998e-13
7.35929e-13
1.9012e-12
1.86951e-12
1.75508e-12
2.75169e-12
1.36227e-12
9.64199e-13
9.4473e-13
7.95769e-13
7.29815e-13
7.63502e-13
2.00774e-12
8.07692e-13
1.36246e-12
6.33105e-13
1.06678e-12
1.03472e-12
9.65442e-13
1.03326e-12
1.99878e-12
2.28309e-12
4.52681e-13
9.20881e-13
1.12759e-12
2.68055e-12
2.26465e-12
7.43611e-13
2.32532e-13
1.72767e-13
4.02977e-13
1.00696e-12
1.85518e-12
6.09915e-13
8.04097e-13
6.45566e-13
6.40186e-13
4.40577e-13
8.01821e-13
2.08935e-13
2.60803e-13
1.2132e-12
5.11703e-13
6.07101e-13
1.53595e-12
7.7694e-13
4.90814e-13
2.40411e-13
6.15865e-14
3.75961e-13
7.57176e-13
4.78155e-13
4.62941e-13
8.43375e-13
5.32335e-13
1.30968e-12
1.36455e-12
1.4015e-13
6.49472e-13
2.38531e-13
5.53884e-13
3.12275e-13
2.66385e-13
1.47541e-13
3.32779e-13
6.28477e-13
4.71826e-13
5.57797e-13
3.29982e-13
6.65859e-13
1.44662e-13
8.90023e-13
8.22479e-13
2.35233e-13
2.21428e-13
2.9654e-13
2.74064e-14
4.51835e-13
4.9607e-13
7.86909e-13
3.56503e-13
3.54776e-13
6.43768e-13
1.19235e-12
6.1055e-13
9.63319e-13
3.87465e-13
3.29339e-13
6.84345e-13
7.06021e-13
3.86e-13
6.7937e-13
3.38395e-13
6.38614e-13
2.61535e-13
2.33507e-13
3.76758e-13
9.26613e-13
8.5401e-13
5.79695e-13
3.57769e-13
3.5024e-13
5.2594e-13
2.96115e-13
4.2695e-13
1.49764e-13
2.65675e-13
4.58948e-13
2.70217e-13
2.83846e-13
4.99882e-13
5.23516e-13
1.59676e-13
3.00095e-13
4.75115e-15
5.1053e-13
6.84301e-14
7.86169e-14
7.85791e-13
5.49191e-14
5.5356e-13
4.05775e-13
3.9442e-13
3.6012e-13
1.58303e-13
4.04358e-13
2.66915e-13
1.41077e-13
2.1132e-13
2.24111e-13
5.93331e-13
3.85251e-13
1.24548e-13
4.66125e-13
1.85235e-13
3.47101e-13
2.96124e-13
2.38837e-13
2.65018e-13
9.15853e-14
5.29766e-13
2.61e-13
2.65198e-13
3.43159e-13
2.71187e-13
1.35776e-13
2.5344e-13
1.08992e-13
4.66647e-13
7.37316e-13
5.47078e-14
7.55959e-13
1.31237e-13
2.40756e-13
2.65079e-13
4.04215e-13
8.42497e-13
3.72341e-13
2.15453e-13
2.63364e-14
1.17866e-13
1.16135e-13
6.82128e-13
2.60026e-13
1.49566e-13
5.19489e-13
1.98372e-13
1.97073e-13
2.5671e-13
4.80146e-13
4.59934e-13
1.58801e-13
6.95661e-14
2.15201e-13
3.26039e-13
1.71707e-13
5.32599e-13
3.40616e-13
5.02292e-13
5.02521e-13
4.2127e-13
3.83654e-13
7.77308e-13
1.82149e-13
1.75423e-13
1.05533e-13
8.0775e-14
3.12409e-13
3.54931e-13
4.20381e-13
3.75004e-13
4.93441e-14
3.19196e-13
1.46544e-13
2.22467e-13
2.30805e-13
5.14418e-13
3.88952e-13
2.253e-13
1.60725e-13
5.34374e-13
1.6478e-13
1.40188e-13
9.75872e-14
2.14298e-13
3.16459e-13
4.61009e-13
6.57609e-14
1.62471e-13
2.10847e-13
2.80881e-13
9.83498e-14
1.5565e-13
1.79822e-13
7.6263e-14
3.49943e-14
2.64991e-13
2.60147e-13
1.22277e-13
3.0748e-13
1.30216e-13
5.43889e-14
4.61465e-13
3.30866e-13
2.03786e-13
1.01059e-13
1.27842e-13
3.26892e-13
2.79192e-13
3.37882e-13
2.381e-13
2.57357e-13
5.21148e-13
5.31192e-13
3.06194e-13
2.53895e-13
3.67383e-13
3.11297e-13
8.6778e-14
2.63842e-13
2.81666e-13
2.81537e-14
2.01487e-13
1.95679e-13
2.40012e-13
4.36422e-13
1.32377e-13
3.48363e-13
2.02614e-13
2.22774e-13
2.64189e-13
4.14209e-13
