n=32
J=0.707107
eta=1.89873
mu=0.126582
beta-optimal=0
max-overlap=0
7.88606e-13
4.40886e-13
1.2454e-12
4.22097e-13
8.37483e-13
5.96151e-13
1.00398e-12
2.07769e-13
1.11436e-12
2.07741e-12
5.04225e-13
5.77482e-13
5.37607e-13
1.40185e-13
1.50458e-12
7.08047e-13
8.5774e-13
3.22592e-13
1.24845e-12
1.79042e-13
1.67708e-13
2.80613e-13
3.44264e-13
4.13585e-13
8.50494e-13
3.11648e-13
6.12429e-13
8.47649e-14
7.03312e-13
4.10583e-13
9.53534e-13
7.02472e-14
7.41532e-13
1.06142e-13
9.9852e-13
2.01402e-13
1.19692e-12
4.89769e-13
1.88964e-13
6.1931e-13
4.73123e-13
2.9168e-13
2.58709e-13
3.27127e-13
6.10886e-13
8.41654e-13
6.27886e-13
4.22755e-13
6.37492e-13
5.49589e-13
2.92286e-13
2.88777e-13
1.64637e-13
3.23153e-13
4.52004e-13
3.89833e-13
2.8338e-13
1.46933e-13
6.22294e-13
3.80046e-13
9.98721e-13
3.21461e-13
5.12483e-13
1.26392e-13
4.28454e-13
1.55924e-13
2.21887e-14
5.37355e-13
6.48803e-13
2.29163e-13
7.29641e-13
2.70554e-13
2.4927e-13
4.11117e-13
4.83659e-13
3.07259e-13
2.64185e-13
2.85972e-13
7.70177e-13
4.22136e-13
6.94627e-13
6.74261e-13
1.72501e-13
5.57387e-13
2.57627e-13
5.41757e-13
2.79859e-13
9.01455e-13
3.53339e-13
1.57751e-13
2.5121e-13
3.39495e-13
5.56312e-13
4.3076e-13
3.37906e-13
2.98512e-13
1.37028e-13
1.35871e-13
1.14626e-13
2.54481e-13
5.33981e-13
4.99529e-13
9.97167e-14
2.19618e-13
5.16911e-14
1.34742e-13
8.90309e-13
2.11548e-13
3.17722e-13
3.89788e-13
1.71155e-13
2.47767e-13
3.58398e-13
4.74539e-14
3.69655e-13
1.24761e-13
1.28933e-13
3.50686e-13
1.16324e-13
1.65904e-13
1.94501e-13
1.80414e-13
5.19477e-13
2.17081e-13
4.06933e-13
4.32274e-13
4.40671e-13
1.91187e-13
8.32364e-14
3.74029e-13
1.54309e-13
2.15357e-13
2.0806e-13
3.39009e-13
6.33819e-13
1.74268e-13
2.14794e-13
1.66129e-13
2.47673e-13
2.509e-13
9.45962e-14
2.5531e-13
4.62878e-13
1.3394e-13
2.10877e-13
1.59915e-13
1.03092e-13
1.09401e-13
1.82199e-13
9.11388e-14
3.18499e-13
1.36031e-13
5.00743e-13
1.53662e-13
2.49973e-13
4.09522e-13
2.45907e-13
2.79465e-13
1.22516e-13
6.29114e-13
2.63866e-13
7.56409e-14
2.04287e-13
3.6214e-13
2.41341e-13
1.83133e-13
1.46492e-13
3.47307e-13
1.95609e-13
2.83281e-13
1.56348e-13
2.99931e-13
3.05347e-13
8.52976e-14
6.53656e-13
9.79391e-14
2.48613e-13
2.87477e-13
8.89816e-14
6.80649e-13
7.7941e-14
3.33738e-13
3.06524e-13
4.69809e-13
2.9325e-13
7.60047e-14
6.98536e-13
7.72253e-14
3.49055e-13
1.74467e-13
3.06726e-13
1.48201e-13
1.15564e-13
6.36014e-13
4.39341e-13
2.46738e-13
5.27189e-13
2.09195e-13
3.63364e-13
2.79317e-13
3.76507e-13
8.6001e-14
3.12765e-13
4.30846e-13
6.58865e-13
1.70345e-13
1.5408e-13
4.23047e-14
2.82354e-13
1.37117e-13
3.65227e-13
7.67541e-14
3.41541e-13
7.24228e-14
2.2023e-13
3.51788e-13
1.40494e-13
1.90534e-13
2.67119e-13
1.03766e-13
2.83175e-13
2.04444e-13
1.40421e-13
1.69328e-13
9.18167e-14
1.35875e-13
1.665e-13
1.47077e-13
3.06345e-13
4.61314e-13
2.18378e-13
2.82998e-13
1.73905e-13
4.40769e-14
5.40357e-14
1.46527e-13
7.63315e-14
6.66221e-14
4.04636e-13
3.06788e-13
2.24906e-13
3.28397e-14
2.03724e-13
2.09756e-13
2.23002e-13
8.6034e-14
1.15432e-13
1.33852e-13
2.92545e-13
6.02648e-13
2.24245e-13
4.30657e-13
3.30807e-13
1.91606e-13
3.02223e-13
4.24385e-13
