n=32
J=0.707107
eta=1.13924
mu=0.0607595
beta-optimal=0
max-overlap=0
0.00149027
0.00171324
0.00197073
0.00259007
0.0010187
0.00215143
0.00482258
0.00282651
0.000590032
0.00164674
0.000305601
0.000895074
0.000830257
0.00149077
0.000874717
0.0019806
0.000177637
0.000368738
0.000454681
0.00315603
0.00105318
0.0011017
0.000602096
0.000433904
0.000487681
0.0003185
0.0007047
0.00154568
0.00153266
0.000323822
0.000165697
0.000263855
5.52502e-05
0.0018656
0.00020417
0.000712167
0.00024343
0.00174
0.000437535
0.00026432
0.00047003
0.000425343
0.000291603
0.000916598
0.00132022
0.000316035
0.00127318
0.000529932
0.000240761
0.000732636
0.00156761
0.00151326
0.000480383
0.00112723
8.8785e-05
0.000327017
0.000579053
0.000961586
0.000863092
0.000625451
0.000531531
0.00119171
0.000672302
0.000383984
0.000836994
1.84542e-05
0.000513962
1.9629e-05
0.000178322
8.57463e-05
0.0013315
0.000109618
3.79778e-05
0.000434677
0.000709703
6.12687e-05
0.000270641
0.000573846
0.000484278
0.000280712
0.000133315
0.000921696
0.000489844
0.000149525
0.000146892
0.00050013
0.000954943
0.000789787
0.000139907
0.000429558
0.000343442
0.000151089
0.000200732
0.000891345
0.000541542
7.40127e-05
0.000285787
0.000784601
0.000435213
0.000322029
0.00036674
0.000241613
0.000343101
0.000214414
0.00033378
2.94189e-06
0.000181268
0.000194569
0.000175595
5.74157e-05
0.000180512
0.000236949
0.000398097
0.000746624
0.000742978
0.000648955
2.27062e-06
0.000142437
4.39676e-05
0.000122965
0.000101021
0.000664791
0.000847144
0.000166083
0.000359676
0.000430961
0.000358995
0.000304941
0.000374668
0.000319667
0.000664819
7.0981e-05
0.000125605
0.000381215
0.000218124
0.000235329
0.000234122
8.14948e-05
0.000523559
9.67148e-05
0.000150055
1.67778e-05
2.23159e-05
0.000567299
0.000146239
0.000201902
2.0161e-05
0.000301489
0.000223883
7.73619e-05
2.14532e-05
0.000234182
0.00030938
0.000273694
0.000232429
0.000383459
0.000145544
4.56706e-05
0.000142668
5.80455e-05
7.28673e-05
0.000442186
3.18567e-05
0.000723966
0.000198026
0.00048038
0.000165937
9.82964e-05
6.6241e-05
3.12158e-05
8.58094e-05
0.000204849
0.000126419
4.93163e-05
1.3938e-07
1.13095e-05
5.33276e-05
4.7462e-05
0.000277254
6.67083e-05
9.14927e-05
0.000332624
0.000327134
0.000121718
9.83852e-05
0.000129289
0.000167583
0.000300114
2.7281e-05
9.08622e-06
0.000139323
2.22451e-05
7.60681e-05
0.000231897
7.02682e-05
4.91696e-06
0.000223802
2.59076e-05
0.000304938
0.00011105
0.000323382
0.000210982
9.21123e-05
0.000445365
0.00019101
0.00024406
2.40967e-05
0.000261374
0.00030009
0.00023711
4.06786e-06
0.000194826
0.000111836
0.00021613
0.000176794
0.000205314
0.000179121
0.000209959
5.70711e-05
0.000288587
6.89207e-05
7.8418e-05
0.000115935
0.00022872
3.67745e-05
0.000204623
6.56644e-05
0.000136567
0.000358034
0.000343204
0.000101028
0.000180022
0.000162662
1.69164e-05
1.48081e-05
7.49388e-05
5.26042e-05
0.000219024
0.000230922
5.57064e-05
0.00046514
0.000518426
9.41096e-05
0.0001978
0.000199802
0.000141952
0.000210092
0.000216272
0.000166362
0.000116899
0.000217607
0.000236704
0.000274239
0.000172797
0.000420653
0.000247201
