n=32
J=0.707107
eta=1
mu=0.0177215
beta-optimal=0
max-overlap=0
0.931107
0.150545
0.0511882
0.018832
0.0340206
0.0135081
0.0334158
0.0117135
0.0269269
0.00958599
0.0271235
0.0259006
0.00732589
0.00663249
0.00680158
0.0165756
0.0067326
0.0116657
0.00528525
0.0111029
0.0101019
0.0137812
0.00538049
0.00450501
0.00932418
0.00588126
0.0107484
0.00405248
0.00923177
0.00273398
0.00642191
0.00301891
0.00984827
0.00409377
0.00267559
0.00500975
0.00249759
0.00250569
0.00735968
0.00185174
0.00241247
0.00337171
0.00196772
0.00358069
0.00182547
0.00551127
0.0029615
0.00203712
0.00174019
0.00313647
0.00660665
0.00153348
0.00214645
0.00189084
0.00144881
0.00140012
0.00195144
0.00122045
0.00178955
0.00260701
0.00116061
0.00122071
0.00317679
0.00100657
0.00103879
0.00176576
0.00163593
0.000992803
0.000971575
0.002178
0.00100084
0.00178314
0.000908693
0.0018351
0.00105167
0.000569547
0.000912987
0.00188336
0.00161886
0.000756991
0.00108053
0.000813804
0.00115841
0.000833352
0.000648256
0.0012221
0.000756437
0.00181666
0.000601394
0.000857686
0.000982137
0.000712223
0.00102517
0.000527125
0.00110949
0.00061905
0.00088929
0.000546247
0.00102302
0.000565614
0.00042986
0.00126062
0.000845366
0.000462718
0.000550889
0.00140171
0.000450318
0.000600027
0.000841051
0.000451951
0.000382743
0.000376562
0.000432124
0.000882225
0.000436525
0.00079882
0.000563491
0.000356262
0.000449582
0.000693401
0.000439956
0.000520919
0.000285758
0.000410311
0.000314655
0.000736464
0.000572868
0.000329375
0.000373025
0.000391721
0.000398046
0.000494643
0.000402238
0.000309146
0.000322517
0.000476981
0.000350527
0.00040904
0.000353353
0.000270824
0.000628093
0.000326392
0.000327284
0.000258245
0.000392887
0.000264385
0.000472398
0.000287082
0.000437978
0.00023937
0.000370798
0.00023186
0.000375654
0.000286032
0.000268253
0.000530487
0.000224571
0.000387296
0.000244594
0.000249858
0.000263599
0.000247579
0.000234302
0.000195978
0.000296127
0.000209522
0.000175293
0.000271253
0.000296406
0.000372273
0.000294439
0.000202738
0.000175632
0.00016855
0.000181949
0.000165572
0.000121396
0.000182269
0.000151844
0.000162791
0.000181172
0.000208834
0.00022287
0.000428292
0.000172418
0.000299345
0.000196885
0.000116531
0.000152357
0.000165436
0.000108471
0.000156217
0.000168959
0.000231133
0.000193319
0.000242336
0.000248026
0.000121979
0.000149634
0.000176384
0.000149573
0.0001499
0.000153068
0.00017694
0.000151471
0.000188423
0.000144034
0.000144488
0.000123314
0.000135139
0.000117863
0.000155246
0.000132577
9.83124e-05
0.000165358
0.00010905
0.000244425
0.000105893
0.000125458
0.000122908
0.000148162
0.000104818
8.82534e-05
0.000142509
9.97936e-05
0.00019634
0.000102849
0.000121046
0.000175878
0.00010069
0.000113576
0.00012359
0.000127422
0.00015028
0.00010213
0.000110231
9.68732e-05
8.75715e-05
9.03855e-05
0.000152284
8.54568e-05
0.00010241
0.000142498
9.47684e-05
9.49851e-05
9.35124e-05
7.61009e-05
0.000119217
9.23386e-05
5.82036e-05
7.13373e-05
0.00013691
0.000138086
7.78579e-05
0.000117953
6.57271e-05
