n=32
J=0.707107
eta=1.56962
mu=0.103797
beta-optimal=0
max-overlap=0
2.8466e-12
7.70351e-13
2.2372e-12
2.38045e-12
1.28372e-12
1.14466e-12
1.30729e-12
2.75677e-12
1.68494e-12
2.59906e-12
2.1175e-12
1.39395e-12
1.97001e-12
8.5036e-13
2.97387e-12
7.5551e-13
1.05632e-12
5.08104e-13
1.32021e-12
9.29569e-13
8.92524e-13
4.06517e-13
1.82684e-12
1.39029e-12
7.12825e-13
1.30528e-12
2.02678e-12
6.01555e-13
6.27421e-13
3.62733e-13
6.19541e-13
3.9668e-13
1.87752e-12
7.88815e-13
4.39936e-13
5.14857e-13
8.34224e-13
6.13389e-13
2.20281e-13
1.23599e-12
2.27407e-12
7.11733e-13
2.65069e-13
6.97925e-13
7.56974e-13
7.63927e-13
4.41843e-13
3.16603e-13
1.37075e-13
8.58327e-13
9.40063e-13
9.47956e-13
6.48831e-13
4.70765e-13
1.37955e-12
1.73194e-13
1.6051e-12
1.96883e-12
2.00917e-12
8.45038e-13
7.33335e-13
1.34919e-12
1.15322e-13
4.00768e-13
1.95524e-12
3.12288e-13
1.59987e-12
4.15823e-14
8.32572e-13
7.87313e-13
7.43537e-13
5.92093e-13
4.0927e-13
2.13109e-13
2.60177e-13
8.07205e-13
7.34606e-13
6.25495e-13
9.0559e-13
9.16271e-13
1.66435e-12
1.26592e-12
5.82209e-13
1.00431e-12
4.73053e-13
1.07885e-12
1.48769e-12
1.18872e-12
1.03305e-13
3.62567e-13
1.07486e-12
1.09659e-13
4.72212e-13
7.85207e-13
2.48245e-13
6.21068e-13
4.67969e-13
1.10353e-12
5.86328e-13
4.88156e-13
4.30669e-13
2.43547e-13
9.08698e-14
8.20674e-14
2.03169e-13
3.33159e-14
4.82964e-13
3.59569e-13
9.47329e-13
1.88829e-13
5.0428e-13
6.09146e-13
5.36104e-14
3.04006e-13
7.44443e-13
7.18507e-13
2.2806e-13
2.64233e-13
6.36835e-13
1.1026e-12
1.8254e-13
4.16448e-13
4.36062e-13
2.51558e-13
2.29751e-13
1.02473e-13
4.09915e-13
6.23502e-13
1.08021e-13
1.73274e-13
1.27336e-12
1.5207e-13
1.29859e-13
7.97427e-13
5.54479e-13
2.15224e-13
5.95e-13
2.41635e-13
2.47057e-13
3.40676e-13
1.41587e-13
6.51705e-13
4.64994e-13
6.96226e-13
1.48672e-13
2.74428e-13
4.4727e-13
9.62609e-13
1.82882e-13
3.65273e-13
8.67666e-13
2.56791e-13
2.56704e-13
1.63098e-13
4.41096e-13
1.29813e-13
6.66741e-13
1.03101e-13
3.24052e-13
7.89571e-13
3.35943e-13
6.23206e-13
6.11494e-13
3.99667e-13
1.69888e-13
1.52544e-13
3.53331e-13
3.24233e-13
9.28357e-13
1.04588e-12
3.07323e-13
2.4799e-13
1.11874e-13
7.326e-13
1.63833e-13
3.26096e-13
3.92941e-13
2.13519e-13
9.51499e-13
1.05894e-13
2.81011e-13
3.6677e-13
8.22108e-13
5.16451e-13
2.82129e-13
7.18223e-13
2.86748e-13
2.34537e-13
7.73085e-14
2.32581e-13
1.1371e-13
3.70761e-13
4.14546e-13
4.70824e-13
2.62166e-13
9.09737e-13
8.09942e-14
5.38915e-13
4.91299e-13
6.76637e-13
2.07925e-13
5.7727e-13
1.56857e-13
5.28235e-13
7.07415e-13
4.19749e-13
1.35296e-13
3.54868e-13
1.07898e-13
1.02572e-13
1.96265e-13
5.965e-13
9.4205e-13
4.09586e-13
3.66339e-13
1.6317e-13
3.71534e-14
4.74767e-13
2.11572e-13
2.42079e-13
2.88118e-13
1.78004e-13
4.93244e-13
5.10634e-13
3.56476e-13
5.22019e-13
2.80295e-13
3.15326e-13
2.04277e-13
7.31032e-13
3.8646e-13
1.63404e-13
8.06327e-13
2.95925e-13
1.87554e-13
3.43437e-13
2.45944e-13
3.47973e-13
6.31577e-13
4.65499e-13
1.05869e-13
6.13501e-13
1.16661e-13
6.3701e-13
3.87051e-13
4.76195e-13
2.43781e-13
1.32585e-13
5.39263e-13
8.3904e-13
6.83996e-13
4.68135e-13
2.34909e-13
1.95643e-13
4.50985e-13
2.49773e-13
