n=32
J=0.707107
eta=1.49367
mu=0.078481
beta-optimal=0
max-overlap=0
0.00087622
0.00191892
2.7433e-05
0.00198503
0.00078952
0.0001432
0.00090981
1.61316e-05
0.00134174
0.000960193
0.000639504
0.000263749
0.000631196
0.000704773
0.00198468
0.000765389
0.00372759
0.000795998
0.000364265
0.00124675
0.000456218
0.000579483
0.000202844
0.000164294
0.000193208
9.47748e-05
0.000559057
0.00114602
0.00025473
0.00102594
0.00066605
0.000858453
0.000164478
0.000334639
0.000436874
7.89249e-05
0.000429167
0.000521217
0.000993451
0.00045079
0.000228996
0.000925081
0.000411438
0.000916192
0.000116853
0.000309051
0.000570316
0.000847688
9.43531e-05
0.0001186
0.000587281
0.000701959
0.000160326
6.38588e-05
0.000673359
0.000306268
0.000626309
0.000971325
0.00113047
0.000979665
0.000133862
0.000999975
0.000648863
5.15762e-05
0.000781204
0.000311456
0.000441072
0.000232584
0.000183048
1.17111e-05
8.44727e-05
0.000595059
0.000109702
0.000383076
0.000601867
0.000518328
0.000656217
0.000251979
0.000318418
0.00119625
1.47933e-05
0.000283212
0.000106011
0.00023567
0.000124361
6.69001e-05
0.000609264
0.00012462
0.000442724
0.00012771
0.000281578
0.000341751
6.94542e-05
0.000375795
0.000325906
0.000496595
0.000333317
9.70947e-05
0.000311673
0.000162142
0.000227134
0.000314384
0.000115
0.000128324
0.000683492
0.000129177
0.000562459
0.000228575
0.000124044
0.000415703
0.000145754
0.000585245
0.000222973
3.49568e-05
7.08803e-05
9.36483e-06
0.000235238
0.000198901
0.00014274
4.84962e-05
0.000356415
0.000150428
0.000338535
0.000480252
6.28018e-05
0.000238777
2.09944e-07
4.16815e-05
0.000406021
0.000383377
0.000422393
8.87866e-05
0.000246357
2.24598e-05
0.000329293
1.41061e-05
9.4922e-05
0.00052138
0.000248577
0.000648175
0.000207705
0.000102776
0.000534972
4.33214e-05
5.777e-05
0.000378375
0.000913231
0.000608386
3.22962e-05
0.000573233
6.16061e-05
0.000233472
0.000254298
0.000124575
0.000325257
0.000460374
0.000315532
0.000333819
0.000311114
0.00069959
0.000390582
4.06066e-05
0.000796021
0.000202178
0.000178878
0.000225621
0.00043994
0.000109304
0.000202839
0.000908449
5.40046e-05
0.000303715
0.000229608
0.00026473
2.49744e-05
0.000188814
0.000222034
2.05085e-05
0.000123063
0.000282513
0.000143812
0.000247769
0.000116088
0.000257097
7.75071e-05
0.000141964
0.000188797
0.000145642
2.71143e-06
0.000161268
0.000298299
0.000351312
0.00021809
0.000271417
0.000109187
0.000144296
0.000637434
0.000332168
0.000848614
0.000432192
1.63963e-05
5.84764e-05
9.95348e-05
0.000390356
7.95633e-05
0.000401581
0.000205041
0.000236194
8.53534e-05
0.00011302
0.000158116
0.000554736
5.53789e-05
9.98236e-05
0.000229958
0.000209881
0.000182784
0.000101079
0.000162131
5.50865e-05
8.98287e-05
4.02555e-05
0.000173412
0.000125634
0.000708499
1.74268e-05
0.000243864
0.000343876
4.37359e-05
5.18646e-05
0.000585214
0.000124332
0.000487434
0.000152107
2.27809e-05
7.96922e-05
0.000166969
0.00010982
0.000203946
0.000422154
0.000392323
0.000269247
0.000142233
5.78971e-05
0.000432183
0.000320978
0.000466271
5.44383e-05
0.000462606
0.000576718
0.000339132
0.00030156
1.88375e-05
0.000453481
0.000407386
0.000271314
