n=32
J=0.707107
eta=1.21519
mu=0.136709
beta-optimal=0
max-overlap=0
0.00634569
0.00114176
0.00226558
0.0027163
0.00178299
0.00079513
0.00522342
0.00295384
0.00375458
0.0022901
0.00230081
0.00222643
0.00194118
0.000589338
0.000843083
0.000375198
0.0034278
0.00166441
0.00257116
0.00221205
0.00279004
0.000871513
0.00271298
0.00206986
0.000456946
0.000846623
0.00167405
0.000234039
0.00117696
0.000531033
0.001582
0.000544111
0.00170228
0.00101692
0.000808793
0.000305534
0.000326208
0.000101
0.00152038
3.22256e-05
0.000299233
2.05498e-05
0.000412107
0.000445329
0.00112724
0.000186685
0.00116605
0.00101754
0.0013419
0.000216892
0.000420553
0.000589032
0.00148877
0.000484239
0.00132041
0.000124472
5.49415e-05
0.000959867
0.000560706
0.000660243
0.00143128
0.000737795
0.000547668
0.00022402
0.000236592
0.000355775
0.000220304
0.000800788
0.00141625
0.000595583
0.000639237
0.000901573
0.000724135
0.000908804
0.00100658
0.000396358
0.00105271
0.000254794
0.0017939
0.000458504
9.90414e-05
0.000311514
0.000247755
0.000263859
0.0003795
0.00117959
0.000570022
0.00137571
0.000905114
0.000422103
0.000546885
0.000321826
0.000520449
0.000528637
0.000122183
1.03898e-06
0.000387765
0.000279253
0.000685267
7.15045e-05
0.000806418
0.000305159
0.00068575
0.000239485
0.00056281
0.000747164
0.00124168
0.000267266
0.000603889
3.08803e-06
0.000204907
4.80896e-05
0.000163538
0.000849771
0.000194147
0.00127476
0.000380079
0.000408886
0.000559212
0.00145194
0.000553183
0.000135526
0.000807236
6.04231e-05
1.09797e-05
0.000656199
0.000265101
6.85758e-05
0.000232353
7.92882e-05
0.000620603
0.000669518
0.0005645
0.000360225
0.000690272
0.000446592
0.000228939
0.000399836
9.23282e-05
0.000189835
0.000286679
0.00112528
0.000387208
0.000523622
0.000149924
0.000364966
0.000215104
0.000273394
0.000196073
0.000181594
0.000316776
0.000240765
0.000424276
0.000638845
0.000644092
0.000576376
0.00037986
0.000449548
8.46346e-05
0.000193597
0.000183963
0.000601035
9.38423e-05
0.000620138
0.000285498
0.000185679
0.000295036
0.000427211
7.11585e-05
7.23425e-05
0.000332712
0.000145738
0.000255094
0.000213887
0.000353833
0.000590286
0.000385698
2.65508e-05
0.000478816
0.000147081
0.00043182
0.000155855
0.000425204
7.84018e-05
0.000364023
0.000272205
0.000167805
0.000279602
0.000566997
0.000225256
0.000512167
5.64825e-05
0.000318885
0.00020778
0.000696361
0.000284306
0.00021373
0.000397303
6.53834e-05
3.50266e-05
0.000272874
4.66388e-05
9.81439e-05
0.000133944
0.00034938
2.27041e-05
0.000413442
5.56516e-05
0.000490939
4.34897e-05
0.000452234
0.000282315
2.61944e-05
0.000267734
8.83511e-05
9.15045e-05
0.000536546
0.000596789
0.000159713
2.01304e-05
0.000205279
3.03786e-05
0.000567503
9.56513e-05
6.66338e-05
5.00818e-05
0.000301704
0.000160994
0.000204187
0.000295825
0.000509521
6.73784e-05
9.11226e-05
0.000124379
9.52118e-05
6.38031e-05
0.000166328
0.000241209
0.0002181
0.000378733
0.000137559
0.000117951
0.000494354
0.000581665
0.000795685
0.000567015
0.000942086
0.000260957
0.000540532
0.000151584
0.000473482
0.000142674
0.000142565
0.000347166
0.000115172
3.59101e-05
