n=32
J=0.707107
eta=1.39241
mu=0.0734177
beta-optimal=0
max-overlap=0
0.000513439
0.00200794
0.000465637
0.00155154
0.000594565
0.00139576
0.000740809
0.00059238
0.00125994
0.000881629
0.000943149
0.000877241
0.000158683
0.00112494
0.0021798
0.000508765
0.00455018
0.000906666
3.04024e-05
0.000562929
0.00097012
0.000264938
0.000494485
0.000513698
0.000306829
6.03073e-05
0.000650021
0.00124775
0.000230279
0.000850092
0.00115388
0.00068204
2.87581e-05
0.00026282
0.000689582
6.81779e-05
0.000619843
0.000344857
0.000874255
0.000793996
0.000209843
0.000652442
0.000340567
0.000872606
0.000359673
0.000561333
0.00073312
0.00100173
4.40714e-05
4.61563e-05
0.000771054
0.00040898
0.000304441
0.000535728
0.000656251
9.12226e-05
0.000397137
0.00109509
0.000994224
0.000728576
0.000349235
0.000707186
0.000701813
0.000231128
0.000677628
0.000247326
0.000382532
5.87008e-05
0.000393008
0.000285038
0.000229764
0.000451467
9.7192e-05
0.000499175
0.000675553
0.000397503
0.000721082
0.00020863
0.000245262
0.0010556
0.000263665
4.62421e-05
0.00010238
0.000636684
6.01237e-05
0.000243645
0.000498733
0.000201827
0.000378621
0.000440003
0.000377059
0.000365727
5.93166e-05
0.000280103
0.000160553
0.000510834
0.000372157
0.000112852
0.000417976
0.000287416
0.000293029
0.000458418
0.000217493
0.00018402
0.000612935
0.000250491
0.000473675
0.000109274
9.80933e-06
0.000533932
0.000370962
0.000462594
0.000306636
0.00013918
0.000171741
0.000215452
0.000343721
0.000222758
0.000131049
0.000111425
0.000399956
8.01941e-05
0.000199924
0.000361164
0.000102199
0.000111469
4.97064e-05
6.01746e-05
0.000296084
0.000198573
0.000436454
0.00028757
0.00036642
6.21501e-06
0.000371413
4.22582e-05
9.39131e-05
0.000612756
0.000219702
0.000553674
9.65011e-05
4.24228e-05
0.000623922
4.99783e-05
9.58871e-05
0.000364913
0.000931196
0.000437827
2.64472e-05
0.000458837
2.95831e-05
0.000124505
0.000137602
0.000264174
0.000334462
0.000457838
0.00032624
0.00029744
0.000359284
0.000560733
0.000457839
0.000167108
0.000794756
0.000198321
0.000183151
0.000307024
0.000398279
0.00010291
0.000123097
0.000934418
0.00018113
0.000297377
0.000178176
0.000321541
2.7765e-05
0.000299682
6.93168e-05
0.000220391
3.30104e-05
0.000421819
0.000140731
0.000236862
2.88629e-05
0.000247835
5.27187e-05
1.96664e-05
0.00018998
0.000174074
3.90949e-06
0.000138805
0.000145921
0.000275158
0.000123365
0.000273559
0.000130931
0.000133011
0.000431138
0.000267341
0.000902721
0.000329816
5.98555e-06
0.000162596
9.03724e-05
0.000392015
0.000134277
0.000211709
0.000203879
0.000286774
9.83016e-05
8.06984e-05
0.000126496
0.000441547
0.000194592
9.60799e-05
0.000161783
0.000135789
0.00010905
2.20505e-05
0.00015152
6.28591e-05
2.91434e-06
7.34418e-05
8.75994e-05
6.92981e-05
0.000802332
6.20648e-05
0.000266135
0.000290681
0.000101413
0.000107076
0.000494625
0.000173855
0.000310068
7.54116e-05
0.00013838
3.45734e-05
0.000233223
6.91778e-05
1.45612e-05
0.000402773
0.000329892
0.000285046
1.24015e-05
0.000141842
0.000335766
0.000277088
0.000320077
3.62498e-05
0.000435597
0.000591528
0.00018355
0.000337437
0.00010621
0.00046629
0.00034875
0.000284257
