n=32
J=0.707107
eta=1.01266
mu=0.0455696
beta-optimal=0
max-overlap=0
1.43657e-09
1.56676e-09
1.06731e-09
9.36049e-10
7.65157e-10
5.95607e-10
6.12691e-10
4.86434e-10
3.45144e-10
3.6606e-10
3.57784e-10
3.14218e-10
3.77868e-10
3.26416e-10
2.23041e-10
3.12596e-10
2.17747e-10
2.45055e-10
2.67874e-10
2.06832e-10
1.57286e-10
2.11315e-10
1.47824e-10
1.99104e-10
1.73137e-10
1.66611e-10
1.54584e-10
1.13146e-10
1.41651e-10
1.33288e-10
1.24735e-10
1.18863e-10
1.42278e-10
8.54939e-11
1.09917e-10
1.20553e-10
1.00591e-10
7.74833e-11
7.10382e-11
8.31025e-11
6.44828e-11
7.47443e-11
7.49336e-11
6.86339e-11
7.75549e-11
9.27094e-11
8.77362e-11
6.04286e-11
5.86435e-11
6.69885e-11
5.98377e-11
4.84707e-11
4.43525e-11
6.66153e-11
6.09968e-11
5.76137e-11
4.3224e-11
6.0895e-11
5.97519e-11
5.5459e-11
6.23607e-11
4.41131e-11
5.47516e-11
4.74589e-11
2.92989e-11
4.64555e-11
3.94608e-11
3.48247e-11
4.19702e-11
4.8906e-11
2.77322e-11
3.06208e-11
3.67673e-11
4.82256e-11
2.76677e-11
5.33705e-11
2.6142e-11
3.62092e-11
4.07295e-11
2.76777e-11
3.14301e-11
3.16175e-11
2.32916e-11
3.41888e-11
3.14212e-11
2.06067e-11
2.53006e-11
3.46094e-11
2.56182e-11
2.9635e-11
2.50989e-11
2.12533e-11
4.00193e-11
2.72202e-11
2.3243e-11
1.97192e-11
2.60521e-11
2.13607e-11
3.19214e-11
2.74903e-11
2.49252e-11
2.19304e-11
2.60594e-11
2.38645e-11
2.24736e-11
2.27694e-11
1.646e-11
2.3096e-11
2.2234e-11
1.77156e-11
2.25787e-11
2.07717e-11
1.86406e-11
2.169e-11
1.70283e-11
2.5257e-11
2.08385e-11
1.37849e-11
1.81209e-11
1.38613e-11
1.78007e-11
1.2778e-11
1.97456e-11
1.3694e-11
1.69827e-11
2.059e-11
1.76085e-11
1.15718e-11
1.29712e-11
1.735e-11
1.67991e-11
1.66763e-11
1.46689e-11
1.57172e-11
1.75225e-11
1.72266e-11
1.62931e-11
1.599e-11
1.2483e-11
1.13377e-11
1.02085e-11
1.24274e-11
1.25088e-11
1.69235e-11
1.54456e-11
1.3218e-11
1.17397e-11
1.61315e-11
9.81065e-12
1.47411e-11
1.13453e-11
1.17425e-11
1.16113e-11
1.15292e-11
9.63967e-12
8.63734e-12
1.29168e-11
1.0676e-11
9.88735e-12
1.29296e-11
1.06364e-11
7.38895e-12
7.70267e-12
8.44157e-12
7.14283e-12
1.12139e-11
6.24041e-12
1.15013e-11
6.69154e-12
1.13311e-11
9.01027e-12
1.10912e-11
7.5097e-12
1.07427e-11
8.41944e-12
6.66897e-12
7.88165e-12
9.21658e-12
5.97764e-12
7.14417e-12
7.59051e-12
8.74949e-12
8.23646e-12
8.2014e-12
6.79992e-12
5.88633e-12
7.84589e-12
9.7562e-12
1.00952e-11
7.28645e-12
8.67271e-12
1.00589e-11
5.81853e-12
7.63075e-12
8.11693e-12
5.49809e-12
6.73119e-12
8.69335e-12
7.02533e-12
5.68629e-12
7.00676e-12
6.87681e-12
6.35314e-12
6.90054e-12
8.39736e-12
7.69522e-12
9.20199e-12
9.55884e-12
6.5764e-12
6.30255e-12
5.31214e-12
5.68531e-12
6.12017e-12
5.52329e-12
6.26912e-12
3.83538e-12
6.75974e-12
5.44308e-12
5.16317e-12
5.60504e-12
4.24614e-12
3.42929e-12
5.10278e-12
6.97206e-12
6.1236e-12
5.25364e-12
4.84448e-12
4.10878e-12
2.48009e-12
6.94118e-12
5.37587e-12
5.58069e-12
4.95331e-12
6.1518e-12
4.20224e-12
1.6754e-12
4.24261e-12
5.93992e-12
4.57677e-12
5.26732e-12
6.66903e-12
4.34607e-12
3.51644e-12
3.87463e-12
4.71547e-12
2.80549e-12
3.51032e-12
3.83978e-12
4.7281e-12
5.16912e-12
3.89924e-12
5.15883e-12
3.29456e-12
3.29793e-12
2.78317e-12
3.34325e-12
