n=32
J=0.707107
eta=1.03797
mu=0.00759494
beta-optimal=0
max-overlap=0
1.29435e-12
3.2191e-11
8.46872e-12
5.80565e-12
7.47804e-12
1.13366e-12
1.03077e-11
2.57333e-12
1.09707e-12
2.09036e-12
2.92766e-12
5.33976e-13
6.09204e-13
1.05065e-12
4.7624e-12
2.07563e-12
1.06157e-12
6.2592e-12
1.92354e-12
1.42467e-12
7.84201e-13
6.47965e-12
5.20105e-13
1.5549e-12
2.62215e-13
4.13285e-13
5.04226e-13
8.21408e-13
2.93034e-13
3.03562e-13
1.82335e-12
4.63592e-13
2.03726e-12
6.16391e-13
3.26026e-13
8.44363e-13
3.4072e-13
1.80272e-13
2.45369e-12
8.01309e-13
2.7173e-13
5.45268e-13
1.558e-13
1.38346e-12
3.63973e-13
4.99906e-13
3.29777e-13
8.95233e-13
5.75334e-13
1.22332e-13
1.8895e-12
2.17313e-12
2.77242e-13
2.57445e-12
4.94115e-13
4.32892e-13
1.10996e-13
7.63308e-13
1.5291e-13
2.84148e-13
2.15834e-12
1.70571e-13
5.10584e-13
3.9818e-14
5.48759e-13
8.83735e-13
2.31414e-13
6.10391e-13
1.8506e-13
1.79147e-13
4.69134e-13
9.35706e-14
1.80111e-13
1.27681e-13
9.14576e-13
1.54059e-13
6.66249e-13
3.08668e-13
4.05329e-14
3.36418e-13
8.03752e-13
8.39406e-14
2.94758e-13
3.04761e-14
2.39408e-13
6.22243e-14
2.09977e-13
9.34926e-13
1.00217e-13
2.27089e-13
8.00988e-14
2.83123e-13
8.35873e-14
5.22316e-13
1.98772e-13
7.62151e-14
6.98044e-13
7.61517e-13
1.35958e-13
8.01979e-14
3.3167e-13
1.08852e-13
4.96107e-13
5.62907e-13
3.74599e-13
1.77792e-13
5.76542e-13
5.33288e-13
1.99337e-13
7.06291e-14
1.72797e-13
7.06635e-13
5.14034e-14
2.69694e-13
2.37419e-13
9.1733e-14
4.8624e-14
4.1799e-13
2.16004e-13
1.10593e-13
9.6667e-14
1.48201e-13
3.37438e-13
3.59515e-14
7.47717e-13
8.11968e-15
3.14174e-13
5.88755e-14
4.34023e-13
4.37471e-13
2.22804e-13
5.34221e-14
1.64393e-13
9.42348e-14
2.01749e-13
7.68255e-14
4.70885e-13
6.10753e-14
6.92448e-14
1.21283e-13
3.58911e-13
4.27779e-14
5.87314e-14
1.81451e-13
1.61391e-13
6.24307e-13
2.92942e-14
7.38388e-13
5.06321e-14
2.81419e-13
4.74837e-14
7.0402e-14
2.26586e-13
3.95194e-14
2.5326e-13
3.43356e-14
4.43346e-14
1.44766e-13
3.21037e-13
1.33244e-12
7.05284e-13
5.36548e-13
1.75241e-13
1.84042e-13
2.51021e-13
6.40758e-14
2.41778e-13
1.8475e-13
3.0812e-13
3.61042e-14
4.16001e-13
8.73739e-14
6.07323e-14
3.65414e-14
1.44337e-13
4.90907e-14
3.52006e-13
4.20451e-14
2.33642e-13
7.95304e-15
4.49466e-13
1.81342e-13
6.22021e-14
5.75058e-13
7.35405e-14
6.13357e-13
2.55342e-13
9.60713e-14
1.37341e-13
2.43629e-14
4.03207e-14
2.08455e-14
2.59298e-13
1.40773e-13
8.27803e-14
1.62883e-13
6.13566e-13
4.76293e-14
1.12046e-13
6.05108e-14
4.13151e-13
7.96428e-14
4.2565e-14
1.3435e-13
1.64619e-13
7.03016e-13
3.78629e-13
1.35954e-12
2.48001e-13
1.19553e-13
8.45348e-13
5.4111e-13
1.97717e-13
2.57239e-14
2.52368e-13
2.98832e-14
2.35614e-13
2.81839e-13
3.5649e-14
2.60371e-13
7.7029e-14
4.75269e-14
1.37824e-13
3.02229e-13
2.21542e-14
2.56463e-14
1.28565e-13
2.13772e-14
2.10086e-14
2.37453e-13
1.04646e-13
1.63715e-13
3.56202e-13
7.7928e-14
5.31085e-13
7.10873e-14
1.40121e-13
8.08866e-14
1.65529e-13
2.33216e-13
4.13692e-13
7.278e-13
1.04433e-13
1.21034e-13
7.39428e-14
5.00649e-13
4.23101e-14
5.67751e-13
1.75225e-13
1.79312e-14
1.41293e-13
1.07546e-13
8.24768e-15
1.10519e-13
4.97761e-13
1.26317e-13
