n=32
J=0.707107
eta=1.62025
mu=0.101266
beta-optimal=0
max-overlap=0
2.72984e-12
1.39703e-12
1.15726e-12
2.24385e-12
1.63976e-12
2.1659e-12
1.24489e-12
1.75052e-12
2.23942e-12
4.61343e-12
1.17163e-12
1.17456e-12
9.78052e-13
1.52816e-12
1.33569e-12
8.04423e-13
2.77906e-12
8.72894e-13
5.87057e-13
1.02117e-13
9.31697e-13
1.79195e-13
1.14092e-12
3.31755e-13
1.20998e-12
4.3464e-13
6.50307e-13
1.5881e-12
1.64282e-12
6.87033e-13
1.54268e-12
6.71902e-13
1.69751e-12
6.45839e-13
3.46029e-13
5.55142e-14
1.25211e-12
6.65397e-13
2.51999e-13
7.59195e-13
3.53599e-13
7.71659e-13
7.24231e-13
8.74698e-13
2.06437e-13
9.6733e-13
2.11623e-12
1.6805e-13
1.1891e-12
4.42965e-13
8.99823e-13
3.9075e-13
2.00629e-13
8.6158e-13
8.62648e-13
9.32401e-13
2.65754e-13
6.14912e-13
6.08053e-13
7.3289e-13
1.72405e-12
4.06123e-13
7.49189e-13
3.13335e-13
1.04018e-12
3.31069e-13
3.18658e-13
3.99707e-13
4.24015e-13
1.53204e-13
1.16188e-12
7.19748e-14
4.03942e-13
5.54364e-13
1.03458e-12
6.7081e-13
1.11138e-12
2.65295e-13
2.06478e-12
2.02594e-13
1.46896e-12
4.23712e-13
7.85455e-13
5.67832e-13
4.79401e-13
4.30094e-13
5.01167e-13
2.43674e-13
1.01609e-12
5.08982e-13
4.14055e-13
1.12221e-12
2.1129e-13
7.40952e-13
2.38985e-13
2.94787e-13
3.162e-13
5.8937e-13
1.87252e-13
1.17834e-13
9.24137e-13
8.75865e-13
3.54915e-13
6.43267e-13
3.04594e-13
2.26493e-13
1.12011e-12
1.91782e-13
9.29095e-13
4.54689e-13
2.75292e-13
6.15132e-13
6.32257e-13
1.90918e-13
5.24801e-13
2.58658e-13
2.44305e-13
1.38245e-13
2.53457e-13
5.93647e-14
3.24974e-13
2.92975e-13
7.0662e-13
2.94839e-13
1.47495e-13
3.88097e-13
9.90096e-13
3.84599e-13
1.81964e-13
5.0311e-13
5.8736e-13
4.69458e-13
1.14314e-13
3.70764e-13
7.56665e-13
1.70814e-13
2.97957e-13
1.01302e-13
1.89847e-13
3.5027e-13
3.46612e-13
4.73801e-13
6.09876e-13
1.8565e-13
5.69924e-13
4.29804e-13
2.00238e-13
4.87375e-14
1.55651e-13
1.68494e-13
6.73715e-13
4.09927e-13
6.81748e-13
3.9529e-13
5.93526e-13
5.45407e-13
2.53535e-13
3.76126e-13
2.12848e-13
7.26586e-13
3.01786e-13
4.90375e-13
1.19771e-13
8.09501e-13
1.872e-13
2.77283e-13
2.71328e-13
1.6693e-13
5.09055e-13
5.86234e-13
4.17883e-13
5.50481e-13
2.25657e-13
5.9868e-13
4.67021e-13
5.88794e-13
1.27873e-13
3.00177e-13
3.3015e-13
7.66315e-13
6.31516e-13
1.18734e-13
2.01857e-13
3.62857e-13
4.06951e-13
4.4868e-13
6.96506e-13
2.86082e-13
8.89947e-13
2.23053e-13
5.11542e-14
4.38607e-13
3.65044e-13
7.88162e-13
4.85895e-13
7.16512e-13
3.61196e-13
4.26519e-13
3.36495e-13
1.88214e-13
2.91699e-13
2.89014e-13
1.30573e-13
6.57968e-13
7.72438e-13
3.31614e-13
2.62098e-13
2.36475e-13
2.34942e-13
3.12393e-13
4.24749e-13
3.74331e-13
2.1157e-13
2.58994e-13
6.47291e-13
1.79367e-13
2.03565e-13
4.03618e-13
4.21913e-13
1.19673e-13
2.48231e-13
3.06632e-13
1.93271e-13
2.44218e-13
3.07419e-13
5.54828e-14
2.32336e-13
2.00055e-13
3.54981e-13
4.66694e-13
2.86744e-13
1.57733e-13
1.71294e-13
2.84633e-13
5.35124e-14
3.85164e-13
1.21314e-13
2.33751e-13
3.29866e-13
4.42099e-13
3.10911e-13
3.85046e-13
3.10891e-13
3.23999e-13
3.91251e-13
3.95029e-13
2.02907e-13
2.43558e-13
5.2716e-13
9.19126e-13
2.32404e-13
4.82684e-13
3.17637e-13
4.48239e-13
6.44895e-13
3.86113e-13
