n=32
J=0.707107
eta=1.01266
mu=0.0556962
beta-optimal=0
max-overlap=0
3.11723e-10
2.94509e-10
2.26983e-10
1.04266e-10
1.64619e-10
9.10269e-11
1.23135e-10
7.91542e-11
1.11459e-10
5.29392e-11
9.69944e-11
6.74149e-11
5.73502e-11
7.70984e-11
5.61698e-11
6.74001e-11
5.3768e-11
5.27432e-11
3.00932e-11
2.95043e-11
4.23201e-11
3.79764e-11
4.29041e-11
4.49246e-11
2.63385e-11
4.1286e-11
1.69111e-11
1.69075e-11
2.87895e-11
2.57594e-11
3.75851e-11
2.9214e-11
3.37279e-11
3.40074e-11
2.32498e-11
2.35189e-11
2.23459e-11
2.49362e-11
2.04591e-11
2.08905e-11
2.48237e-11
2.50841e-11
1.96559e-11
3.41044e-11
1.28883e-11
1.66237e-11
1.5097e-11
1.90375e-11
1.38621e-11
1.31339e-12
1.14468e-11
9.90724e-12
1.98115e-11
1.05927e-11
1.16484e-11
1.14398e-11
2.18223e-11
1.54613e-11
5.40204e-12
1.10247e-11
1.20852e-11
1.23509e-11
1.65504e-11
1.03509e-11
4.82817e-12
1.17757e-11
7.38681e-12
1.68725e-11
8.04961e-12
1.10122e-11
7.3849e-12
1.18335e-11
8.0196e-12
9.20309e-12
5.30347e-12
1.21514e-11
1.26473e-11
1.53616e-11
9.40822e-12
7.45713e-12
9.31677e-12
5.7446e-12
5.9191e-12
6.89845e-12
1.05821e-11
4.29095e-12
8.98806e-12
1.13679e-11
5.78452e-12
8.74126e-12
5.17854e-12
1.17192e-11
6.54487e-12
7.34026e-12
8.10197e-12
4.40935e-12
6.50398e-12
6.54567e-12
5.33729e-12
7.98989e-12
8.59625e-12
7.04361e-12
8.56661e-12
4.35498e-12
2.31483e-12
2.99699e-12
2.07693e-12
1.02077e-11
1.16317e-11
2.62988e-12
7.4259e-12
6.33478e-12
6.00181e-12
7.60322e-12
5.85726e-12
1.88969e-12
5.71498e-12
5.19114e-12
5.20303e-12
5.86544e-12
3.58458e-12
3.63691e-12
5.37328e-12
3.04851e-12
7.36006e-12
2.1131e-12
4.23272e-12
8.25825e-12
1.52359e-12
5.14071e-12
1.7403e-12
3.92916e-12
3.62965e-12
4.68891e-12
6.77518e-12
2.27557e-12
1.78506e-12
3.62269e-12
3.59225e-12
1.61384e-12
2.23988e-12
2.47671e-12
3.24594e-12
3.38601e-12
2.74877e-12
1.9211e-12
1.36146e-12
4.15888e-12
3.69959e-12
3.41654e-12
3.66145e-12
4.79597e-12
3.02889e-12
2.4504e-12
2.47772e-12
3.93831e-12
6.03936e-12
1.63036e-12
1.92874e-12
1.84703e-12
2.41598e-12
4.91233e-12
2.31502e-12
2.73425e-12
2.85248e-12
2.08259e-12
1.91552e-12
3.01825e-12
4.23146e-12
9.08792e-13
4.04793e-12
1.59046e-12
2.73758e-12
1.00232e-12
1.04925e-12
3.2162e-12
2.84686e-12
2.09479e-12
1.01111e-12
3.67938e-12
3.95669e-12
2.43798e-12
1.27846e-12
1.72561e-12
2.61298e-12
2.06516e-12
4.113e-12
2.13326e-12
2.51095e-12
2.41422e-12
2.47685e-12
3.34674e-12
2.74638e-12
2.58279e-12
3.33908e-13
2.07311e-12
7.01332e-13
2.2477e-12
1.98078e-12
2.57948e-12
1.13361e-12
1.51684e-12
2.4459e-12
1.84326e-12
2.6428e-12
1.65769e-12
1.10146e-12
1.52008e-12
2.21817e-12
1.75272e-12
1.72543e-12
1.71232e-12
2.1617e-12
1.72369e-12
2.65353e-12
2.08008e-12
1.23369e-12
1.38692e-13
3.00844e-12
1.52093e-12
1.00307e-12
2.08984e-12
8.46288e-13
2.7564e-12
1.26533e-12
2.2961e-12
1.17239e-12
1.76716e-12
2.62685e-12
8.29317e-13
2.00528e-13
1.34331e-12
1.53794e-12
5.82528e-13
1.00622e-12
1.94036e-13
7.40624e-13
7.96653e-13
7.42205e-13
1.22301e-12
1.07492e-12
2.11485e-12
6.37784e-13
2.06429e-12
1.73192e-12
9.47205e-13
8.893e-13
5.01511e-13
2.0753e-12
1.21487e-12
2.41388e-12
1.37228e-12
8.64782e-13
1.83052e-13
1.4789e-12
1.4983e-12
