n=32
J=0.707107
eta=1
mu=0.0556962
beta-optimal=0
max-overlap=0
0.683603
0.378046
0.192291
0.159207
0.143741
0.128752
0.133521
0.108849
0.11184
0.0963432
0.108367
0.102387
0.0768662
0.0730549
0.0711297
0.0753977
0.0671048
0.0600656
0.0568007
0.0613499
0.0523065
0.0612095
0.0548626
0.0490743
0.0468702
0.0552767
0.0525002
0.0429201
0.0441635
0.0329484
0.039188
0.0359224
0.0415193
0.0293657
0.0319188
0.030094
0.0301533
0.0306004
0.0344819
0.0236288
0.0283707
0.0240711
0.0249351
0.0245704
0.0229259
0.0285234
0.0216228
0.0241289
0.0215711
0.0197435
0.0291198
0.0187698
0.0177904
0.0214425
0.018231
0.0176722
0.0163553
0.0165336
0.0148731
0.0161584
0.0152891
0.0157905
0.0182307
0.0138921
0.0121286
0.0142421
0.0136163
0.0134981
0.013296
0.0141917
0.0128845
0.0135133
0.0126978
0.0129417
0.0134101
0.00933684
0.0112818
0.0122016
0.0116987
0.0110712
0.0133046
0.0108266
0.0101506
0.0110226
0.00963666
0.0108035
0.0100807
0.0108933
0.0089878
0.00862648
0.00857101
0.00966141
0.00976126
0.00782656
0.00887076
0.00846258
0.00775372
0.00773467
0.00824593
0.00788654
0.00678657
0.00847586
0.00720934
0.00685795
0.00645314
0.00881282
0.00672377
0.0078165
0.00697813
0.00593354
0.00585815
0.00604362
0.00607337
0.00747316
0.00631358
0.00660621
0.00551347
0.00540515
0.00626813
0.00664382
0.00551494
0.00569499
0.00486458
0.00578749
0.00508454
0.00597688
0.00535442
0.00506899
0.00544535
0.00479278
0.00570583
0.00527962
0.00455562
0.00464587
0.00474528
0.00479838
0.00494149
0.00421706
0.00451861
0.00433908
0.00492573
0.00458744
0.00473197
0.00364004
0.0041994
0.00411244
0.00432527
0.0042693
0.00410395
0.0038713
0.00411181
0.00382112
0.00390204
0.0041461
0.00388531
0.00446775
0.00337651
0.00398484
0.00370799
0.00337769
0.00389704
0.00361069
0.00313281
0.00328943
0.00335562
0.00312823
0.00300773
0.00367886
0.00398656
0.00348282
0.00317521
0.00321559
0.00280823
0.00282258
0.0029024
0.00290769
0.00242634
0.00266249
0.0028141
0.00282063
0.0028775
0.00318548
0.00281184
0.00322747
0.00279184
0.00269337
0.00249155
0.00229824
0.00261424
0.0026498
0.00222237
0.00251934
0.0026536
0.00257019
0.00280055
0.00256161
0.00243772
0.00215128
0.00235816
0.00251099
0.00236594
0.00243718
0.00250051
0.002279
0.00237635
0.00235499
0.00221998
0.00204204
0.00192461
0.00216348
0.00219205
0.00192309
0.00212111
0.00186668
0.00207089
0.00192178
0.00224092
0.00182334
0.0020593
0.00181947
0.00191713
0.00180864
0.00170069
0.00191872
0.00178012
0.00195241
0.00178358
0.00185724
0.00183865
0.00171307
0.00168411
0.00183979
0.00190435
0.00183265
0.00169302
0.00161811
0.00155902
0.00158914
0.00157746
0.00161409
0.00151111
0.00162259
0.00158077
0.00152959
0.00138304
0.00150668
0.00136074
0.00145407
0.00141626
0.00130038
0.00128803
0.00134427
0.00132345
0.00127525
0.00127665
0.00112333
