n=32
J=0.707107
eta=1.06329
mu=0.0556962
beta-optimal=0
max-overlap=0
0.00348526
0.00466145
0.000741064
0.00264422
0.00482789
0.00126618
0.000759859
0.00494632
0.000389469
0.000530596
0.004491
0.000139946
0.000928039
0.000334812
0.000307987
0.00155846
0.000530294
0.000699549
2.08742e-05
0.000109217
0.00289159
0.00360482
0.000383656
0.00102666
0.00119368
7.61624e-05
0.00168932
0.001135
1.77593e-05
0.000779423
0.000721638
0.00191847
0.00135482
5.58391e-05
0.000529528
0.000789482
0.000224638
0.00108514
0.000511028
0.000967935
0.000359942
0.0003145
0.000316697
0.00083734
0.000552492
0.000893561
0.00133
0.000866157
0.000279471
0.000865693
0.00218109
0.000243562
0.000212122
0.00102926
0.000895188
0.000991861
0.00142155
0.00128045
2.18809e-05
0.000437767
0.00106881
0.000950547
0.000319206
0.000731902
0.000266676
0.000127164
0.000434843
0.000912961
0.000675008
0.000331589
4.73484e-05
2.04593e-05
0.000121531
0.000269391
0.00117929
0.00035907
0.0003158
6.37401e-05
6.97392e-05
0.000207395
0.00027153
0.000467119
0.00040315
0.000636406
6.93186e-05
0.000946558
1.55926e-05
0.000735196
0.000168391
0.000189182
0.000701155
0.000286266
0.000324579
0.000412457
0.000204846
0.000431091
0.000142491
0.000382553
8.86626e-05
0.000777542
0.000178587
9.72419e-05
0.000473762
0.000852779
0.000147878
0.00102507
0.000280509
0.000745099
9.26588e-05
0.00038186
0.000422904
0.000343275
6.14712e-05
2.78305e-05
8.51823e-06
0.000249297
0.000281489
2.19732e-05
0.00069931
1.20993e-05
9.00251e-05
0.000120526
0.000177863
3.01026e-05
6.93348e-05
0.000395099
0.000613562
7.5631e-05
0.000127593
0.000210991
0.000207487
4.36255e-05
0.000545091
0.000276998
7.33252e-05
0.000252004
0.000206529
0.000235564
0.000341703
0.000132418
0.000543372
2.0085e-05
0.000137722
4.09509e-05
5.10386e-05
0.000134735
0.000605057
8.05757e-06
0.000100675
0.000341832
0.000130206
0.000194426
0.000136279
6.1041e-05
3.88068e-05
0.000153854
4.77472e-05
7.25102e-06
0.000239673
0.000352162
5.74314e-05
7.82185e-05
0.000656756
6.36867e-05
6.35113e-05
0.000271496
0.000182889
7.66577e-05
0.000271728
0.000614298
0.000107409
0.000182938
6.0897e-05
0.000177988
0.000319353
9.38223e-06
0.000136137
5.1848e-05
0.000299235
0.000129282
0.00012332
9.3434e-06
0.000323358
6.83018e-05
0.000240053
0.000448972
0.000146349
2.30807e-05
1.20445e-05
4.26376e-05
0.000161636
4.78002e-05
0.000141414
0.000100186
5.94877e-05
0.000178707
2.49402e-05
1.53592e-05
0.00011962
0.000330421
0.000137027
9.36979e-05
6.11625e-06
0.00018654
2.28983e-05
0.000250613
0.000154867
0.000116598
0.00017785
1.47416e-05
0.000199705
0.000142354
8.65217e-06
0.000210485
0.000472239
0.000158166
0.000173009
0.00034196
0.000333097
5.0202e-05
3.03001e-05
0.000200734
2.24315e-05
0.000253104
0.000160253
0.000119453
3.03471e-05
0.00011991
0.00045481
8.60266e-05
0.000132204
0.000432372
0.000106151
0.000153014
0.0001951
2.71833e-05
0.000107882
0.000140891
9.8704e-05
0.000154489
1.19895e-05
5.85279e-05
4.13179e-05
0.000173771
2.6986e-05
1.13665e-05
7.41035e-05
0.000279897
0.000102309
8.2407e-05
0.000321412
0.000284852
0.000141068
5.67238e-05
3.55933e-05
7.53244e-05
