n=32
J=0.707107
eta=1
mu=0.0303797
beta-optimal=0
max-overlap=0
0.682363
0.360581
0.229558
0.240388
0.168351
0.150313
0.0906969
0.0746654
0.083808
0.0624097
0.0522037
0.0485832
0.0622291
0.0376805
0.0383994
0.0486512
0.0485673
0.0331761
0.0378876
0.0219919
0.0195991
0.025853
0.0236053
0.0304567
0.0191825
0.021089
0.0120362
0.0197293
0.0244006
0.0169771
0.0205091
0.0152877
0.0145742
0.0166193
0.0171399
0.0159011
0.0140103
0.00888399
0.0156815
0.0105008
0.0126008
0.0130403
0.0112353
0.0101748
0.0103784
0.0086392
0.00832622
0.00939982
0.00842401
0.00560452
0.00743519
0.00638831
0.0079074
0.00925638
0.0060159
0.00720901
0.0106363
0.00570401
0.00726445
0.00597071
0.00708088
0.00768179
0.00672241
0.00587561
0.00688858
0.00391443
0.0049676
0.00384334
0.00722851
0.00512963
0.00496193
0.00478117
0.00384723
0.00454865
0.00499011
0.00364073
0.00565128
0.00336944
0.00474305
0.00434488
0.00376679
0.00526237
0.00321593
0.00350946
0.00323248
0.0033745
0.00366586
0.00294099
0.00305413
0.00465631
0.00329404
0.00251511
0.00262519
0.00284331
0.0024559
0.00312987
0.00255703
0.00311084
0.00273345
0.00194556
0.00269401
0.00222141
0.0031075
0.00250056
0.00254871
0.00263672
0.00246337
0.00236054
0.00246702
0.00224155
0.00228195
0.00240249
0.00201592
0.0019645
0.00236223
0.00166286
0.00170946
0.00256986
0.00158522
0.00256863
0.00200042
0.00200366
0.00207726
0.00173068
0.0024401
0.00195936
0.00133136
0.00220107
0.00170289
0.00192762
0.00214312
0.00163109
0.00155763
0.00140435
0.00187204
0.00153632
0.00168325
0.00179849
0.00162845
0.00147736
0.00228636
0.00114651
0.00232094
0.00129288
0.00147123
0.00138279
0.00132079
0.00143004
0.00114529
0.00170812
0.00164681
0.00119246
0.00121723
0.00129632
0.00148928
0.00122795
0.00114847
0.00117356
0.00109837
0.00125204
0.00121587
0.00135365
0.00142213
0.000966344
0.000829642
0.00101697
0.00107555
0.00124744
0.00118965
0.00133274
0.00106304
0.00112696
0.000885663
0.000941996
0.00104453
0.000848405
0.00116865
0.00115186
0.000835568
0.00110638
0.00110953
0.00088179
0.00111064
0.000818445
0.000954138
0.000947142
0.000883936
0.000970929
0.00090226
0.000615754
0.000806845
0.000913205
0.000858654
0.000830043
0.000773108
0.000946568
0.000887611
0.000742345
0.00093055
0.000814523
0.000659577
0.000698299
0.000662124
0.000728097
0.000748687
0.000524348
0.000759364
0.000736362
0.000555291
0.000660148
0.000633107
0.000691431
0.000637887
0.000749561
0.000469987
0.000643482
0.000792705
0.000723144
0.000734255
0.000642949
0.000575847
0.000499953
0.000551129
0.000548599
0.000554469
0.000586897
0.00064917
0.000636056
0.000591546
0.000519894
0.00051986
0.000570421
0.000484946
0.00054769
0.000474247
0.000726588
0.000573308
0.000608984
0.000524917
0.000412879
0.000469754
0.000528908
0.000498315
0.000447284
0.000479875
0.000386371
0.000326184
0.000344634
0.000485679
0.000405609
0.00038712
0.000410739
0.000458964
0.000469756
0.000373728
0.000379366
