n=32
J=0.707107
eta=1
mu=0.174684
beta-optimal=0
max-overlap=0
0.201599
0.184017
0.178012
0.169143
0.164197
0.16295
0.15387
0.151682
0.143834
0.145019
0.142068
0.13713
0.133919
0.127446
0.134004
0.127918
0.127316
0.123833
0.110622
0.115387
0.11188
0.113611
0.11067
0.110412
0.104765
0.102959
0.100251
0.101188
0.0968919
0.101044
0.0960601
0.0950732
0.098421
0.0944781
0.0924489
0.0910691
0.0869374
0.0905707
0.0904513
0.0840579
0.0847316
0.0826835
0.0792433
0.0792753
0.0789006
0.0765713
0.0752218
0.0756388
0.0745806
0.0754389
0.0730161
0.0712894
0.0740457
0.0715763
0.0694554
0.0683833
0.0669461
0.0671881
0.0674508
0.066961
0.0664296
0.0656865
0.0633801
0.0656987
0.063669
0.0631163
0.0642901
0.0610549
0.0622763
0.0609934
0.0586519
0.0598078
0.0578688
0.0599703
0.0579542
0.0584408
0.0549194
0.0555078
0.0552243
0.0517002
0.0553276
0.0536161
0.053904
0.0530038
0.0520476
0.0524121
0.0514798
0.0494328
0.0499305
0.0507178
0.0489268
0.0495733
0.0482299
0.04814
0.0463028
0.0466343
0.0463186
0.0468747
0.0464424
0.0449708
0.0446483
0.0440357
0.0441524
0.0418042
0.0423748
0.0421151
0.0429922
0.042308
0.0411585
0.0408534
0.0403836
0.0411444
0.0413242
0.0399023
0.0390678
0.0394406
0.0377259
0.0381984
0.0390145
0.03679
0.0383386
0.0369817
0.0361181
0.0364067
0.0363608
0.0360146
0.035556
0.035519
0.0361325
0.0362975
0.0350465
0.0353071
0.0354765
0.0342697
0.034534
0.0348635
0.0316872
0.0327843
0.0338028
0.0328636
0.0331593
0.0315794
0.0311717
0.0316845
0.0316678
0.0307428
0.0314074
0.0313213
0.0308492
0.03002
0.0299488
0.0295556
0.029186
0.0292591
0.0296436
0.0292849
0.0282529
0.028236
0.0276854
0.0282228
0.0277679
0.0267246
0.0283146
0.0271153
0.0274114
0.027389
0.0267706
0.0262652
0.0265485
0.0266507
0.0258915
0.0252104
0.0257785
0.0255433
0.0253995
0.0250398
0.0245485
0.0245422
0.0245427
0.0242788
0.0235242
0.0241674
0.0233775
0.0237454
0.023376
0.0227931
0.0231023
0.0228661
0.0223982
0.0230377
0.0222854
0.0214188
0.0222892
0.02226
0.021131
0.0218074
0.0216228
0.0213656
0.0210242
0.0211204
0.021266
0.0205512
0.0210186
0.0205705
0.0205044
0.0203748
0.0205793
0.0193844
0.0198093
0.0191827
0.0195632
0.0196338
0.0193451
0.0191065
0.0189105
0.0189949
0.0187446
0.0188582
0.0181279
0.0181649
0.0186117
0.0175057
0.0179353
0.0172906
0.0177813
0.0174432
0.017332
0.0175602
0.0171584
0.0170114
0.01691
0.0168057
0.016417
0.0159679
0.0165864
0.0164161
0.0157333
0.015562
0.0155604
0.0157169
0.0155435
0.0155041
0.015139
0.0152916
0.0146271
0.0148941
0.0144079
0.0144572
0.0140162
0.0139314
0.0134036
0.0135153
0.0137218
0.0134813
0.0132413
0.0130365
