n=32
J=0.707107
eta=1.01266
mu=0.0329114
beta-optimal=0
max-overlap=0
0.00359177
0.00103959
0.00571525
0.00225825
0.00656612
0.0051576
0.000698357
0.00322599
0.000263716
0.000783467
0.000972268
0.00168418
0.00259903
0.00106824
0.00164849
0.00202296
0.000496591
0.00151926
0.00148285
2.04477e-06
3.74791e-05
0.000347745
0.000747799
0.000865498
0.000350657
0.00103915
0.000153257
0.000999361
0.000974102
0.000261776
0.000900112
0.00098437
0.000260152
0.0010321
0.00012178
0.0014819
0.000174033
0.000334836
0.000176713
0.0003395
0.000306561
0.000437927
0.00155809
4.37552e-05
3.60324e-05
0.000332514
1.62556e-06
0.000384132
0.00038245
0.000618084
0.000204725
0.000990223
0.000343161
0.000359163
0.000417412
0.00046709
0.000271347
0.000365262
0.000290426
1.08676e-05
6.52909e-05
0.000467395
0.000332905
0.000241328
8.75522e-05
0.000940105
0.00105879
2.49329e-05
0.000543548
0.000632886
0.000474874
0.000232123
0.000798218
0.000295052
6.75897e-05
0.000190586
0.000105931
4.61315e-06
0.000502876
0.000425743
4.93679e-05
5.80676e-05
0.000268361
0.000642455
0.000231661
0.000131649
1.42415e-05
0.000210872
0.000222956
0.000102329
6.78309e-05
6.23791e-05
0.000258132
0.000285979
0.000264943
9.00939e-06
0.000597191
0.000268577
0.000322049
1.54517e-05
7.01186e-05
0.000125781
7.22435e-05
0.00011743
3.4615e-05
7.39922e-05
0.000188678
8.54799e-05
0.000221027
0.000230552
1.32728e-05
6.71136e-05
0.000132578
0.000191716
0.00019345
9.39476e-05
0.000158223
6.685e-05
0.000372174
8.31743e-05
0.000212002
2.82974e-05
0.000299092
0.000187768
5.57779e-05
1.81062e-06
3.14095e-05
0.000173107
0.00010317
3.27487e-05
4.3501e-05
0.000392522
2.41646e-05
0.000393026
2.07176e-05
0.000102824
6.27164e-05
0.000244147
6.48827e-05
5.53645e-05
5.62315e-05
4.04458e-05
1.74667e-05
2.72923e-05
0.000138175
2.52069e-05
0.000276833
0.00010488
8.99886e-05
0.000222523
5.30251e-05
0.0001903
0.000146011
0.000155576
0.000143625
4.36499e-05
0.000132276
8.95529e-05
2.80246e-05
0.000163953
5.3142e-05
6.31497e-05
0.000155203
0.000175757
6.32504e-05
0.000162247
8.92587e-05
7.7291e-05
2.14877e-05
0.000173063
0.00013712
0.000152728
0.00012055
0.000236318
0.000206163
0.00021313
0.000164279
0.000141411
6.92406e-05
0.00012413
7.70689e-05
3.4907e-05
0.000258559
9.8077e-07
0.0001064
8.8775e-05
3.6669e-05
6.66522e-06
7.66e-05
5.53488e-05
0.000507592
2.21726e-05
0.000104746
6.34908e-06
0.000158413
1.81504e-05
5.42501e-05
3.89976e-05
0.000169444
0.000166603
8.65061e-05
0.000144415
0.000122381
0.000171817
2.57623e-05
0.000152002
6.50761e-05
0.000218925
5.8003e-06
0.000311339
2.08821e-05
4.91359e-05
8.89742e-05
0.000174495
0.000179699
0.000161844
3.12492e-05
2.039e-05
0.000168213
6.60192e-05
1.14765e-05
0.000134807
2.58812e-05
9.43601e-05
4.48616e-05
3.65816e-05
1.56301e-05
4.42758e-05
5.88646e-05
0.000164658
7.06883e-05
5.03965e-05
0.00010229
0.000123764
8.90578e-05
0.000117515
2.24981e-05
3.40082e-05
7.56447e-06
2.77383e-05
0.000102662
0.000100197
0.000138695
4.56109e-05
0.00011853
5.49708e-05
7.43372e-05
3.37266e-05
0.00011368
1.96359e-05
4.80532e-05
5.34516e-05
0.000152597
1.57286e-06
4.8323e-06
9.48429e-05
