n=32
J=0.707107
eta=1.01266
mu=0.0405063
beta-optimal=0
max-overlap=0
0.0104503
0.000318316
0.000692613
0.00208842
0.00161922
4.65726e-06
0.00160527
0.00315373
0.00302025
0.00142211
0.00230743
0.00144599
0.00179194
0.00218254
0.000584302
4.12795e-05
0.000182541
0.000521917
0.000607883
0.00107264
0.000395042
0.00273058
0.000533368
0.00107043
0.00173662
0.000510147
0.00157975
0.000377758
0.000450507
0.000396266
0.000104341
0.00109698
0.00166686
0.000301221
0.000238027
0.000666287
0.000366842
0.00100405
0.00098939
0.000528286
0.000375392
0.000681439
0.000561673
0.000455067
0.000521283
0.000335706
0.000637581
0.000540743
0.000401772
0.000707644
0.000756469
0.000298206
0.000171851
0.000139194
0.00043433
0.000326906
0.00106268
0.000821724
0.000543204
6.61038e-05
0.000893493
0.000620652
9.29219e-05
0.000461276
0.00020057
0.000376651
1.39646e-05
0.000415466
0.000634327
0.000532206
2.79339e-05
0.000410573
0.000320329
2.57878e-05
0.000717285
0.000588365
0.000106759
0.000449492
0.000138143
7.70064e-06
9.69411e-06
0.000240422
0.000326011
0.00010541
0.00025907
0.000261787
0.000131189
0.000223322
0.000124019
0.000230177
0.000692005
1.37611e-05
0.000252685
1.73284e-05
0.000250826
6.10792e-05
0.000356999
0.000369442
0.000143376
0.000716322
0.000229789
0.000232635
0.000382629
0.000402126
0.000475889
0.000794496
0.000316241
0.000356614
5.52614e-05
0.000114786
0.000415997
0.000119032
0.000169886
0.000194857
0.000127879
0.00013401
9.06785e-05
0.00011222
0.000220901
3.09344e-05
8.82949e-05
6.60002e-05
0.000305864
9.55754e-05
0.000130854
0.000267461
0.00020743
6.29449e-05
0.000142158
0.000165549
0.000495195
9.65047e-06
0.00045062
9.18668e-05
2.28608e-05
0.000108018
6.24708e-05
0.000155186
0.000447148
7.49215e-05
0.000575683
1.60003e-05
0.000188843
9.66281e-05
7.31456e-05
3.14244e-05
0.000210899
8.82936e-05
0.000139392
9.1333e-05
9.94767e-05
7.43255e-05
3.67194e-05
7.92376e-05
3.57608e-06
0.000337334
0.000115338
0.000100214
0.000269572
0.000250415
0.000173861
5.38457e-05
0.000340451
4.89311e-05
1.12462e-05
1.85179e-05
8.6996e-05
5.84868e-05
4.35892e-05
0.000284039
0.00019503
9.03341e-05
0.000105305
9.25717e-05
0.000264818
1.24499e-05
0.000142249
9.25888e-05
5.48195e-05
0.000249995
1.17594e-05
8.02293e-05
0.000148037
0.000150028
0.0001613
0.00028353
3.10846e-05
2.68406e-06
4.46978e-05
4.69211e-05
9.99859e-05
0.000211678
7.91626e-05
0.000225072
6.59662e-06
2.13609e-05
0.000156637
6.60679e-05
0.000139844
6.7078e-05
0.000111433
0.000108372
8.38963e-06
0.000166716
1.16026e-05
1.12127e-05
3.58345e-05
0.000261447
0.000151506
6.5384e-05
2.0924e-05
8.14384e-05
1.89454e-05
0.000291363
0.000155938
9.01217e-05
0.000101692
0.000130663
0.000144972
0.000119004
7.09124e-05
4.18705e-05
8.92216e-05
0.000111929
6.53471e-05
3.71662e-05
6.46507e-05
1.58373e-05
0.000177779
1.31391e-05
1.55323e-05
0.000110081
2.87856e-05
0.000196866
1.67027e-05
4.0064e-05
0.000150338
9.49677e-06
6.62104e-06
4.49869e-05
7.40146e-05
0.000227016
0.000134447
7.35983e-05
0.000139638
2.11644e-05
3.59301e-05
0.000315241
9.44743e-05
4.10753e-05
0.00012888
0.000155002
0.000116489
4.01844e-05
0.000110349
2.78591e-05
