n=32
J=0.707107
eta=1.6962
mu=0.118987
beta-optimal=0
max-overlap=0
1.26454e-12
1.30401e-12
3.3227e-12
4.0294e-12
9.09385e-13
2.63465e-12
1.66102e-12
1.96495e-12
1.77449e-12
2.55764e-12
4.35404e-13
6.3201e-13
1.92462e-12
1.707e-12
5.10564e-12
9.93321e-13
3.10489e-12
1.12203e-12
1.05734e-12
5.0876e-13
1.56485e-12
9.04047e-13
1.6801e-12
8.93062e-13
1.01593e-12
1.01799e-12
2.05362e-12
1.36271e-12
1.26147e-12
9.45548e-13
1.71005e-12
2.58653e-13
2.19058e-12
6.36423e-13
7.07236e-13
1.18008e-12
1.27905e-12
4.76846e-13
6.8134e-13
1.84514e-12
2.2317e-12
4.91588e-13
8.0037e-13
4.00027e-13
3.76674e-13
8.39311e-13
1.09005e-12
5.74239e-13
1.21819e-12
8.92707e-13
5.72979e-13
7.9947e-13
8.1463e-13
4.98279e-13
8.2665e-13
5.96104e-13
1.20226e-12
1.78417e-12
2.16841e-12
9.09068e-13
1.39552e-12
1.56306e-12
8.59969e-13
5.22062e-13
2.01795e-12
2.96578e-13
1.61276e-12
3.82511e-13
8.39595e-13
8.89956e-13
7.85974e-13
8.01872e-13
2.60923e-13
5.89344e-13
3.14201e-13
1.06708e-12
7.39312e-13
4.60789e-13
1.15033e-12
1.01152e-12
1.60275e-12
1.30422e-12
2.09588e-13
8.2982e-13
2.87375e-13
8.20289e-13
1.52788e-12
1.11387e-12
5.27815e-13
7.00967e-14
1.3118e-12
2.2615e-13
6.0774e-13
5.37878e-13
4.6433e-13
4.75546e-13
5.15101e-13
8.48975e-13
3.62836e-13
3.62477e-13
5.54486e-13
5.10001e-13
3.82894e-13
4.49495e-13
3.56655e-13
7.66003e-14
1.07096e-12
3.13565e-13
1.25051e-12
4.0704e-13
3.95815e-13
7.79362e-13
1.95561e-13
3.64808e-13
6.26369e-13
3.22883e-13
1.97175e-13
3.96548e-13
7.15821e-13
9.91244e-13
3.20543e-13
3.4579e-13
8.1965e-13
2.6992e-13
4.90069e-13
5.61351e-13
5.41597e-13
7.86758e-13
3.73598e-13
5.37293e-13
1.1277e-12
3.91146e-13
2.55002e-13
8.51826e-13
4.51122e-13
1.4787e-13
6.37837e-13
2.83125e-13
4.47976e-13
4.75963e-13
3.96779e-14
6.81781e-13
3.45649e-13
5.55704e-13
1.94207e-13
6.81778e-13
3.92417e-13
9.95728e-13
4.42988e-13
4.29358e-13
1.01061e-12
4.56074e-13
2.3721e-13
2.01204e-13
5.87495e-13
2.8566e-13
7.7796e-13
2.33668e-13
3.46391e-13
1.15218e-12
2.35966e-13
7.1294e-13
5.51571e-13
4.24951e-13
7.9962e-14
2.41933e-13
4.65711e-13
4.06179e-13
1.00211e-12
1.09018e-12
3.98244e-13
3.01674e-13
1.93171e-13
8.57419e-13
3.29766e-13
3.81785e-13
4.04885e-13
3.03792e-13
1.11043e-12
5.56762e-14
1.8525e-13
3.408e-13
7.26387e-13
6.23999e-13
1.61164e-13
6.66475e-13
5.32666e-13
2.13692e-13
3.21795e-13
2.33524e-13
1.67231e-13
5.25365e-13
6.14684e-13
5.1619e-13
4.37037e-13
8.83394e-13
2.84034e-13
6.31616e-13
4.44355e-13
7.82769e-13
3.54237e-13
5.83527e-13
2.14394e-13
6.5885e-13
1.04728e-12
5.04878e-13
2.21939e-13
2.62588e-13
1.97047e-13
1.3455e-13
3.09932e-13
8.98075e-13
9.87063e-13
4.30497e-13
4.21721e-13
2.4069e-13
1.92854e-13
6.3168e-13
2.54496e-13
1.44721e-13
3.30138e-13
2.88458e-13
3.22562e-13
5.25233e-13
3.08967e-13
7.01741e-13
2.96714e-13
1.45183e-13
4.80029e-13
8.84466e-13
3.45195e-13
5.22054e-13
6.3136e-13
2.15933e-13
2.26182e-13
4.90069e-13
3.60983e-13
2.09671e-13
6.93097e-13
5.55117e-13
2.02207e-13
1.4318e-13
2.68944e-14
4.81495e-13
2.6768e-13
5.15179e-13
2.10534e-13
2.58836e-13
8.68839e-13
1.17363e-12
8.24228e-13
4.3212e-13
5.69779e-13
1.97538e-13
6.71895e-13
4.45616e-13
