n=32
J=0.707107
eta=1.13924
mu=0.111392
beta-optimal=0
max-overlap=0
2.53148e-12
1.32079e-11
5.61049e-12
5.42787e-12
3.33487e-12
1.34333e-12
2.16141e-12
7.30188e-12
7.17796e-12
3.8731e-12
2.95449e-12
4.86981e-12
6.45965e-13
2.74609e-12
4.95214e-12
3.26427e-12
6.62112e-12
3.31203e-13
1.8721e-12
1.28922e-12
3.1143e-12
9.69947e-13
1.62912e-12
5.67909e-12
3.52489e-12
2.66549e-12
3.99131e-13
1.47951e-12
2.37573e-12
1.81108e-12
2.20119e-12
1.73143e-12
1.21555e-12
3.7154e-13
2.60626e-12
2.85751e-12
1.34591e-12
1.41917e-12
1.42538e-12
4.9199e-13
3.62725e-12
2.17468e-12
1.74988e-12
3.27372e-12
8.74664e-13
9.00697e-13
1.18142e-12
2.45309e-12
1.10814e-12
1.7661e-12
1.34311e-12
8.94065e-13
1.12017e-12
7.50505e-13
8.03659e-13
1.23546e-13
7.79191e-13
6.54723e-13
3.66117e-13
1.78848e-12
5.12411e-13
7.78594e-13
1.02721e-12
7.51766e-13
2.81606e-12
2.43671e-12
1.5669e-12
2.04012e-12
1.02737e-12
2.48913e-13
1.03707e-12
8.32012e-13
1.47076e-12
5.79649e-13
1.15561e-12
4.70219e-13
4.97451e-13
8.67015e-13
1.56523e-12
7.04201e-13
2.1259e-12
7.74337e-13
1.35863e-12
8.07388e-13
2.59776e-12
1.00041e-12
7.80521e-13
1.17305e-12
1.15454e-12
5.01727e-13
8.68266e-13
1.28956e-12
1.49173e-12
5.9049e-13
2.1757e-12
2.79596e-12
7.06969e-13
1.13732e-13
5.13676e-13
1.05108e-12
6.46136e-13
9.50831e-13
6.20675e-13
1.16035e-12
1.3652e-12
8.35721e-13
2.19571e-12
3.229e-13
5.97697e-13
2.80554e-13
9.2782e-13
1.36636e-12
9.69148e-13
2.4029e-13
3.30235e-13
8.52002e-13
8.24792e-13
6.82876e-13
6.48793e-13
1.04102e-12
2.16819e-13
1.34016e-12
3.02505e-13
1.15849e-13
5.59093e-13
2.1082e-12
6.21042e-13
2.50635e-13
4.08605e-13
1.50181e-13
1.75537e-12
1.54056e-12
1.14111e-12
4.83461e-13
1.46106e-12
1.1358e-12
4.27269e-13
1.12202e-12
4.77264e-13
7.64756e-14
1.27376e-12
8.005e-13
5.59054e-13
6.71249e-13
2.96004e-13
5.11692e-13
2.71183e-13
9.25237e-13
1.07717e-12
1.18277e-12
4.56564e-13
1.04409e-12
1.42333e-12
3.09241e-13
7.23873e-13
6.43945e-13
7.2882e-13
3.77279e-13
1.66296e-13
1.22347e-12
8.22412e-13
1.8894e-13
3.01624e-13
3.10652e-13
2.62864e-13
3.11329e-13
9.37623e-13
1.1512e-12
5.9919e-13
3.53423e-13
1.2285e-12
4.78825e-13
4.26848e-13
1.51098e-13
1.37416e-13
9.60586e-13
5.06411e-13
1.21732e-13
1.7802e-13
9.89357e-13
4.43473e-13
2.83241e-13
5.05467e-13
8.43793e-13
5.20695e-13
1.37102e-13
1.17132e-12
3.54345e-13
2.78963e-13
3.79473e-13
2.05214e-13
5.08405e-13
1.92795e-12
6.67595e-13
6.12e-13
9.62383e-14
2.55032e-13
7.16799e-13
2.49508e-13
1.80521e-13
6.35556e-13
4.50687e-13
4.5458e-13
3.66523e-13
4.80496e-13
6.88706e-13
2.47553e-13
1.36463e-13
1.49151e-12
6.55028e-13
6.10562e-13
2.18472e-13
1.41136e-13
9.81307e-13
3.77755e-13
6.85796e-13
6.47641e-13
1.71574e-13
3.03685e-13
4.24552e-13
5.25828e-13
4.28615e-13
2.54799e-13
2.91181e-13
8.76075e-14
1.86446e-13
7.67063e-13
4.66457e-13
1.02335e-13
6.68783e-13
4.14237e-13
4.70835e-13
2.56156e-13
2.32062e-13
2.01657e-13
2.55797e-13
5.58742e-13
5.66898e-13
2.44597e-13
2.88361e-13
3.81123e-13
6.55945e-13
9.51354e-14
3.1513e-13
5.55979e-13
1.30054e-13
1.24923e-13
1.13936e-13
3.40026e-13
3.0089e-13
3.17417e-13
2.07834e-13
5.00008e-13
6.80445e-13
3.40398e-13
3.98226e-13
