n=32
J=0.707107
eta=1
mu=0.141772
beta-optimal=0
max-overlap=0
0.216405
0.222635
0.204499
0.197334
0.185929
0.178963
0.177372
0.170146
0.155505
0.156664
0.157558
0.142663
0.150634
0.140407
0.124519
0.136404
0.124801
0.126141
0.130351
0.119513
0.109269
0.115253
0.108945
0.110233
0.105596
0.107072
0.105084
0.0972506
0.0996756
0.0944826
0.0978481
0.0920197
0.0951542
0.0887013
0.0885386
0.0845887
0.0798252
0.0828779
0.0747775
0.0791882
0.0737705
0.075896
0.0758961
0.0761705
0.0722954
0.0721488
0.0736359
0.0696198
0.0676901
0.0701579
0.068261
0.066579
0.0649098
0.0659352
0.0635258
0.0640365
0.0622057
0.0628712
0.0608101
0.0600748
0.0600295
0.0571408
0.0568452
0.0565075
0.053827
0.0552385
0.0545133
0.0532684
0.0527905
0.0524964
0.0520962
0.0489103
0.0498051
0.0518472
0.0484592
0.0495572
0.0451987
0.0468747
0.0462298
0.0445474
0.0436759
0.0455263
0.0423083
0.0431286
0.0442854
0.0405127
0.0422534
0.0425423
0.0412983
0.0406527
0.0393079
0.0392195
0.0401172
0.0388921
0.0383399
0.0378943
0.0373027
0.0357423
0.0372553
0.0384343
0.0376606
0.03458
0.0360306
0.0360358
0.0354447
0.0349628
0.0335569
0.0341109
0.0337873
0.0346386
0.0324382
0.0325559
0.0319491
0.0316806
0.0309782
0.0332969
0.0319216
0.030726
0.0308007
0.0301353
0.0300482
0.0293009
0.0298761
0.0290422
0.0286781
0.0286867
0.0276832
0.0283259
0.0275974
0.0280897
0.02842
0.0280864
0.0267911
0.0281174
0.0273608
0.0268721
0.0268964
0.0272939
0.0250888
0.0247644
0.0242605
0.0241879
0.0253126
0.0245438
0.0252132
0.0240884
0.0238997
0.0243269
0.0238332
0.0239523
0.0236523
0.0229254
0.0231983
0.0220702
0.0218067
0.0224777
0.0220903
0.0218425
0.0208196
0.0218001
0.0218738
0.0204805
0.0210168
0.0208831
0.0202737
0.020531
0.0199243
0.0202514
0.0193589
0.0200264
0.0195793
0.0195696
0.0190136
0.0191662
0.0186949
0.0182806
0.0183137
0.0186451
0.0184297
0.018002
0.0179981
0.0178036
0.0170017
0.0178395
0.0174679
0.0171037
0.0170091
0.0176839
0.0169034
0.0167074
0.0169187
0.0169554
0.0161898
0.0164979
0.0159318
0.0157383
0.0158878
0.0154401
0.0155538
0.0160109
0.0153086
0.0157196
0.015455
0.015106
0.0156729
0.0147772
0.0149323
0.0146393
0.0144942
0.0142286
0.0138585
0.0144457
0.0140014
0.0138086
0.0140851
0.0132519
0.0133028
0.0135299
0.0132517
0.0134261
0.0128286
0.0130418
0.0131814
0.0129788
0.0125239
0.012721
0.0125625
0.0122696
0.0123335
0.0127739
0.0118826
0.0123459
0.011634
0.0117193
0.0111913
0.0116523
0.0112895
0.0115501
0.0113711
0.0112153
0.0113514
0.0111742
0.0110959
0.0107367
0.0107745
0.0101958
0.0103396
0.0102758
0.0101302
0.0103178
0.0101113
0.0100778
0.00988924
0.00915312
0.0092412
0.00914949
