n=32
J=0.707107
eta=1.74684
mu=0.129114
beta-optimal=0
max-overlap=0
4.89935e-12
1.37337e-12
9.35363e-13
7.98339e-13
4.35344e-12
1.86969e-12
2.50686e-12
5.17057e-12
2.70222e-12
5.27274e-12
3.56149e-12
6.83784e-13
2.65258e-12
5.28129e-13
1.77918e-12
7.01672e-13
1.24481e-12
1.39135e-12
4.1207e-12
5.24372e-13
2.23569e-12
6.37428e-13
4.94266e-13
2.90141e-12
9.15051e-13
2.28946e-12
2.10534e-12
1.31156e-12
6.36241e-13
1.64371e-12
1.56857e-12
1.00704e-12
2.61458e-12
1.4082e-12
6.39843e-13
2.77906e-13
1.95668e-12
1.41352e-12
1.0606e-12
1.54031e-12
1.61732e-12
8.98955e-13
3.04437e-13
7.14669e-13
6.31945e-13
7.21077e-13
1.01838e-12
3.34423e-13
1.53281e-12
6.72962e-13
5.58316e-13
7.72652e-13
5.00246e-13
9.75002e-13
1.30402e-12
1.09513e-12
1.44877e-12
2.49268e-12
1.07251e-12
1.3104e-12
2.05685e-12
7.28572e-13
9.55353e-13
2.30625e-13
1.60012e-12
3.59708e-13
1.74254e-12
3.6943e-13
1.1281e-12
6.30709e-13
1.48552e-12
2.27903e-13
2.34795e-13
1.00544e-12
2.94463e-13
8.78921e-13
1.72687e-12
4.61494e-13
9.79301e-13
6.66701e-13
6.83324e-13
9.40052e-13
1.72977e-13
1.94089e-12
6.66646e-13
1.00483e-12
8.79969e-13
1.1475e-12
7.95782e-13
5.94855e-13
3.22791e-13
2.74002e-13
7.23603e-13
2.83162e-13
7.70075e-13
4.6264e-13
2.86894e-13
2.01327e-13
7.8581e-13
3.06001e-13
6.14395e-13
6.04138e-13
1.09936e-12
1.11378e-12
1.80225e-13
7.52342e-13
1.13893e-12
8.26569e-13
2.03327e-13
3.45398e-13
5.05953e-13
4.87395e-13
6.1083e-13
2.19096e-13
1.00431e-12
6.47025e-13
5.75015e-13
3.23766e-13
2.44616e-13
8.44149e-13
1.94514e-13
3.01577e-13
1.21016e-12
5.31818e-13
4.37593e-13
9.13392e-13
7.05922e-13
6.73501e-13
3.37106e-14
4.25428e-13
7.21241e-13
1.59667e-13
4.5719e-13
6.10452e-13
1.29193e-12
4.50061e-13
2.47989e-13
5.73826e-13
6.55125e-13
3.09838e-13
1.19797e-13
4.81511e-13
9.07774e-13
1.32316e-13
4.30633e-13
3.40128e-13
9.17509e-13
1.33597e-12
1.53029e-13
3.47109e-13
3.81228e-13
3.03247e-13
9.2761e-13
4.85141e-13
2.95293e-13
2.32735e-13
6.04709e-13
3.74356e-13
4.40093e-13
5.48566e-13
8.31688e-13
1.03895e-12
9.29505e-13
4.30975e-13
2.45383e-13
4.93799e-13
2.89918e-13
5.92969e-13
6.72951e-13
5.02578e-13
8.23961e-14
7.42141e-14
4.70796e-13
3.34736e-13
8.33706e-13
2.47621e-13
4.52981e-13
6.09729e-13
8.22881e-13
6.5898e-13
5.41817e-13
4.06344e-13
8.93884e-13
8.20186e-13
4.91226e-13
5.14946e-13
9.95213e-13
6.12039e-13
1.49976e-13
6.01883e-13
4.12999e-13
4.32326e-13
5.12059e-13
9.29157e-13
7.46295e-13
4.89746e-13
6.8223e-13
9.93036e-13
7.33757e-13
7.2286e-13
8.11639e-13
6.85449e-13
5.65647e-13
2.79074e-13
8.07994e-13
4.11327e-13
3.49316e-13
5.7558e-13
3.37708e-13
1.99365e-13
6.06424e-13
7.89415e-13
5.6572e-13
5.85662e-13
4.33109e-13
5.87023e-13
9.56195e-14
5.76271e-13
4.30401e-13
3.64115e-13
3.8223e-13
1.18328e-13
2.53314e-13
3.95886e-13
1.44499e-13
5.20082e-13
4.62403e-13
5.46024e-13
3.4054e-13
4.97694e-13
3.34023e-13
4.97238e-13
7.09092e-13
4.84073e-13
6.55829e-13
2.8847e-13
2.58785e-13
1.70725e-13
8.69411e-13
1.49136e-13
1.85559e-13
2.45658e-13
3.23396e-13
3.35704e-13
2.88739e-13
8.22943e-13
5.86449e-13
3.91195e-13
5.91504e-13
5.27046e-13
7.78118e-13
8.18224e-13
1.62472e-13
5.89927e-13
1.79901e-13
4.64625e-13
