n=32
J=0.707107
eta=1.34177
mu=0.078481
beta-optimal=0
max-overlap=0
2.53803e-12
4.49562e-12
7.61493e-12
7.34624e-12
2.99572e-12
2.56421e-12
3.07299e-12
5.42248e-12
5.57552e-12
9.09165e-12
3.18208e-12
8.10077e-13
2.12473e-12
3.47193e-13
3.01403e-12
1.16577e-12
6.91114e-12
6.46579e-13
2.32029e-12
1.17266e-12
6.15468e-13
1.84089e-12
6.97681e-13
2.06798e-12
1.41249e-12
1.54125e-13
1.52027e-12
1.38309e-12
4.5512e-12
1.08259e-12
3.11581e-12
1.3036e-12
3.63007e-12
1.23602e-12
1.54352e-12
5.27792e-13
2.391e-12
1.04958e-12
3.87621e-13
1.55574e-12
2.03601e-12
1.22577e-12
9.87834e-13
1.13506e-12
7.512e-13
3.05374e-12
5.37801e-12
1.39254e-12
1.88159e-12
7.8926e-13
1.0202e-12
5.01619e-13
4.66636e-13
2.49464e-12
2.19792e-12
8.52622e-13
1.12811e-12
2.1894e-12
1.11992e-12
8.70161e-13
3.63597e-12
1.32072e-12
8.63812e-13
6.25992e-13
7.24507e-13
1.82689e-13
4.20598e-13
7.98666e-13
1.55083e-12
1.14728e-13
2.14593e-12
1.59274e-13
4.57994e-13
1.41156e-12
1.13511e-12
1.92394e-12
1.22884e-12
4.93153e-14
3.8655e-12
2.4926e-13
2.5488e-12
6.16233e-13
9.28941e-13
1.32779e-12
4.78094e-13
1.06778e-12
9.14409e-13
1.18006e-12
2.29573e-12
1.4222e-12
1.0426e-12
2.09208e-12
6.03551e-13
1.92813e-12
3.58978e-13
5.01868e-13
6.16657e-13
1.19734e-12
5.30622e-13
4.46099e-13
2.42214e-12
9.04471e-13
5.79211e-13
1.16465e-12
3.11221e-13
9.04391e-14
1.83094e-12
3.2163e-13
1.39602e-12
5.90598e-13
4.12884e-13
1.64665e-12
1.43387e-12
2.59533e-13
1.04524e-12
3.62542e-13
5.6167e-13
4.42252e-13
4.00383e-13
4.89496e-13
5.18412e-13
5.35227e-13
1.05215e-12
9.1666e-13
7.36257e-13
4.42213e-13
1.101e-12
2.05894e-13
3.6005e-13
7.1528e-13
7.80487e-13
5.82744e-13
4.11013e-13
3.24108e-13
6.00764e-13
6.24388e-13
5.4009e-13
2.89628e-13
1.11727e-13
4.29879e-13
1.27477e-12
1.02613e-12
8.52913e-13
5.8539e-13
1.09387e-12
9.03628e-13
2.41278e-13
2.75507e-13
1.49051e-13
5.21926e-13
7.60021e-13
4.49536e-13
9.75223e-13
2.07795e-13
9.34522e-13
7.95157e-13
7.32115e-13
3.65656e-13
1.70741e-13
9.87751e-13
9.95543e-13
6.70209e-13
6.43271e-13
1.1145e-12
1.84966e-13
2.22599e-13
1.06307e-12
1.67657e-13
3.92575e-13
1.15403e-12
7.32353e-13
2.16137e-13
4.39049e-13
5.33329e-13
4.60581e-13
5.83205e-13
2.30477e-13
5.99819e-13
1.7204e-13
7.09186e-13
2.70827e-13
4.63989e-14
1.90661e-12
7.73919e-13
9.73521e-13
4.06517e-13
1.89473e-12
4.10128e-13
1.12693e-12
3.44847e-13
3.27187e-13
6.35933e-13
2.57397e-13
1.13049e-12
1.09824e-12
6.97945e-13
1.03342e-12
2.07979e-13
3.46348e-13
2.82239e-13
8.76283e-13
3.7414e-14
2.56758e-13
7.80823e-13
9.98018e-13
7.46167e-13
2.90077e-13
1.15356e-13
2.27128e-13
2.02776e-13
1.24795e-12
1.76088e-13
1.16449e-13
3.41015e-13
7.76112e-13
2.91519e-13
1.51866e-13
8.11563e-13
7.35861e-13
2.67658e-13
4.30959e-13
1.9495e-13
3.70599e-13
3.4464e-13
1.21296e-12
3.90067e-13
2.66435e-13
7.89509e-13
3.22042e-13
7.34838e-13
4.09377e-13
3.21797e-13
2.74549e-13
2.53102e-13
7.1533e-14
8.34906e-13
2.78047e-13
7.17037e-13
5.73633e-13
3.36927e-13
4.89159e-13
1.32537e-13
1.37287e-13
2.93634e-13
1.5554e-13
4.25834e-13
9.83608e-14
3.10678e-13
5.56601e-13
1.6006e-12
1.97e-13
6.91175e-13
5.25195e-13
6.03884e-13
9.2719e-13
8.10576e-13
