n=32
J=0.707107
eta=1
mu=0.15443
beta-optimal=0
max-overlap=0
0.22346
0.205876
0.202547
0.185811
0.182385
0.176541
0.172842
0.165587
0.159325
0.152689
0.159358
0.154305
0.144484
0.139957
0.135626
0.128312
0.120217
0.119649
0.114806
0.117286
0.121346
0.114566
0.110469
0.108663
0.108667
0.107926
0.103774
0.10055
0.0957704
0.0980428
0.0955018
0.0896883
0.0897736
0.0932537
0.0889954
0.0871981
0.0842959
0.0828268
0.0853795
0.0778595
0.0789136
0.0787199
0.076968
0.0784366
0.0723419
0.0710691
0.0724893
0.0687174
0.0671126
0.0683823
0.0638603
0.0662603
0.0663536
0.0651322
0.0624131
0.0651872
0.0638206
0.0610329
0.0618267
0.0601903
0.0577659
0.0585755
0.0568829
0.0578747
0.0580693
0.0536272
0.0542097
0.0559975
0.0545095
0.051056
0.052425
0.0529824
0.0535756
0.0507078
0.0503866
0.0495167
0.0479972
0.0488902
0.0500367
0.047905
0.049121
0.0471837
0.04533
0.0446699
0.0441946
0.0442315
0.0431869
0.0412938
0.0444271
0.0418515
0.042903
0.0411922
0.0414036
0.0404798
0.0409658
0.0418647
0.0387093
0.0386748
0.0384243
0.037564
0.0389429
0.0367922
0.0390436
0.0370154
0.0373349
0.0352183
0.0356309
0.035098
0.034662
0.0363791
0.036391
0.0356972
0.0349348
0.0346815
0.0353225
0.033342
0.033368
0.0319771
0.0325235
0.0329852
0.032475
0.0316979
0.0308589
0.031382
0.0316968
0.0316806
0.0305357
0.0293995
0.0300349
0.0301643
0.0290516
0.029211
0.028563
0.0279711
0.0281545
0.0281662
0.0278378
0.0271597
0.0264938
0.0264331
0.0265117
0.0262481
0.0265652
0.02616
0.0252886
0.0247067
0.0245671
0.0258301
0.0254052
0.024509
0.0249534
0.0247047
0.0244528
0.024626
0.0238714
0.0238598
0.02383
0.02337
0.0230504
0.022828
0.0229891
0.0221251
0.0215262
0.0219002
0.0220975
0.0220958
0.0217007
0.0226113
0.0218019
0.0217143
0.021429
0.0204264
0.0213679
0.021001
0.0200565
0.0204534
0.0197438
0.0191197
0.0205833
0.019327
0.0189178
0.0192448
0.0188202
0.0192952
0.0190232
0.0182399
0.0188596
0.0180772
0.018071
0.0181579
0.0178934
0.0176282
0.0172652
0.0178286
0.0176958
0.017346
0.0173176
0.0173264
0.0169589
0.0170325
0.0170611
0.0162135
0.0162357
0.0165134
0.016266
0.0161209
0.0157215
0.0161941
0.016284
0.015677
0.0162319
0.0153313
0.0157227
0.0152456
0.0154414
0.0148215
0.0147127
0.0141048
0.0146709
0.0141295
0.0147474
0.0145884
0.0138438
0.0136854
0.0145449
0.0138055
0.013644
0.0137976
0.0136893
0.0132607
0.0132752
0.0133882
0.0129757
0.0131505
0.0128797
0.0124723
0.0125869
0.0129539
0.0121947
0.0126809
0.0122374
0.0121579
0.0119564
0.0119735
0.0114927
0.0115874
0.0115683
0.0109931
0.0110307
0.0110815
0.0110657
0.0107442
0.010682
0.0104024
0.0100455
0.00991819
