n=32
J=0.707107
eta=1.21519
mu=0.0708861
beta-optimal=0
max-overlap=0
0.00148968
0.000507089
0.00248467
0.00443166
0.000529307
0.000462723
0.00216592
0.00230843
0.00145128
0.00239706
0.000164116
0.00114405
0.00179717
0.001288
0.0014226
0.00141364
0.000176607
0.00172196
0.00213553
0.00064248
0.000532128
0.000872565
0.000293877
0.00179126
9.2824e-05
8.87984e-05
0.00132588
8.1338e-05
0.00090059
0.000138907
0.00154166
2.89463e-05
0.00101694
0.000639404
0.000412927
6.53608e-05
0.000197838
0.00089836
0.000186958
0.000187861
0.000479232
0.000873269
0.000391391
0.000228624
8.81902e-05
0.000315792
0.000198656
0.000414893
0.00027966
0.00107789
0.000742178
0.000149264
0.000100388
0.0021543
0.000385838
0.000881753
0.000205384
0.00071418
0.000198788
0.000732408
0.000879064
0.001289
0.00018318
0.00098529
6.96059e-05
0.000231734
0.000295858
2.89073e-05
0.000172005
0.000763639
0.000785366
0.00049694
0.000653697
0.00104018
0.000566175
0.000296019
0.000668887
0.000233142
0.00132844
8.50793e-05
0.000249839
0.000655572
0.000120692
0.000447816
0.000425179
0.000203732
0.000441572
1.80081e-05
0.000509951
0.000340644
0.000315483
0.000503434
0.000643948
0.00110592
3.04188e-05
0.000359648
0.000147208
0.000431387
0.000682609
0.000282878
9.60817e-05
0.00082551
0.000256746
0.000439937
0.000545163
2.95886e-05
0.000381588
0.000268549
4.16708e-05
0.000283936
0.000339349
0.000165022
0.000465293
3.99807e-05
6.56717e-05
0.000122139
0.000117801
0.000154082
3.24693e-05
0.0011222
0.000151021
0.000140399
0.000160927
5.58426e-05
8.74539e-05
0.000199862
0.000557896
7.88951e-05
0.000391746
0.000769209
0.000368738
0.000211167
0.000310702
0.000463805
0.000796194
0.000383065
0.00054317
0.000232151
0.000422001
5.12577e-05
0.000154544
0.00044942
0.000174926
0.000368138
0.000157058
0.000204867
1.19413e-05
0.000112602
0.000117177
0.000463664
0.000570251
0.000345799
4.72624e-05
0.000116514
3.1462e-05
0.000261772
0.000251023
0.000201851
3.18973e-06
7.50584e-06
0.000158075
0.000312147
0.000508609
0.000528298
0.000355343
0.000420894
0.000210325
0.000230654
0.000112153
2.44477e-05
7.32875e-05
0.000181247
4.13983e-05
0.000222551
5.25474e-05
0.00041551
0.000132035
8.9626e-06
0.000503969
0.000202528
0.000357546
0.000119158
0.00012437
0.000389547
0.000574716
9.27161e-05
0.000256531
0.000356536
0.000406556
2.19257e-05
1.74097e-06
0.000504047
6.61457e-05
0.00021377
0.000393674
0.000189251
0.000130725
0.000107477
0.000319969
0.000490919
2.38327e-06
0.00024085
4.70333e-05
0.000344481
0.000364607
0.000288667
0.000125129
0.000302299
7.97477e-05
0.000162358
4.87358e-05
3.2331e-05
9.73573e-05
0.000128553
4.27352e-05
0.000264595
6.62365e-05
0.000326484
2.1317e-05
0.000517296
0.00024216
5.86821e-05
0.000133313
0.000132555
7.85567e-06
0.000152967
0.000153453
2.35695e-05
0.000458448
0.000278187
0.000282453
8.86622e-05
0.000316522
0.000149662
8.10617e-05
0.000408311
3.51816e-06
4.49861e-05
1.20315e-05
0.000424344
0.000343881
0.000166586
3.6772e-05
0.000211491
2.57379e-05
6.11111e-06
2.59471e-05
0.000222485
0.000218417
0.000279579
3.69654e-05
0.000425661
0.000203927
0.000143965
0.000454981
2.51152e-05
