n=32
J=0.707107
eta=1.06329
mu=0.035443
beta-optimal=0
max-overlap=0
7.53024e-12
2.21932e-11
5.11494e-11
1.77769e-11
6.01788e-12
1.05711e-11
4.93261e-12
8.46785e-12
1.60994e-11
1.84031e-11
1.21388e-11
4.69063e-12
2.42881e-12
3.54226e-12
2.74132e-12
8.53844e-12
8.39816e-12
4.36683e-12
3.38306e-12
6.63597e-12
6.6403e-12
6.37475e-12
2.68289e-12
1.35217e-11
3.68156e-12
1.67781e-12
4.84343e-12
8.9107e-13
7.40203e-12
1.51376e-12
4.5741e-12
1.86277e-12
2.69232e-12
2.27574e-12
5.62133e-12
1.23367e-12
9.17894e-13
2.51569e-12
2.10177e-12
2.763e-12
2.15499e-12
1.43227e-12
3.7281e-13
3.43233e-12
2.15674e-12
3.47257e-12
5.84543e-12
9.77781e-13
2.18529e-12
8.78766e-13
2.0811e-12
4.42795e-12
2.15703e-12
4.61372e-12
5.5536e-12
1.1045e-12
3.46075e-13
1.19936e-12
3.16524e-12
1.95054e-12
3.83023e-12
3.18554e-12
1.85726e-12
1.05847e-12
1.36484e-12
2.80018e-13
9.23578e-13
1.03235e-12
3.45407e-13
2.24854e-13
2.16144e-12
9.17184e-13
2.01098e-13
1.85872e-12
1.51106e-12
6.37208e-13
2.2827e-12
9.61748e-13
5.428e-12
2.83901e-12
1.63021e-12
1.16348e-12
1.30554e-12
6.3996e-13
1.63475e-12
2.33947e-12
1.17998e-12
1.82239e-12
2.22935e-12
7.28936e-13
6.65066e-13
3.11788e-12
6.24635e-13
6.46958e-13
6.97089e-13
4.85806e-13
8.3225e-13
3.40145e-12
1.23608e-12
2.08389e-12
2.8333e-12
6.15783e-13
1.2182e-12
2.95003e-13
1.70112e-13
9.32585e-14
1.92391e-12
6.16071e-13
1.13398e-12
1.16345e-12
1.13644e-12
1.38961e-12
1.09438e-12
7.89501e-13
1.22765e-12
5.11845e-13
2.53403e-13
3.23546e-13
3.78913e-13
1.51549e-12
1.3218e-12
3.0645e-13
9.10989e-13
1.20523e-12
7.0794e-13
1.01081e-12
1.2285e-12
1.62171e-12
1.3423e-12
1.60826e-13
2.11115e-12
1.30783e-12
4.55716e-13
3.03502e-13
1.22243e-12
1.54727e-12
1.6647e-13
8.15014e-13
4.54236e-13
4.28903e-13
3.4359e-12
1.10075e-12
6.05324e-13
4.69067e-13
8.76157e-13
1.3521e-12
8.29312e-13
1.55448e-12
7.97141e-13
4.04319e-13
5.32187e-13
7.05981e-13
7.40996e-13
1.42421e-12
1.66108e-12
1.00325e-12
1.30441e-12
1.78083e-12
4.98288e-13
3.80728e-13
3.29466e-13
2.83468e-13
8.6101e-13
2.01895e-12
8.83538e-13
1.54204e-13
1.25057e-12
6.40143e-13
3.81565e-13
8.59723e-13
3.54895e-13
3.32933e-13
1.74769e-13
5.77392e-13
1.21006e-13
8.78593e-13
5.42651e-13
1.717e-12
5.85202e-13
1.32142e-12
1.94559e-13
1.07315e-12
1.72537e-12
1.93294e-13
9.53515e-13
6.96646e-13
1.99179e-12
1.01899e-12
1.6194e-12
2.01491e-13
6.35209e-13
1.12029e-12
5.97845e-13
8.17435e-13
5.30432e-13
1.99406e-12
1.78992e-12
6.09642e-13
1.36803e-12
3.76409e-13
8.55148e-13
8.25267e-13
4.12676e-13
2.68189e-13
2.07825e-13
1.19828e-12
4.08486e-13
1.70136e-13
2.39972e-13
5.87031e-13
7.48407e-13
5.18729e-13
2.29033e-13
8.97252e-13
6.79838e-13
5.01752e-13
9.05576e-14
1.14162e-12
6.83291e-13
3.90007e-13
5.19228e-13
1.05857e-13
1.75861e-12
3.7886e-13
5.64947e-13
7.77337e-13
2.60699e-13
6.05292e-13
7.19724e-13
2.28644e-13
5.51262e-13
6.68563e-13
5.38728e-13
6.91814e-13
5.64947e-14
1.96204e-12
1.32086e-13
8.77734e-13
3.67087e-13
2.2724e-13
8.79263e-13
3.40556e-13
1.13077e-12
8.48396e-13
3.72685e-13
8.35428e-13
3.32522e-13
4.57387e-13
1.15144e-13
1.64443e-12
5.03663e-13
4.94557e-13
1.18989e-12
6.79295e-13
7.93308e-13
8.15285e-13
