n=32
J=0.707107
eta=1.03797
mu=0.0481013
beta-optimal=0
max-overlap=0
0.00484772
0.00517606
0.000809643
0.0024077
0.00471988
0.000976607
0.000843576
0.00481038
0.000613471
0.00047781
0.00431699
0.000162709
0.00096346
0.000127178
0.000361095
0.00135145
0.000454271
0.000681734
4.64323e-05
0.000140556
0.0026336
0.00338104
0.000349225
0.00100963
0.0012146
1.84016e-05
0.00134742
0.00108706
4.74519e-05
0.000680402
0.000592573
0.00178467
0.00132274
4.44346e-05
0.000508014
0.000657624
0.000120584
0.000953262
0.000546738
0.000844437
0.000318885
0.000295463
0.000320969
0.000727575
0.000562503
0.000869642
0.0012069
0.000764984
0.000203339
0.000791424
0.00200314
0.00018538
0.000178272
0.000874652
0.000740591
0.000844788
0.00128396
0.00110017
3.86958e-05
0.000381262
0.000947696
0.000841654
0.000291183
0.000602439
0.000250441
0.000134664
0.00038047
0.000794956
0.000633882
0.000330358
5.13078e-05
2.95804e-05
0.000134118
0.000185429
0.00102067
0.000342637
0.000258086
1.67417e-05
8.59198e-05
0.000158421
0.000221072
0.00039238
0.000346537
0.000474459
7.40432e-05
0.000821065
9.44549e-06
0.000631764
0.00013623
0.000173806
0.000638686
0.000219637
0.00026102
0.000351933
0.000137596
0.000342694
0.000137022
0.000315531
8.7891e-05
0.000670646
0.000171831
0.000125858
0.000425277
0.000727072
0.000157388
0.000928833
0.000249087
0.000632447
0.000108856
0.000327411
0.000372891
0.000285143
5.81638e-05
4.45433e-05
6.14712e-06
0.000179463
0.000231128
9.49393e-07
0.000579921
1.09413e-05
7.70255e-05
0.000102786
0.000156574
2.94299e-05
4.62182e-05
0.000329038
0.00052367
5.38614e-05
8.07544e-05
0.000173126
0.000194092
4.04764e-05
0.000474978
0.000230308
5.70947e-05
0.000207158
0.00016303
0.000226608
0.000335717
9.80263e-05
0.000484079
1.28198e-05
0.000103133
2.11993e-05
4.44265e-05
0.000103344
0.000533921
3.1563e-06
8.55804e-05
0.00025819
0.000125417
0.00016002
0.000110427
5.00915e-05
2.84701e-05
9.7931e-05
3.8171e-05
8.9145e-06
0.000206032
0.000304938
5.23706e-05
7.68966e-05
0.000575552
4.78905e-05
6.82572e-05
0.000233326
0.000146435
5.96584e-05
0.000199557
0.000538085
0.00012243
0.000150443
5.30785e-05
0.000149197
0.000266564
6.47407e-06
0.000128892
4.51013e-05
0.000257096
0.000130732
9.50801e-05
1.33499e-05
0.00028101
7.72793e-05
0.000193473
0.000396409
0.000110709
2.35756e-05
9.84147e-06
3.53743e-05
0.000123936
3.96363e-05
0.000100832
0.000103231
4.78301e-05
0.000153355
1.70814e-05
5.11294e-06
0.000117243
0.000291943
0.000115551
8.05208e-05
2.66228e-06
0.000163035
1.10555e-05
0.000209464
0.000126533
0.000109827
0.000172267
9.6054e-06
0.0001513
0.000127271
6.98756e-07
0.000201117
0.000401555
0.000135063
0.000150504
0.000274176
0.000269099
4.85253e-05
2.45376e-05
0.000153307
2.33356e-05
0.000205756
0.000126537
0.000113395
2.59752e-05
9.02574e-05
0.000393559
7.40496e-05
0.000117672
0.000342165
8.30683e-05
0.000143316
0.000142186
3.6718e-05
9.81757e-05
0.000113221
7.10607e-05
0.000139828
1.29473e-05
5.69878e-05
2.36009e-05
0.000139807
8.32378e-06
1.16038e-05
5.52007e-05
0.000256085
7.57655e-05
6.46444e-05
0.000256436
0.000260368
0.000119132
5.20753e-05
4.29223e-05
6.72269e-05
