n=32
J=0.707107
eta=1.06329
mu=0.0481013
beta-optimal=0
max-overlap=0
0.000974197
0.00472241
0.000370579
0.00285272
0.00415239
0.00165244
0.000218347
0.00381281
5.40786e-05
0.000211801
0.00406255
0.00045403
0.000384562
0.000860651
0.000174617
0.00199703
0.000526095
0.00115926
0.000356972
0.000706825
0.00279464
0.00236916
0.000311354
0.000639856
0.000963382
0.000446844
0.0024115
0.00100719
0.00021911
0.000492434
0.000672819
0.00143193
0.000971222
3.78311e-05
0.000602267
0.00051222
0.0003414
0.000540839
0.00028986
0.000674879
0.000505217
0.00013997
9.8946e-07
0.000841784
0.000374687
0.000893469
0.00117621
0.000524354
0.000548275
0.000691231
0.00204056
0.000125038
0.000325211
0.000932383
0.00074073
0.000735402
0.000925878
0.000989306
2.58131e-05
0.000451973
0.000745743
0.000666952
0.000271636
0.000566312
0.000210122
1.94941e-05
0.00057267
0.000779842
0.000504672
0.000172263
3.72212e-05
0.000131798
6.21327e-05
0.000163612
0.000954608
0.000144705
0.00023242
0.00018452
2.35911e-05
0.000221663
0.000226373
0.00035445
0.000454099
0.000667027
7.50325e-05
0.000964007
0.000131251
0.000674677
7.86979e-05
4.49283e-05
0.000538017
0.000268244
0.00017013
0.00037973
0.000319541
0.000333156
2.49085e-05
0.000251256
3.2894e-06
0.000436702
7.42928e-05
6.08655e-05
0.000449866
0.000668661
6.62415e-06
0.00074281
0.000149191
0.000634507
8.00037e-05
0.000333809
0.000253479
0.000232747
6.72926e-06
4.18577e-05
4.55407e-05
0.000348246
0.000202293
3.85938e-05
0.000596943
1.49303e-05
5.7073e-05
0.000113927
3.16125e-05
3.3937e-05
0.000145763
0.000230281
0.000594449
1.9578e-05
0.000201129
9.15797e-05
2.6476e-05
5.53892e-05
0.000387795
0.000238699
0.000101271
0.000298857
0.000159094
0.000193191
0.000226086
0.000173302
0.000303044
3.92568e-05
6.68532e-05
9.18844e-05
1.34081e-05
0.000125954
0.00057095
1.89727e-05
0.00014395
0.000366482
0.000135615
0.000135821
0.000139262
8.37103e-05
1.90439e-05
0.000230379
0.000124494
3.15785e-05
0.000142396
0.00022827
3.77956e-06
3.30429e-05
0.000545504
2.77984e-05
6.69291e-05
0.000245879
0.000137443
6.03298e-05
0.000256313
0.000518517
4.15684e-05
0.000131452
0.000147794
0.000134754
0.000197564
1.64603e-05
7.85436e-05
3.55462e-05
0.00026618
4.51537e-05
0.000106084
4.03458e-05
0.000268733
3.93845e-05
0.000170629
0.0003844
0.000162962
3.29014e-05
2.43676e-05
6.31044e-05
0.000179558
5.41185e-05
7.86791e-05
2.51047e-05
5.30349e-05
0.00012765
9.18195e-05
3.85774e-05
0.000133618
0.000298083
9.11424e-05
5.48088e-05
2.27996e-05
0.000120132
2.31108e-05
0.000257509
0.000118418
3.88094e-05
0.000136908
4.34298e-05
0.000157022
9.55245e-05
3.54094e-06
0.000119106
0.000419556
0.000105292
0.000113005
0.000284954
0.000250487
1.09385e-05
4.29132e-05
0.000166642
1.04245e-06
0.000357705
0.000110986
0.000193327
1.1302e-05
9.36537e-05
0.000431343
8.56875e-05
0.000115495
0.000342301
6.95136e-05
9.0911e-05
0.000218125
6.61902e-05
9.73535e-05
0.000143274
8.92515e-05
0.000199517
1.62452e-05
5.48631e-05
9.74297e-05
0.000237141
0.000104928
1.97452e-05
8.97073e-05
0.000208777
0.000147822
6.52713e-05
0.000241579
0.000272069
9.77436e-05
4.16145e-05
2.39041e-05
6.32642e-05
