n=32
J=0.707107
eta=1
mu=0.0607595
beta-optimal=0
max-overlap=0
0.504315
0.345053
0.27914
0.22788
0.206533
0.200866
0.172609
0.15907
0.130259
0.142376
0.138865
0.117027
0.110332
0.0892684
0.121599
0.0997352
0.0950763
0.0898634
0.0592793
0.074058
0.0670876
0.0753404
0.064885
0.0692152
0.061076
0.0547125
0.04821
0.0564453
0.0458366
0.0574328
0.0482161
0.0466623
0.059299
0.0499622
0.0456169
0.0441117
0.0377391
0.044265
0.0475056
0.0355887
0.0393197
0.0342926
0.0289933
0.0306757
0.0351838
0.0300386
0.0279173
0.0285313
0.0287853
0.0312581
0.0266244
0.023653
0.0307595
0.0279245
0.0249066
0.0242756
0.0217751
0.0210793
0.0217263
0.0224795
0.0244882
0.0222316
0.0200544
0.0233564
0.0203369
0.0195473
0.0213799
0.0186466
0.0212811
0.0194343
0.0159278
0.0187148
0.0161378
0.0198243
0.0175439
0.017686
0.0145274
0.0165514
0.0158277
0.0137265
0.0166725
0.0151756
0.0152718
0.0166877
0.0155027
0.0147707
0.0145018
0.012535
0.0136876
0.0157253
0.0121131
0.0137286
0.0127288
0.0124059
0.0111633
0.0112812
0.0120247
0.0120478
0.0124391
0.0110255
0.011298
0.0107934
0.0112036
0.00947255
0.0100938
0.00947635
0.0113463
0.0100091
0.00949645
0.00995627
0.00906437
0.0103071
0.0101454
0.00919374
0.00855067
0.00912924
0.00782919
0.00811673
0.00915121
0.00809239
0.00912745
0.0085459
0.00771827
0.00802246
0.0081118
0.00763558
0.00783557
0.00771045
0.00845633
0.00844223
0.0073516
0.00787425
0.00815884
0.00717213
0.00732446
0.00837667
0.00590199
0.00650697
0.00839774
0.00710247
0.00727773
0.00622896
0.00594733
0.0065923
0.00666095
0.00598732
0.00633907
0.0068418
0.0060668
0.00541838
0.00548214
0.0057315
0.00561376
0.00570078
0.00589736
0.00590522
0.00508573
0.00541023
0.00517505
0.00526985
0.00505175
0.00503262
0.00555422
0.00496483
0.00510758
0.0050143
0.00488841
0.00463529
0.00513326
0.00515415
0.00480271
0.00417029
0.00481361
0.00456073
0.00448669
0.00441068
0.00440477
0.00436874
0.00445853
0.00431226
0.00386913
0.00448655
0.00375179
0.00436402
0.00400729
0.00369551
0.00424512
0.00385923
0.00364322
0.00391704
0.0035614
0.00346589
0.00384009
0.0037512
0.00330717
0.00373792
0.00349263
0.00359882
0.00328132
0.00352606
0.0037611
0.00334355
0.003586
0.00336076
0.00358277
0.00339636
0.00354809
0.00293713
0.00331845
0.00299352
0.00326362
0.00351071
0.00321706
0.00318747
0.00291035
0.00316378
0.00292362
0.00304225
0.0027091
0.00293588
0.003122
0.00276658
0.00276476
0.00270466
0.00313672
0.00266093
0.00266615
0.00276976
0.00267125
0.00276289
0.00261963
0.00252602
0.00245797
0.0023525
0.00265244
0.00256938
0.0024122
0.00225951
0.00240329
0.00247948
0.00231456
0.0022785
0.00213797
0.00241559
0.00210341
0.00224082
0.00212693
0.00232057
0.00209718
0.00201986
0.00180512
0.00181902
0.00195269
0.00192268
0.00179246
0.00174546
