n=32
J=0.707107
eta=1.06329
mu=0.00253165
beta-optimal=0
max-overlap=0
5.43891e-06
2.5074e-05
0.000106363
8.29335e-06
3.67594e-06
7.67379e-05
6.24377e-05
1.67246e-07
0.000226935
4.84796e-07
3.50724e-05
4.80342e-06
5.60677e-06
4.88352e-05
0.000113372
1.01605e-05
2.45896e-06
2.05484e-06
1.11326e-05
7.71407e-07
5.42665e-05
7.59605e-06
1.96013e-05
1.82424e-06
5.63953e-05
5.67526e-05
5.09423e-07
8.64773e-06
2.53007e-07
9.85928e-05
3.24192e-06
2.73188e-05
2.65262e-06
2.17755e-05
9.9787e-05
2.24733e-05
1.67154e-06
5.6772e-05
4.02383e-07
2.72467e-05
8.21812e-07
7.21182e-05
2.41933e-06
5.38987e-06
1.41544e-05
1.31369e-06
1.22775e-06
1.59729e-06
2.50522e-06
3.90234e-05
6.12673e-06
1.3613e-06
2.57725e-06
2.36268e-05
8.87616e-07
2.9295e-07
1.05058e-05
5.00075e-05
2.54546e-05
1.49241e-08
4.39172e-05
1.30271e-06
3.75669e-06
2.74626e-05
1.2726e-06
2.50618e-05
2.27455e-06
1.35832e-05
6.40815e-08
2.25465e-06
2.10319e-05
1.98625e-07
3.83565e-06
1.18809e-05
1.5664e-06
1.84917e-06
1.49917e-05
1.53178e-06
2.03256e-05
1.96328e-06
1.02022e-06
6.48058e-06
1.35282e-06
3.98538e-05
6.23524e-06
8.87871e-07
1.78324e-05
9.97597e-07
7.13518e-06
3.14293e-05
1.49141e-05
2.39031e-06
2.89388e-06
4.22289e-05
3.14456e-05
1.98546e-06
2.8092e-05
6.38848e-07
4.73216e-07
3.65829e-06
6.51831e-07
3.16415e-05
9.91397e-07
4.2735e-07
7.08537e-07
2.88497e-06
3.6271e-07
7.79088e-06
1.26745e-06
2.91222e-06
3.51311e-06
1.43405e-07
1.91736e-05
2.74993e-05
1.76768e-07
9.14544e-07
1.39984e-05
2.49138e-08
3.60935e-06
1.89908e-05
9.37067e-06
8.39e-07
4.57436e-07
9.07983e-06
4.97358e-07
1.0861e-06
1.64833e-06
1.41825e-05
4.77584e-07
5.43486e-08
9.02132e-06
3.65811e-06
1.42464e-06
1.51717e-06
1.51142e-06
3.34194e-07
6.67003e-07
1.17842e-05
7.40585e-08
2.71394e-07
2.40248e-05
2.41436e-05
8.61845e-07
1.24141e-06
6.45417e-07
9.156e-08
9.81394e-06
5.20603e-06
5.64035e-06
1.24782e-06
6.33553e-07
1.04395e-06
5.03429e-07
3.39513e-06
1.01245e-06
1.84587e-05
2.07132e-05
1.50907e-07
1.01993e-05
5.47769e-05
6.35695e-08
9.95334e-07
1.00656e-06
7.2931e-06
1.23272e-06
1.34543e-06
1.97993e-07
2.91551e-07
3.75597e-06
5.21137e-08
1.37775e-05
2.05641e-05
1.09035e-06
3.02327e-05
3.25597e-07
3.25761e-07
9.43094e-07
2.12475e-07
2.6764e-05
7.85013e-07
9.2592e-06
8.76549e-06
2.00484e-06
7.33363e-06
5.25634e-07
1.13616e-05
3.13483e-07
5.00786e-06
2.94118e-07
3.55968e-05
7.82793e-07
1.57032e-08
1.8591e-05
2.11334e-07
2.83334e-06
4.10521e-07
2.15116e-05
3.81679e-07
5.10323e-06
1.27271e-07
9.0571e-08
1.49451e-05
8.31944e-06
4.97533e-07
1.37141e-06
7.97029e-06
4.76167e-06
7.88002e-08
4.98181e-07
1.51258e-05
3.70044e-07
2.61439e-06
1.5872e-07
8.15149e-07
6.62879e-07
5.03942e-06
2.97753e-05
1.03366e-07
1.13644e-06
2.66468e-05
7.27255e-06
2.38238e-07
7.638e-07
1.04659e-06
3.10502e-07
1.36176e-05
3.95727e-07
5.92025e-06
3.08259e-05
4.5336e-07
4.45322e-06
1.09128e-06
1.04269e-05
4.16983e-07
1.96118e-07
3.1892e-07
2.51043e-06
1.49281e-06
7.14621e-06
1.82056e-07
6.7775e-07
3.11408e-05
2.32371e-06
7.52801e-08
5.29451e-07
3.15391e-05
5.5695e-07
1.01559e-05
3.13851e-07
1.37313e-05
1.26427e-05
9.20624e-07
1.73335e-07
1.0399e-05
2.84908e-06
1.44095e-08
