n=32
J=0.707107
eta=1
mu=0.0481013
beta-optimal=0
max-overlap=0
0.51283
0.364564
0.309343
0.265573
0.21487
0.209838
0.140437
0.134188
0.136217
0.120931
0.0925303
0.0889131
0.107034
0.0852299
0.0867394
0.089523
0.0936741
0.0714445
0.0668295
0.057503
0.0492458
0.0547442
0.0442712
0.0441824
0.0393236
0.048463
0.0516648
0.0443818
0.0363815
0.0314799
0.0374951
0.0374031
0.0332518
0.0273218
0.0253219
0.0260999
0.0284007
0.0252635
0.0283833
0.0286642
0.0234118
0.023663
0.0252727
0.0239078
0.0210538
0.0220973
0.0202191
0.0170847
0.01978
0.0171486
0.023051
0.0164004
0.0185365
0.0161124
0.0160563
0.017403
0.0149175
0.015198
0.0171954
0.0183704
0.0120088
0.0144103
0.0138183
0.0155158
0.0163015
0.0168634
0.0115472
0.012973
0.0126143
0.0115414
0.0113216
0.0122966
0.0104401
0.0134986
0.0102855
0.011769
0.010844
0.00976723
0.00990157
0.0100044
0.00993434
0.0101385
0.00877
0.00822893
0.00789912
0.00834578
0.0102143
0.0100033
0.00783694
0.00845859
0.00710019
0.00787388
0.00763559
0.00806264
0.0074473
0.00722792
0.00625145
0.00655632
0.00674733
0.00792664
0.00714047
0.00613984
0.00690292
0.00671042
0.00608313
0.00605687
0.00725182
0.0070608
0.00514983
0.00584443
0.00620782
0.00469553
0.00493307
0.00571658
0.00643159
0.00518263
0.0057404
0.00503097
0.00556508
0.0047655
0.00656809
0.00651858
0.00482058
0.00507784
0.00518108
0.00472377
0.0043104
0.00496927
0.00454621
0.00490631
0.00462663
0.00436729
0.0041839
0.00433134
0.00403205
0.00409075
0.00415904
0.00400948
0.00413029
0.00378211
0.0038142
0.0036174
0.00380232
0.00402067
0.00372576
0.00327923
0.00326243
0.00416868
0.00328078
0.00375817
0.00413934
0.00329584
0.00326349
0.00334718
0.00382398
0.00314646
0.00301671
0.00278098
0.0038
0.00280805
0.00276282
0.00315821
0.00343798
0.00295634
0.00283029
0.00304265
0.00302394
0.00323167
0.00263707
0.00245366
0.0031584
0.00287991
0.00272431
0.00304907
0.00260537
0.00262006
0.00280839
0.00268577
0.00274173
0.00257689
0.00241936
0.00248299
0.00238221
0.00242888
0.00234836
0.00246315
0.00226668
0.00233148
0.00223392
0.00218208
0.00207024
0.00233962
0.00228405
0.00216694
0.00225229
0.00210566
0.00238368
0.00211475
0.00217634
0.0025223
0.00217273
0.00194318
0.00195001
0.00234411
0.00203084
0.00176017
0.00203967
0.00195579
0.0019407
0.00173907
0.00188777
0.00173148
0.00160645
0.00190017
0.00166391
0.00163843
0.00171733
0.00165684
0.00167626
0.00173171
0.00166818
0.00154794
0.00157397
0.00159773
0.00146315
0.0015681
0.00157276
0.00166008
0.0015757
0.00146163
0.0013912
0.00143039
0.00153198
0.00144173
0.00158677
0.0015256
0.00148314
0.00127076
0.00131202
0.00126231
0.00140286
0.00142467
0.00130841
0.00132487
0.00127407
0.00124215
0.0013232
0.00111788
0.00109718
0.00119304
0.00101572
0.00100158
0.000963228
0.00098651
0.00118894
0.000928278
