n=32
J=0.707107
eta=1.06329
mu=0.00759494
beta-optimal=0
max-overlap=0
0.000133589
0.000962319
7.03134e-05
0.00132447
0.000327243
0.00072692
0.000276685
0.000155872
0.000446641
0.000135172
9.09152e-05
6.02656e-06
0.000371597
1.31179e-05
0.000107748
0.000239546
0.000704107
7.1565e-05
2.93984e-05
9.26949e-05
2.16765e-05
0.000228072
7.94479e-06
1.19895e-05
1.52267e-05
7.4728e-06
3.00942e-05
5.21368e-05
0.00019374
6.09975e-05
2.43846e-05
5.43878e-05
2.53993e-05
4.28175e-05
3.0183e-05
2.08785e-05
9.27946e-05
3.55664e-05
0.000163771
1.55399e-05
0.000107368
6.80541e-05
2.24155e-05
3.62098e-05
7.22464e-05
1.13954e-05
1.88949e-05
2.89155e-05
4.77571e-05
4.80362e-05
1.13871e-05
5.11654e-05
6.6454e-05
2.134e-05
0.00010051
1.53047e-05
0.000142703
2.25523e-05
0.000158561
0.000213805
1.48224e-06
0.000160303
8.61852e-05
1.55643e-06
2.12532e-05
3.27265e-05
5.13897e-05
2.04212e-05
4.56359e-06
8.00017e-05
1.18424e-05
3.09434e-05
0.000105643
1.66748e-05
5.05968e-05
2.66215e-05
9.51791e-05
1.21471e-05
3.67044e-05
5.17925e-05
9.71673e-06
5.83854e-05
1.15885e-06
4.35187e-05
1.96311e-05
1.67734e-06
1.57024e-05
8.53975e-06
1.80701e-05
2.38949e-05
4.34688e-06
2.81113e-05
1.11747e-05
7.41782e-05
1.52732e-05
4.28705e-06
4.91018e-05
1.18766e-05
6.33723e-06
1.97517e-05
1.47901e-06
2.09992e-05
3.84747e-06
3.13405e-06
8.84426e-05
2.28655e-05
1.85851e-05
6.3282e-05
1.12044e-05
1.56148e-05
2.59577e-05
9.93383e-05
7.94931e-06
3.38971e-06
1.27587e-05
4.06064e-05
5.46748e-06
5.96613e-06
2.07156e-05
2.59868e-06
8.89661e-06
6.53931e-06
7.38384e-05
1.70501e-05
3.08342e-07
7.56688e-05
2.81502e-06
3.76426e-06
1.83337e-05
2.032e-05
6.4391e-05
1.14032e-05
3.84002e-06
2.36691e-06
1.99222e-05
3.61112e-06
2.48996e-06
1.48112e-05
2.25512e-05
1.66997e-05
6.10382e-05
5.23907e-06
4.08031e-05
3.10351e-06
4.81143e-07
5.72697e-05
2.66559e-05
9.80997e-05
1.08903e-06
9.97993e-05
1.86833e-05
8.60889e-06
1.55659e-05
1.54469e-05
7.2882e-06
1.70626e-05
3.57552e-06
4.25337e-05
3.12829e-06
0.000107732
1.68141e-06
6.93813e-06
8.28557e-05
1.12418e-05
2.56653e-05
9.25782e-07
1.3387e-05
4.86433e-07
7.30744e-06
0.000100999
2.30104e-05
1.16421e-05
3.5229e-05
5.70679e-07
3.93507e-06
4.81356e-06
5.84961e-05
4.18679e-06
3.7351e-08
3.73712e-06
5.66538e-06
1.97108e-05
4.25134e-06
4.439e-05
3.12728e-05
5.93528e-06
3.37429e-05
3.64214e-06
1.58326e-06
5.2747e-06
5.12616e-05
6.44799e-05
6.39382e-06
4.93521e-06
2.21844e-06
4.75675e-06
9.94633e-05
8.93874e-06
7.90547e-05
4.66266e-05
2.30104e-06
9.21405e-06
3.75413e-06
3.87704e-05
4.39059e-06
7.19631e-05
1.77424e-05
5.54136e-06
1.79907e-08
5.3572e-06
8.49521e-07
5.75848e-05
4.79655e-06
7.56139e-06
2.75089e-05
3.66252e-05
4.11328e-05
6.42716e-06
1.56044e-06
5.54101e-06
9.26616e-06
1.1933e-06
2.86454e-05
3.20099e-06
4.55062e-05
1.19723e-05
5.42333e-06
4.37353e-05
1.86273e-06
8.71191e-07
6.1993e-05
1.2916e-06
6.56653e-05
6.011e-06
2.49193e-06
2.26898e-05
3.475e-06
4.97753e-07
4.25361e-05
8.25089e-06
5.76084e-05
5.4148e-06
3.60058e-05
7.53808e-07
4.71998e-05
1.16683e-05
6.3333e-05
2.09267e-06
1.21528e-05
4.93826e-05
1.0687e-05
4.03769e-05
2.12629e-05
4.04064e-05
6.49079e-06
7.38332e-06
