n=32
J=0.707107
eta=1.06329
mu=0.0227848
beta-optimal=0
max-overlap=0
8.3059e-12
2.7204e-11
6.61227e-12
1.06757e-11
2.66065e-12
2.63323e-11
2.88793e-12
8.93115e-12
7.55658e-12
8.54019e-12
2.41054e-12
2.00313e-11
9.42166e-12
1.01574e-11
7.62292e-12
2.82511e-12
2.6987e-12
2.7697e-12
5.85941e-12
5.75515e-12
3.63149e-12
1.20389e-11
5.99531e-12
2.3075e-12
5.7729e-12
8.84775e-13
1.83339e-12
1.55998e-12
1.07359e-12
4.16566e-12
1.55509e-13
1.41444e-12
4.72305e-12
2.12443e-12
2.69947e-12
6.23388e-12
1.69031e-13
1.1094e-12
1.71837e-12
2.73617e-12
7.27455e-13
3.39445e-13
1.19683e-12
2.34613e-12
3.60946e-12
3.96687e-12
1.99839e-12
2.73056e-13
5.32939e-13
1.22165e-12
7.68621e-13
1.80396e-12
1.37346e-12
3.52052e-12
1.13275e-12
1.11051e-12
1.44417e-13
1.11917e-12
1.00745e-12
3.53825e-12
7.51686e-13
3.43489e-13
5.36406e-13
8.26101e-13
1.56238e-12
3.9534e-12
1.07134e-12
5.8831e-13
6.82833e-13
2.84934e-12
3.53069e-13
2.59432e-13
2.1711e-12
3.7009e-12
2.40979e-13
8.03287e-13
6.96525e-13
2.72535e-12
1.24859e-13
9.37399e-13
3.14541e-13
3.19436e-13
7.32271e-13
6.70664e-13
1.02061e-12
2.04242e-13
5.48665e-13
3.67013e-13
3.03037e-12
7.13748e-13
2.17099e-13
8.34212e-13
2.00334e-12
1.73792e-12
3.64736e-13
5.70654e-13
9.52445e-13
1.64659e-12
1.27451e-13
1.47652e-12
1.27497e-12
1.93501e-12
1.43343e-12
8.92679e-13
7.85107e-13
1.44218e-12
1.47854e-12
2.74247e-12
3.37792e-13
1.71495e-12
2.8672e-13
3.04894e-13
4.70005e-13
1.1046e-12
3.05228e-13
1.48656e-12
1.2178e-12
9.78747e-13
1.95164e-13
1.0735e-12
1.28042e-13
2.66642e-13
6.28324e-13
3.10016e-13
1.38244e-12
7.87141e-13
3.24073e-13
1.75636e-12
7.10182e-13
2.0465e-13
1.29109e-12
4.49564e-13
3.29949e-13
5.30569e-13
1.78063e-12
4.19256e-13
4.46651e-13
2.52041e-13
5.39348e-13
1.81351e-13
7.79424e-13
7.37535e-13
1.29366e-12
1.09963e-13
6.72437e-13
6.99184e-14
3.09681e-13
2.1482e-13
1.46756e-12
5.08216e-13
4.52435e-13
2.42946e-13
6.70583e-13
1.90428e-13
5.30485e-13
3.28941e-13
7.42973e-13
7.71957e-13
2.94194e-13
1.33269e-12
1.77293e-12
8.6297e-13
1.09047e-12
5.07874e-13
3.46603e-13
2.79742e-13
7.12997e-13
5.14467e-13
1.0258e-12
1.73881e-13
1.28246e-12
1.68199e-13
6.10087e-13
8.01167e-13
5.79025e-13
3.55701e-13
5.13393e-13
1.94507e-13
1.75952e-13
6.76183e-13
9.39704e-13
7.04878e-14
2.52138e-13
4.93216e-13
1.48029e-12
3.42801e-13
1.03116e-13
1.80763e-13
2.05922e-13
2.71683e-13
2.24922e-13
7.67422e-13
1.16156e-13
2.11988e-13
7.52088e-13
3.241e-14
2.13419e-14
1.89782e-13
6.49727e-14
4.47158e-13
5.93842e-13
9.15361e-13
8.91243e-13
8.44605e-13
5.33715e-13
2.20884e-13
1.96649e-13
2.24933e-13
3.58889e-13
6.00046e-13
5.61996e-13
1.3529e-13
5.41681e-13
2.7103e-13
2.95384e-13
2.23552e-13
2.34464e-13
3.16809e-13
3.87087e-13
3.40709e-13
5.238e-14
3.40598e-13
1.76059e-13
7.02644e-14
4.93069e-13
8.36429e-14
4.62973e-13
9.02428e-14
1.18554e-13
1.90543e-13
1.19269e-13
3.40291e-13
7.20625e-13
2.46923e-13
2.14741e-13
2.36034e-13
3.67682e-13
7.64064e-13
7.69645e-14
4.62755e-13
6.84368e-13
1.14131e-12
7.03855e-13
6.33273e-13
4.29379e-13
4.90452e-13
1.36962e-13
2.74527e-13
4.89543e-13
4.11635e-13
2.18401e-13
4.73247e-13
5.76666e-13
7.60937e-14
1.59395e-13
7.97523e-13
