n=32
J=0.707107
eta=1.03797
mu=0.0151899
beta-optimal=0
max-overlap=0
4.20976e-12
1.75057e-11
1.20803e-11
2.4647e-12
1.71674e-11
1.54462e-11
4.48339e-12
3.93093e-12
8.44298e-12
2.51287e-12
4.6387e-12
1.01872e-12
5.11009e-12
1.74562e-12
2.77703e-12
1.82248e-12
9.41096e-12
2.2197e-12
5.5107e-12
1.13648e-12
1.20896e-12
1.27089e-12
3.9836e-12
1.81779e-12
9.53015e-13
1.30627e-12
1.03569e-12
1.57318e-12
7.20715e-13
6.99442e-13
4.62541e-12
1.19252e-12
1.36124e-12
6.5744e-13
2.03854e-12
3.42609e-12
1.13313e-12
1.2145e-12
1.01069e-12
2.12336e-12
1.55017e-12
7.1744e-13
7.37808e-13
5.01318e-12
5.71202e-13
1.1259e-12
9.42004e-13
7.56621e-13
1.05338e-12
1.89497e-12
7.30194e-13
4.72559e-13
3.43915e-12
7.07894e-13
5.09206e-13
2.63347e-13
1.0364e-12
1.3204e-12
5.4843e-13
2.67259e-13
1.16167e-12
1.34696e-12
4.58563e-13
2.92061e-13
2.70069e-13
1.15277e-13
7.8252e-13
1.78351e-13
1.24135e-12
1.21991e-13
3.98913e-13
1.36222e-12
3.17814e-13
1.65508e-12
7.23464e-13
3.47814e-13
4.97673e-13
7.64935e-13
3.16402e-13
7.50327e-13
1.93948e-13
8.15287e-13
4.48702e-13
2.19084e-13
1.48024e-13
2.28431e-13
3.27899e-13
2.30485e-13
8.61711e-13
9.41103e-14
5.13965e-13
1.53482e-13
4.75189e-13
1.0047e-12
8.12929e-13
5.86297e-13
3.08253e-13
4.27497e-13
2.35565e-12
2.10563e-13
6.49534e-13
7.83688e-13
2.14026e-13
4.80372e-13
6.0594e-13
1.59355e-13
4.66823e-13
1.33011e-13
5.01523e-13
2.19602e-13
1.20116e-13
1.46441e-13
6.02395e-13
2.65e-13
5.35227e-13
1.5921e-13
3.07977e-13
7.10055e-13
2.26829e-13
2.9445e-13
2.92887e-13
3.64008e-13
1.05497e-13
3.99306e-13
6.67699e-13
2.03998e-13
9.468e-13
1.42964e-13
9.05266e-14
7.99389e-13
3.80373e-13
4.2637e-14
4.51308e-13
3.17648e-13
6.72554e-13
6.68399e-13
2.02397e-13
2.25064e-13
1.02673e-12
9.98001e-14
3.48692e-13
2.46207e-14
3.12354e-13
4.02662e-13
1.11133e-13
5.67256e-13
8.57231e-13
3.09166e-13
2.62428e-13
4.49022e-13
1.446e-12
6.26097e-13
8.33998e-13
1.43021e-12
5.84991e-13
2.20168e-13
4.5399e-13
3.16317e-13
3.16241e-13
1.20724e-13
5.47072e-14
4.77422e-13
2.03755e-13
1.42901e-13
1.96647e-13
3.3965e-13
6.79325e-13
1.28635e-13
2.38173e-13
6.92525e-13
2.73995e-13
1.01163e-13
4.13193e-14
8.43043e-14
3.07148e-13
7.67903e-13
1.98853e-13
1.31089e-13
3.59887e-13
1.3271e-13
2.38951e-13
3.77103e-14
3.99857e-13
8.33543e-14
3.29703e-13
9.02466e-13
2.22896e-13
1.05067e-12
1.46537e-13
1.40321e-13
3.2153e-13
1.39413e-13
6.75412e-13
1.08006e-13
1.35229e-13
2.27483e-13
1.81237e-13
2.61195e-14
5.78173e-13
1.00851e-13
6.7158e-13
7.28717e-13
1.37925e-12
2.9145e-13
3.1039e-13
3.68515e-13
2.02931e-13
1.74915e-13
7.09794e-13
9.10534e-14
1.13111e-13
8.23988e-14
4.54826e-14
5.30105e-14
4.29737e-13
1.08205e-13
1.04335e-12
4.28453e-13
9.68042e-13
5.42111e-14
1.23175e-13
1.64539e-13
1.78938e-13
9.76164e-14
5.20068e-13
7.19233e-14
1.47015e-13
5.8927e-14
4.57282e-13
7.95e-13
1.27696e-13
2.39812e-13
1.0432e-13
1.93406e-13
4.37418e-13
6.28658e-13
3.36892e-13
4.42039e-13
2.66406e-13
1.84681e-13
5.07461e-14
1.39887e-13
1.70033e-13
1.62032e-13
3.10106e-13
1.94535e-13
7.80297e-13
1.96298e-13
2.29956e-13
4.38494e-13
3.50472e-14
7.25018e-13
6.75677e-13
3.32942e-13
6.47638e-13
5.17986e-13
