n=32
J=0.707107
eta=1
mu=0.189873
beta-optimal=0
max-overlap=0
0.192911
0.181487
0.178765
0.177319
0.170807
0.164313
0.149966
0.14874
0.148096
0.142487
0.135865
0.136648
0.136567
0.130617
0.126436
0.126663
0.126482
0.120459
0.117593
0.113208
0.106917
0.10825
0.109709
0.107771
0.105972
0.10453
0.0969452
0.101167
0.101389
0.0984041
0.0991474
0.0957218
0.0938032
0.0949712
0.0913287
0.0921587
0.0886103
0.0841891
0.0879181
0.0849667
0.0845704
0.0842033
0.0831319
0.080332
0.0788494
0.0793731
0.0745323
0.076196
0.0745135
0.0719767
0.073032
0.0713075
0.0712373
0.0741025
0.0684648
0.0692516
0.0697874
0.0661395
0.0676857
0.0679343
0.0654492
0.0653987
0.0649949
0.0638232
0.0651748
0.0597089
0.0594415
0.0593673
0.0625737
0.0607891
0.0602474
0.0594412
0.0573625
0.0581641
0.0583862
0.0562687
0.0567189
0.0544584
0.0554634
0.0552273
0.0542352
0.0532375
0.0524452
0.0519735
0.0514532
0.0501908
0.0512841
0.0509635
0.0498251
0.050076
0.0501028
0.0479409
0.0479449
0.0486655
0.0469009
0.0487604
0.0456047
0.046601
0.0445551
0.0444215
0.0461949
0.0437047
0.0451513
0.0440518
0.0440897
0.0435757
0.0428099
0.0423626
0.0428034
0.0422499
0.0410695
0.0419406
0.0401085
0.0405708
0.0416764
0.0396473
0.0384646
0.0392686
0.0379831
0.0387793
0.0382672
0.0381208
0.0379652
0.0375371
0.0377577
0.0373514
0.0362975
0.0370658
0.0363337
0.0365555
0.0363962
0.0356966
0.0344309
0.0348
0.0342939
0.0342082
0.0344896
0.0344468
0.0333996
0.0328854
0.0336821
0.032066
0.0337376
0.0326669
0.0327042
0.0320244
0.0319207
0.0321457
0.031127
0.0318306
0.0315084
0.0300351
0.030264
0.0301125
0.0295553
0.0299998
0.0292145
0.0294107
0.0295026
0.0293214
0.029266
0.0290387
0.0284527
0.0285491
0.0278253
0.027975
0.02757
0.0278142
0.0272543
0.0269981
0.0263932
0.0275889
0.0263803
0.025988
0.0263204
0.0259339
0.0254701
0.0261264
0.0254085
0.025378
0.0250117
0.0248399
0.0251412
0.024804
0.0245079
0.0247591
0.0242622
0.0243899
0.0241953
0.0231662
0.0236412
0.0235835
0.0236588
0.0234444
0.0225461
0.0231675
0.0229278
0.0226338
0.0225019
0.0222301
0.0217325
0.0219521
0.0212013
0.0211884
0.0216889
0.0211324
0.0206902
0.0211753
0.0206554
0.0205649
0.0203927
0.0201252
0.0206837
0.0205907
0.0196004
0.0199822
0.0198864
0.0197116
0.0195498
0.0195116
0.0189836
0.0187034
0.0189811
0.0184713
0.0184489
0.0187345
0.0183739
0.0183895
0.0178706
0.0179396
0.0176563
0.0178286
0.0177307
0.0174454
0.0169291
0.017509
0.0173624
0.016713
0.0167386
0.0164917
0.0165383
0.0161023
0.0163016
0.0159902
0.0158796
0.0155504
0.0148596
0.0150193
0.0155997
0.0150425
0.0149632
0.0145787
0.0146438
0.0145517
0.0143642
0.0140595
