n=32
J=0.707107
eta=1.06329
mu=0.043038
beta-optimal=0
max-overlap=0
0.000298756
0.00414852
1.1819e-06
0.00237718
0.00352987
0.00146749
0.000163386
0.00301869
8.25538e-05
0.000190173
0.00358437
0.000727433
0.000245644
0.000740444
0.000128443
0.0019804
0.000449658
0.00129709
0.000326862
0.000901531
0.00253476
0.00192288
0.000284716
0.000544844
0.000876762
0.000439069
0.00230388
0.000834717
0.000239395
0.000362906
0.000589629
0.00114899
0.000839217
2.88465e-05
0.000534149
0.000389067
0.000276779
0.000377442
0.000251399
0.000538321
0.000429481
0.000116966
6.05463e-05
0.000789127
0.000310234
0.000864638
0.0010262
0.000343958
0.000512005
0.000622365
0.00190318
9.61365e-05
0.000312736
0.000750158
0.000609175
0.000564204
0.000686778
0.000813405
0.000102546
0.00044216
0.000617138
0.000533643
0.000209008
0.000471647
0.00019668
2.44408e-05
0.00058444
0.000655959
0.000414744
0.000108446
2.91916e-05
0.000175653
5.36777e-05
7.06283e-05
0.00082676
0.000104352
0.000143878
0.000184524
2.11517e-07
0.000195429
0.000187418
0.0003105
0.000455768
0.000577191
0.000100817
0.000870076
0.000137469
0.000593898
4.26249e-05
4.1859e-07
0.000474665
0.000214778
0.000124642
0.000309548
0.000297646
0.000269014
5.59508e-05
0.00019875
8.66037e-06
0.000327209
4.88779e-05
7.31102e-05
0.000440512
0.000549983
1.80054e-05
0.000624745
0.000119273
0.000529474
8.14954e-05
0.000298763
0.000195563
0.000167284
2.96632e-06
5.53216e-05
2.71583e-05
0.00034877
0.000147107
2.6417e-05
0.000501077
1.99655e-06
5.38399e-05
8.46764e-05
1.69012e-06
4.45328e-05
0.000140056
0.000152417
0.00054492
7.42775e-06
0.000185953
5.01584e-05
4.71415e-05
4.48044e-05
0.000330176
0.000203328
0.000106462
0.000278931
0.000127745
0.000173518
0.000190447
0.000151852
0.000214701
4.40051e-05
5.80685e-05
0.000105271
1.20048e-06
0.000106238
0.000524274
3.17032e-05
0.000132197
0.000313722
0.000134752
0.000106628
0.000136023
7.81379e-05
4.64952e-06
0.000201268
0.000134736
3.09329e-05
0.000124508
0.000176036
1.42998e-07
3.47132e-06
0.0004637
1.87062e-05
5.30232e-05
0.000213262
0.00011435
3.61917e-05
0.000222434
0.000457853
2.16825e-05
0.000103377
0.000156801
0.000115854
0.000160277
1.33131e-05
6.07744e-05
2.91542e-05
0.000225004
3.78609e-05
8.7801e-05
3.42321e-05
0.000226061
3.64378e-05
0.000136262
0.000349141
0.000149083
3.58412e-05
3.21858e-05
5.01371e-05
0.000162175
6.35402e-05
5.90931e-05
1.69218e-05
5.27659e-05
0.000101966
7.58522e-05
3.65559e-05
0.000148752
0.000254828
7.84388e-05
4.41967e-05
1.7384e-05
9.30802e-05
2.03873e-05
0.00023307
9.71496e-05
3.23182e-05
0.000117737
3.61117e-05
0.000122109
7.32401e-05
2.45264e-06
0.000104668
0.000374278
7.92456e-05
7.7886e-05
0.000236008
0.000200701
5.10096e-07
2.48922e-05
0.000132141
6.54854e-07
0.000352042
8.41296e-05
0.000192149
2.26165e-05
7.51336e-05
0.000378044
7.27814e-05
9.95825e-05
0.00027453
4.40414e-05
6.70473e-05
0.000194687
7.00566e-05
9.76992e-05
0.000123122
7.40509e-05
0.000204464
1.00182e-05
6.16595e-05
9.59107e-05
0.000229121
0.000112565
2.94418e-05
7.64582e-05
0.000181961
0.000127401
5.69181e-05
0.000188104
0.000256247
7.31367e-05
3.20727e-05
2.60738e-05
5.10846e-05
