n=32
J=0.707107
eta=1
mu=0.103797
beta-optimal=0
max-overlap=0
0.352266
0.289522
0.248272
0.230701
0.216438
0.198525
0.201843
0.157323
0.165614
0.17157
0.162209
0.156705
0.134068
0.12483
0.138879
0.133676
0.109436
0.110465
0.105364
0.100106
0.104213
0.0945333
0.0933614
0.0851638
0.0897883
0.0880705
0.0848915
0.0790097
0.07879
0.0737492
0.0773649
0.0697199
0.0680285
0.0709556
0.0763455
0.0590148
0.0631136
0.0636921
0.0635831
0.0554441
0.0577719
0.0555967
0.0627247
0.0570198
0.0582254
0.0549983
0.0523091
0.0475036
0.050481
0.0523174
0.0490053
0.0492206
0.0464168
0.0462573
0.044438
0.0459076
0.0444627
0.0403659
0.0410918
0.0402666
0.0418499
0.0385503
0.0383744
0.0402138
0.0384489
0.0405472
0.0393428
0.0327234
0.0318603
0.0332785
0.0319768
0.0364818
0.0353679
0.0329314
0.0329598
0.0321018
0.0319577
0.0308274
0.0316504
0.0309368
0.0310154
0.0299176
0.0294123
0.0305684
0.0298843
0.0272547
0.0269068
0.0282687
0.0264799
0.0255931
0.0261199
0.0256815
0.0249106
0.0239852
0.0251217
0.0252704
0.0243709
0.023145
0.022899
0.0244732
0.022521
0.0241169
0.0219656
0.0222545
0.0212508
0.021678
0.0204835
0.0209165
0.0215777
0.0211954
0.023058
0.019425
0.0189923
0.0190903
0.0191321
0.0195449
0.0197301
0.019595
0.0193863
0.01925
0.0177655
0.0181633
0.0173289
0.0182355
0.0172708
0.0180653
0.0176868
0.0167291
0.0165309
0.0164745
0.0170546
0.0168218
0.0158989
0.0165251
0.0155822
0.0156805
0.0160694
0.0152258
0.0145935
0.0141254
0.0151493
0.014232
0.015212
0.0150104
0.0146562
0.0138505
0.013327
0.0138608
0.0133058
0.0138887
0.0141248
0.0136791
0.012928
0.0138913
0.0134463
0.0123893
0.0129912
0.0139165
0.0127329
0.0126071
0.012472
0.0127576
0.0123815
0.0124947
0.0117961
0.011151
0.011726
0.0108489
0.0108362
0.0115461
0.0112588
0.0114873
0.0108548
0.0109781
0.0112218
0.0111566
0.0101339
0.0104484
0.0112056
0.0104091
0.0106174
0.0102038
0.0104598
0.0100663
0.0100808
0.00966552
0.00929242
0.0099249
0.00976328
0.00974375
0.00997696
0.00946309
0.00961947
0.00924486
0.00913396
0.0088114
0.00912555
0.00914067
0.00894843
0.00811574
0.00890695
0.00829814
0.00875202
0.00842981
0.00875795
0.00817841
0.00841716
0.00782065
0.00776391
0.00815671
0.00811658
0.00761685
0.0077529
0.00783721
0.00754953
0.00739718
0.00744346
0.00740339
0.00768665
0.00740985
0.00746705
0.00724283
0.0074039
0.00691541
0.00722508
0.00719985
0.00691701
0.00672877
0.00685899
0.00644284
0.00669308
0.00668558
0.00658575
0.00646155
0.00619004
0.00610281
0.00614359
0.00627874
0.00618959
0.0060602
0.0057694
0.00602438
0.00589554
0.0057791
0.00574516
0.00565744
0.00561501
0.005426
0.00580605
0.00512748
0.0051852
0.00524681
0.00530711
0.00528885
0.00473937
0.00471898
