n=32
J=0.707107
eta=1
mu=0.182278
beta-optimal=0
max-overlap=0
0.194725
0.178684
0.173098
0.165011
0.160473
0.159265
0.150805
0.148778
0.141525
0.142543
0.13971
0.135222
0.132199
0.126249
0.132143
0.126559
0.126004
0.122662
0.110387
0.114753
0.111435
0.113011
0.110267
0.109931
0.104633
0.102938
0.100382
0.10115
0.0971614
0.100948
0.0963124
0.095327
0.0983766
0.0947214
0.0928013
0.0914699
0.0875664
0.0909412
0.0907754
0.0847383
0.0853461
0.0833975
0.0801521
0.0801034
0.0796493
0.0774615
0.0761891
0.0765814
0.0755236
0.0762847
0.0740091
0.0723803
0.0749157
0.0725552
0.0705453
0.0694801
0.0681083
0.0683505
0.0686034
0.0680969
0.0675508
0.0668261
0.0646037
0.0667945
0.0648635
0.0643243
0.0654342
0.0623263
0.0634365
0.0622027
0.0599793
0.0610437
0.0591876
0.0611434
0.0592307
0.0596806
0.0562821
0.0567972
0.056542
0.0531093
0.0565777
0.0549497
0.0551976
0.0542567
0.0533599
0.0537142
0.0527813
0.0508102
0.0512636
0.0519991
0.0502992
0.0508949
0.0495658
0.0494818
0.0476958
0.048008
0.047677
0.0482158
0.0477544
0.0463323
0.0459979
0.0454073
0.0455011
0.0431968
0.043742
0.0434986
0.0443085
0.0436547
0.0425224
0.0422064
0.0417702
0.042473
0.0426412
0.0412654
0.0404283
0.0407775
0.0390983
0.0395535
0.0403259
0.0381395
0.0396438
0.0383086
0.0374671
0.0377357
0.0376859
0.0373527
0.0368851
0.0368417
0.0374314
0.0375827
0.0363676
0.0365978
0.0367548
0.0355806
0.0358242
0.0361192
0.0330135
0.0340878
0.0350337
0.0341332
0.0344284
0.0328763
0.0324745
0.0329657
0.0329288
0.0320275
0.0326749
0.0325644
0.0321099
0.0313007
0.0312295
0.0308108
0.0304343
0.0305121
0.0308805
0.0305177
0.029508
0.0294676
0.0289243
0.0294586
0.0289999
0.0279446
0.0295114
0.0283203
0.0286158
0.0285941
0.0279816
0.0274727
0.0277318
0.0278309
0.0270787
0.0264149
0.0269512
0.0267271
0.0265726
0.0262113
0.0257109
0.0256993
0.0256942
0.0254281
0.024687
0.0252983
0.0245306
0.0248789
0.0245109
0.0239259
0.0242091
0.0239898
0.0235199
0.0241456
0.0234019
0.022519
0.0233809
0.0233466
0.0222293
0.0228908
0.0227061
0.0224379
0.0221105
0.0221897
0.0223244
0.0216179
0.022071
0.0216232
0.0215461
0.0214059
0.0216113
0.0204268
0.0208308
0.0202074
0.0205748
0.0206404
0.0203534
0.0201088
0.0199228
0.0199981
0.0197449
0.0198511
0.0191181
0.0191414
0.0195809
0.018476
0.0189096
0.0182531
0.0187293
0.0184034
0.0182903
0.0185121
0.0181012
0.0179461
0.0178458
0.0177443
0.0173516
0.0168851
0.0174947
0.0173266
0.016635
0.0164654
0.016454
0.0166049
0.0164384
0.0163954
0.0160247
0.0161633
0.015499
0.0157582
0.0152563
0.0152957
0.014847
0.0147603
0.014228
0.0143404
0.0145418
0.0142927
0.0140512
0.0138357
