n=32
J=0.707107
eta=1
mu=0.0582278
beta-optimal=0
max-overlap=0
0.459458
0.348823
0.298663
0.296783
0.248968
0.219131
0.154464
0.150036
0.15199
0.12863
0.104736
0.108906
0.116556
0.0927193
0.0880224
0.0957512
0.0963041
0.0790141
0.0769531
0.0591883
0.0523514
0.056365
0.0609543
0.0631651
0.0524144
0.0519928
0.0373285
0.0507985
0.0532602
0.0454629
0.049057
0.0423119
0.0385098
0.0439515
0.0399013
0.0409473
0.0363725
0.0281178
0.0391354
0.0311763
0.0323929
0.0344902
0.0307068
0.0288573
0.0277992
0.0267627
0.0245118
0.0273256
0.0242442
0.019773
0.0231524
0.0206396
0.0215206
0.0264137
0.0189405
0.0217128
0.0254126
0.0186632
0.0209126
0.0194285
0.0204628
0.0202221
0.019532
0.0182968
0.0202327
0.0136105
0.0147457
0.0137921
0.0194471
0.0157458
0.0159403
0.0155177
0.0130625
0.0148508
0.0153137
0.0128794
0.0153377
0.0122058
0.0140218
0.0139119
0.0129163
0.0137077
0.0116373
0.0116161
0.011415
0.0110027
0.0121218
0.0108147
0.0108075
0.0125888
0.0112534
0.00917133
0.00959353
0.0103386
0.00914344
0.0109395
0.00892979
0.0102015
0.00922908
0.00812247
0.00962133
0.00822706
0.0101646
0.00880321
0.00896669
0.00882738
0.00845799
0.00835132
0.00871476
0.00822436
0.00763402
0.00823339
0.00719171
0.00742252
0.00846534
0.00676812
0.00645285
0.00809446
0.00630385
0.00817919
0.00723536
0.00698621
0.00722692
0.0065131
0.00733672
0.00680419
0.0056036
0.00721507
0.00636989
0.0067734
0.00691566
0.00595813
0.00580619
0.00560761
0.00612945
0.00575279
0.00609889
0.00629844
0.0055524
0.00538077
0.00644642
0.00470555
0.00686681
0.00517286
0.00560526
0.00512788
0.00506094
0.00526839
0.00474693
0.00571805
0.00542499
0.00458109
0.00463805
0.00474095
0.00498192
0.004735
0.00444967
0.00447353
0.00449784
0.0046073
0.00467797
0.00474757
0.0046114
0.00407756
0.00378896
0.00410436
0.00407945
0.00437097
0.00427248
0.00434543
0.00380831
0.00433831
0.00362193
0.00363838
0.0038881
0.00357015
0.00381655
0.00416144
0.00348295
0.00383152
0.0037996
0.00334453
0.0039985
0.0033063
0.00354054
0.00363386
0.00342659
0.00358144
0.00350085
0.00283551
0.00320651
0.00339396
0.00338264
0.0033131
0.00299275
0.00341692
0.00322688
0.00297394
0.00328182
0.0029827
0.00268973
0.00273108
0.00265916
0.00282184
0.0029391
0.00246821
0.00270915
0.00285475
0.00249995
0.00259931
0.00251402
0.00260906
0.00264839
0.00286015
0.00217484
0.00260483
0.00273793
0.00265141
0.00268266
0.00251104
0.0023645
0.00213446
0.00230754
0.00225206
0.00222719
0.00239065
0.00242255
0.00245803
0.00226843
0.00216363
0.00207011
0.00228089
0.00211855
0.00211449
0.00197974
0.00238088
0.00221582
0.00210671
0.00207257
0.00180894
0.0018612
0.00196381
0.00199218
0.00183547
0.00187627
0.00169591
0.00150282
0.00156903
0.00193415
0.00163437
0.00160365
0.00162242
0.00167896
0.00172689
0.00156645
0.00154915
