n=32
J=0.707107
eta=1
mu=0.113924
beta-optimal=0
max-overlap=0
0.280615
0.24834
0.24244
0.230832
0.213053
0.208331
0.175682
0.172917
0.172671
0.164523
0.147716
0.147636
0.155091
0.141463
0.141967
0.14249
0.142542
0.126876
0.122581
0.115396
0.102641
0.106627
0.0984748
0.096953
0.0927182
0.0986293
0.098835
0.0921366
0.0873749
0.0806409
0.0863014
0.0843431
0.080381
0.0748385
0.0720648
0.072909
0.0722567
0.0681264
0.0686125
0.0694734
0.0663619
0.0641081
0.0667497
0.0638247
0.0596969
0.0624338
0.0588792
0.0540634
0.059558
0.0537101
0.059758
0.0524003
0.0534885
0.0506355
0.0506096
0.0516313
0.0478825
0.0483126
0.0499762
0.0507066
0.0440774
0.0467813
0.0453094
0.0461593
0.0466099
0.0484805
0.0406506
0.0423227
0.0410805
0.0392878
0.0404575
0.0407692
0.0381282
0.0422267
0.036833
0.0389178
0.0372596
0.0367895
0.0362207
0.0348986
0.0356643
0.0359855
0.0330093
0.031927
0.0318768
0.0319256
0.034162
0.0333021
0.0306337
0.0307977
0.029883
0.0305867
0.0298561
0.0308889
0.0295213
0.0289462
0.0277736
0.0272696
0.0274867
0.0292541
0.027192
0.0265578
0.0276157
0.0262116
0.0260484
0.0258481
0.0272297
0.0270421
0.0237997
0.024507
0.0246837
0.0217297
0.0233083
0.0237573
0.0240557
0.0227276
0.0234688
0.0222292
0.0231092
0.0220099
0.0242503
0.0233609
0.0212806
0.0215621
0.021926
0.0209725
0.019927
0.020481
0.0206334
0.0203495
0.0198605
0.0196313
0.0188915
0.0194488
0.0190472
0.0186665
0.018241
0.0184866
0.0183652
0.0180593
0.0174246
0.0174155
0.0174001
0.0178168
0.0171392
0.0163055
0.0163259
0.0175349
0.0161116
0.0168339
0.0168769
0.0158104
0.0159852
0.0155605
0.0164155
0.0148703
0.0151446
0.014599
0.015743
0.0143759
0.0141551
0.0150267
0.0149098
0.0142613
0.0142001
0.0144579
0.0143658
0.014381
0.0135231
0.0128233
0.0142901
0.0136702
0.0135743
0.0138859
0.0129527
0.0128597
0.0132859
0.0127665
0.0132072
0.0124044
0.0123522
0.0125592
0.0122086
0.0124302
0.0121505
0.0119492
0.0116917
0.0118663
0.011767
0.0114861
0.0112167
0.0118397
0.0115803
0.0113023
0.0110901
0.0109391
0.0111587
0.0108728
0.0109212
0.0115855
0.0107451
0.0104726
0.0102093
0.0109166
0.010312
0.00983012
0.0103881
0.00997905
0.0101109
0.00944691
0.00963804
0.00940839
0.00903413
0.0093112
0.00922118
0.00895155
0.00914143
0.00893177
0.00899642
0.00921861
0.00881548
0.00864369
0.00862608
0.00858961
0.00836181
0.00870102
0.00826807
0.0086324
0.00832435
0.00800725
0.00795361
0.00784816
0.00812068
0.00782222
0.00811738
0.00802131
0.00770585
0.00745313
0.00741668
0.00726108
0.00757029
0.00749665
0.00717289
0.00725904
0.00695536
0.00696929
0.0070609
0.00676124
0.00652728
0.00658652
0.00632612
0.00634154
0.00616119
0.00609535
0.00623372
0.0057481
