n=32
J=0.707107
eta=1
mu=0.131646
beta-optimal=0
max-overlap=0
0.227817
0.235237
0.213906
0.205651
0.19267
0.184463
0.183072
0.174898
0.158176
0.159629
0.16089
0.143902
0.153065
0.141672
0.124087
0.137557
0.124628
0.126119
0.130967
0.119059
0.107829
0.114598
0.107675
0.109377
0.104342
0.105982
0.103724
0.0952359
0.09805
0.0925123
0.0960747
0.089921
0.093415
0.0862698
0.0861922
0.0823659
0.0770731
0.0803438
0.0717651
0.0765663
0.0708675
0.0732426
0.0731165
0.0735701
0.0695777
0.0694705
0.0711141
0.0667241
0.0647179
0.0674613
0.0654189
0.0637355
0.0619365
0.0632086
0.0606262
0.0612754
0.0592529
0.0601235
0.0579156
0.0572011
0.057223
0.0541452
0.0538109
0.0535967
0.0507681
0.0522447
0.0515833
0.050271
0.0498714
0.0496103
0.0491887
0.0459256
0.0468569
0.049158
0.0455778
0.0468157
0.0422014
0.0440072
0.0434873
0.0416684
0.0408096
0.042732
0.0393761
0.0402716
0.0415424
0.0376174
0.0395071
0.0398473
0.0384451
0.0378918
0.0365328
0.0364889
0.0374776
0.0361937
0.035653
0.035239
0.0346186
0.033028
0.0346511
0.03581
0.0350995
0.0319315
0.0334663
0.0334312
0.0328486
0.032368
0.0309344
0.0315705
0.0312864
0.0321166
0.0299499
0.0300808
0.0294608
0.0291744
0.0284892
0.030896
0.0295253
0.0282864
0.0283653
0.0276976
0.027645
0.0268468
0.0275243
0.0266417
0.0262817
0.0263363
0.0253511
0.0260041
0.0252757
0.0258256
0.0261318
0.0258243
0.0245193
0.0259123
0.0251303
0.0246766
0.0247008
0.0251435
0.0229098
0.0225819
0.0220757
0.0220529
0.0231815
0.0224367
0.023124
0.0219619
0.021789
0.0222594
0.0217489
0.0219403
0.0215906
0.0208839
0.0211422
0.0200242
0.0197903
0.0204921
0.0200838
0.0198621
0.0188449
0.0198599
0.0199139
0.0185373
0.0191086
0.0189556
0.0183687
0.0186186
0.0180339
0.018392
0.0174953
0.0181863
0.0177414
0.0177527
0.017194
0.0173675
0.0168626
0.0164866
0.0165152
0.0168635
0.0166696
0.0162528
0.0162546
0.0160496
0.0152834
0.0161201
0.015755
0.0154113
0.0153021
0.016006
0.0152198
0.0150201
0.0152505
0.0152994
0.0145365
0.014849
0.0143225
0.014103
0.0142912
0.01384
0.0139486
0.0144121
0.013746
0.0141753
0.0139107
0.0135562
0.0141405
0.0132702
0.0134127
0.013132
0.0129987
0.0127215
0.0123797
0.0129571
0.0125218
0.012356
0.0126323
0.0118273
0.0118795
0.0121119
0.0118496
0.0120148
0.0114335
0.0116648
0.0117952
0.0116055
0.0111486
0.0113589
0.0112132
0.0109226
0.0109999
0.011444
0.0105699
0.0110308
0.0103496
0.0104473
0.00992994
0.0103932
0.0100228
0.0102881
0.0101268
0.00997939
0.0101203
0.00995591
0.00988013
0.0095476
0.0095718
0.00902923
0.00918948
0.00912914
0.00899194
0.00917581
0.00898285
0.00895359
0.00877326
0.00806981
0.00816753
0.0080882
