n=32
J=0.707107
eta=1
mu=0.101266
beta-optimal=0
max-overlap=0
0.377249
0.304668
0.222934
0.208985
0.192088
0.189395
0.178218
0.166351
0.159002
0.156971
0.155283
0.149723
0.136789
0.133438
0.129353
0.124293
0.119859
0.110649
0.110294
0.11249
0.100555
0.10622
0.102935
0.0978781
0.0915787
0.0994206
0.0966404
0.0870848
0.0837891
0.0762808
0.0824811
0.0790646
0.0771828
0.0695457
0.0721976
0.0676117
0.0700673
0.0714535
0.0691441
0.059696
0.0651511
0.058398
0.0619023
0.0593985
0.0571674
0.059933
0.0548647
0.0578194
0.0538734
0.049684
0.0571954
0.0482584
0.0482433
0.050748
0.0474706
0.0458868
0.0444991
0.0448113
0.0417002
0.0417545
0.0414894
0.0425216
0.0439106
0.0398908
0.0375483
0.0390175
0.038163
0.0382111
0.0375982
0.0370654
0.0362451
0.0364622
0.0360277
0.0355097
0.0361065
0.0306386
0.0341515
0.0330517
0.0327742
0.0328861
0.0351975
0.0313451
0.0299076
0.0315905
0.0297937
0.0310796
0.0292844
0.0287292
0.0278608
0.027053
0.026106
0.0282727
0.0288338
0.0249603
0.0265016
0.0254842
0.0243086
0.0241631
0.0246056
0.0240241
0.0226126
0.0239901
0.022673
0.0222491
0.0214768
0.0236729
0.0216869
0.0230274
0.0215755
0.020652
0.0197495
0.0204585
0.0195972
0.0220287
0.0202032
0.0205798
0.0187191
0.0183492
0.0196092
0.0205229
0.0186411
0.0186718
0.0173694
0.018372
0.0176315
0.0186738
0.0175967
0.0172881
0.017676
0.0167822
0.0183219
0.0174154
0.0160044
0.0160067
0.0158455
0.0161282
0.0160541
0.0148625
0.0157052
0.015345
0.0156062
0.0151186
0.0156449
0.0137475
0.0144919
0.0142453
0.0144622
0.0143765
0.0139472
0.0137943
0.0140677
0.0137574
0.0137224
0.0137661
0.0133555
0.0141363
0.0126784
0.013476
0.0129042
0.0125011
0.0130857
0.012335
0.0118403
0.0121463
0.0119733
0.0118103
0.0113926
0.0121095
0.0128198
0.0119475
0.0115814
0.0115586
0.0109156
0.0106997
0.0110133
0.0110288
0.0100848
0.0103114
0.0108077
0.0106309
0.0104975
0.0110185
0.0103639
0.0106323
0.0102145
0.00968962
0.00953939
0.00940539
0.00990457
0.00983717
0.00916272
0.00960017
0.00973918
0.00933017
0.00975941
0.0093652
0.00902463
0.00852139
0.00916487
0.00942519
0.00885878
0.00913169
0.00927389
0.00870085
0.00882739
0.0087562
0.00838238
0.00815608
0.0078659
0.00812836
0.00853222
0.00765298
0.0080545
0.0077244
0.00801988
0.00763064
0.00790627
0.00727208
0.00777054
0.00733552
0.00744359
0.0070621
0.007047
0.00730966
0.00704523
0.00706946
0.00701099
0.00691897
0.00685529
0.00677555
0.00676088
0.00678252
0.00689075
0.00684857
0.00656776
0.00650125
0.00636835
0.00633686
0.00629571
0.00617622
0.00619256
0.00615175
0.00604617
0.00602813
0.00562236
0.00584464
0.00554336
0.00571343
0.00550571
0.00546873
0.00532461
0.00524475
0.00512786
0.00503733
0.00500206
0.00470377
