n=32
J=0.707107
eta=1
mu=0.16962
beta-optimal=0
max-overlap=0
0.207692
0.193214
0.190549
0.176455
0.173732
0.168705
0.1655
0.159374
0.15391
0.148515
0.153968
0.149339
0.140941
0.136986
0.133295
0.126886
0.119785
0.119117
0.11487
0.116999
0.120218
0.114473
0.110916
0.108992
0.109015
0.108389
0.104456
0.101678
0.0972473
0.0992831
0.0970324
0.0916023
0.0916141
0.0945764
0.0909873
0.0892371
0.086565
0.0852118
0.0873758
0.0806111
0.0816151
0.0814133
0.0796113
0.0808635
0.0753234
0.0741367
0.0752387
0.0718394
0.0702421
0.0715073
0.0672385
0.0693736
0.0693527
0.0683151
0.0656543
0.0680707
0.066837
0.0643753
0.0650728
0.0634577
0.0610724
0.0618312
0.0601106
0.0610374
0.0611598
0.0570054
0.0576059
0.0590897
0.0577764
0.0545032
0.0557455
0.056163
0.0567572
0.0541014
0.0536832
0.0528712
0.0514331
0.0522964
0.0533118
0.0512763
0.0523402
0.0505451
0.0488353
0.0481339
0.0476627
0.0476029
0.0465643
0.0448163
0.0477065
0.0453093
0.0462191
0.0445935
0.0447289
0.0438672
0.0442492
0.0451145
0.0420681
0.0420314
0.04176
0.0408813
0.0420996
0.0401106
0.0422332
0.0402963
0.0406211
0.0385159
0.0388925
0.0383687
0.0379538
0.0395417
0.0395428
0.038868
0.0380711
0.0378248
0.038405
0.0365074
0.0365005
0.0351044
0.0356049
0.036017
0.0355542
0.0347896
0.0339583
0.0344527
0.0347474
0.0346439
0.0335486
0.0324375
0.0330593
0.0331654
0.0320325
0.032181
0.0315637
0.0309422
0.031073
0.0311191
0.0307466
0.030058
0.0293792
0.029336
0.0293636
0.0290791
0.0293706
0.0289949
0.0281521
0.0275633
0.0273933
0.0286079
0.028189
0.027327
0.027714
0.0274113
0.0271656
0.0273156
0.0265577
0.0265104
0.0265179
0.0260301
0.025721
0.0255106
0.0256365
0.0247509
0.0241463
0.0245124
0.024683
0.0246809
0.0243047
0.0251826
0.0243835
0.0242725
0.0239766
0.0229727
0.023883
0.0235044
0.022566
0.0229284
0.0222274
0.0215955
0.0229994
0.0217598
0.0213524
0.0216673
0.021205
0.0217013
0.0214123
0.0206318
0.0212086
0.020417
0.0204039
0.0204885
0.0202053
0.019915
0.0195538
0.0201134
0.0199587
0.0196189
0.0195487
0.0195815
0.0192212
0.0192571
0.0193059
0.0184342
0.0184061
0.0186958
0.018455
0.0182711
0.0178759
0.0183311
0.0184079
0.0178145
0.0183419
0.0174429
0.0178202
0.0173286
0.0175248
0.0168831
0.0167581
0.0161377
0.016676
0.0161331
0.0167175
0.0165785
0.0158312
0.0156528
0.0165133
0.0157642
0.0155954
0.0157317
0.0156195
0.0151743
0.0151583
0.0152587
0.0148623
0.015026
0.0147097
0.0143225
0.0144076
0.0147856
0.0140142
0.0145109
0.0140399
0.0139371
0.0137077
0.0137308
0.0132437
0.0133118
0.0132898
0.0126913
0.0127273
0.0127694
0.0127327
0.0123789
0.0123156
0.0120117
0.0116458
0.0114782
