n=32
J=0.707107
eta=1.06329
mu=0.035443
beta-optimal=0
max-overlap=0
0.000999726
0.000869694
0.00322868
0.00158543
0.00370528
0.00284446
0.00519994
0.00191356
0.000896702
0.00167929
0.00323899
0.00287498
0.000770196
0.00152107
8.7195e-05
0.000736896
0.00230005
0.000420679
0.002461
7.73375e-05
0.00166822
0.000809708
5.53962e-06
0.00108587
0.000622813
0.000433493
0.00202746
0.00104467
0.000983736
0.00118979
0.000657673
0.000240171
0.000985268
0.000420033
0.000919723
0.00071375
6.40229e-05
0.000885506
0.000322583
0.00147261
0.000286239
0.000594575
0.000697409
0.000374352
0.000932129
0.000168675
0.000314727
0.000494008
1.32566e-07
0.00013243
0.000579426
0.000288978
0.000458604
0.000425274
4.75188e-05
0.000422778
0.000339844
0.000894607
0.000431587
0.000115513
0.000922993
0.000540098
0.000308625
1.62693e-05
0.000196698
8.98885e-05
7.63124e-06
8.31338e-05
0.000229267
0.000216499
0.000674031
0.000140645
0.000684108
0.000407994
0.000228156
0.000872745
0.00045308
0.00014644
0.000404431
0.00031829
0.00043736
0.000189903
0.000107878
0.000241965
0.000129785
2.98897e-05
2.28404e-05
3.72059e-05
7.59333e-05
0.000307747
0.000387257
0.000172815
4.62054e-05
0.000174019
0.000118866
1.27869e-05
0.000511926
0.000494938
0.000272051
0.000100821
0.000139676
0.000109208
0.00015601
0.000135954
0.000481299
0.000181835
0.000276323
1.10724e-05
0.0004249
5.41657e-05
4.80817e-05
0.000168335
0.000284462
0.00020405
0.000175153
8.33204e-05
0.000178495
0.000208773
0.000331527
0.000360786
3.59655e-07
0.000314972
0.000342457
0.000108314
0.000151045
0.000112002
3.60172e-05
0.000343509
7.66945e-05
0.00022407
0.000223372
0.0002494
0.000178615
0.000164829
0.00034361
0.000364569
3.99725e-05
0.000284805
0.000257158
0.000110667
0.000104841
0.000285976
4.94129e-05
0.000152523
0.000244356
9.52534e-06
0.000207221
7.2514e-05
0.000151798
0.000152754
0.000401374
0.000292562
0.000106138
0.000120674
1.38465e-05
0.000234569
0.000132496
0.000212879
6.4656e-05
3.83578e-05
0.00013975
2.68735e-05
0.000137199
7.04205e-05
0.000124648
0.000115576
0.000217235
8.72035e-05
8.70335e-05
0.00019591
8.16374e-05
9.57609e-05
0.000156318
0.00013411
5.25148e-06
7.28548e-06
6.93643e-06
7.02812e-05
0.000224977
1.92715e-05
2.72115e-05
0.000139905
9.5315e-05
7.69478e-05
0.000214714
0.000255655
0.00014416
4.48322e-05
5.49625e-05
8.6484e-05
0.000119022
6.06644e-05
0.000243413
5.02031e-05
0.000172941
0.000124869
1.80751e-05
3.97452e-05
8.03265e-05
0.000454027
0.000101007
3.23566e-05
1.33953e-06
9.8988e-05
0.000109067
9.57807e-06
4.52354e-05
7.40862e-05
3.46626e-05
1.222e-05
0.000245553
0.000197884
2.60303e-05
2.42288e-05
5.40471e-05
0.000170433
4.80526e-05
7.63725e-05
9.90696e-05
1.66724e-05
7.68151e-05
1.27514e-05
0.00014225
8.27636e-06
3.12968e-05
0.000302644
5.45176e-05
2.0296e-05
0.000105895
0.000112495
2.39354e-05
0.000148761
0.000145361
0.000119076
0.000148578
2.1549e-05
7.45621e-05
9.41154e-05
4.2338e-05
0.000110974
5.17164e-05
9.97115e-05
2.5223e-05
2.72875e-05
0.000182853
8.89111e-05
0.000136464
6.63783e-05
5.58102e-05
6.80475e-05
0.000155529
9.84243e-05
5.03362e-05
0.000117742
0.000166063
3.61451e-05
