n=32
J=0.707107
eta=1.39241
mu=0.118987
beta-optimal=0
max-overlap=0
2.71441e-12
1.09105e-12
6.34289e-13
1.11695e-13
2.59841e-12
1.86125e-12
1.76558e-12
6.43965e-13
4.31032e-13
1.88258e-13
1.34027e-12
7.34973e-13
1.89353e-12
1.58953e-12
3.92845e-12
1.33923e-12
2.55818e-12
7.3914e-13
7.89173e-13
2.4228e-12
1.30726e-12
5.35506e-13
1.27607e-12
2.16176e-13
1.22084e-12
7.03268e-13
9.96135e-13
7.41203e-13
1.65664e-12
2.53387e-13
8.28497e-13
1.37947e-12
8.80619e-13
5.32878e-13
6.54514e-13
1.49919e-12
5.22815e-13
1.31494e-12
1.68013e-12
4.49148e-13
8.48553e-13
1.86127e-12
1.43644e-12
1.68317e-12
2.67108e-13
4.67362e-13
1.43081e-13
2.77113e-13
3.55603e-13
2.38994e-13
1.67775e-12
3.05412e-13
2.32851e-13
1.46851e-12
6.68248e-13
5.89214e-13
1.0142e-12
4.41027e-13
8.84059e-13
1.07971e-12
6.18196e-13
4.18467e-13
4.03337e-13
3.1267e-13
8.33489e-13
3.98027e-13
1.22911e-12
4.07444e-13
5.33982e-13
6.27193e-13
1.16799e-12
4.87024e-13
9.15347e-13
2.81483e-13
5.60368e-13
4.28143e-13
9.8287e-13
8.96155e-13
6.09411e-14
1.57005e-13
5.74857e-13
1.04222e-13
6.89947e-13
2.07559e-13
5.08425e-13
2.62902e-13
2.63481e-13
7.13847e-13
6.75666e-13
1.04249e-12
3.20552e-13
3.32958e-13
2.45729e-13
2.64932e-13
6.64241e-13
4.74664e-13
1.68203e-13
1.88564e-13
2.78727e-13
5.31374e-13
6.29262e-14
4.41223e-13
6.57853e-13
3.45469e-14
3.90406e-13
4.7285e-13
4.21829e-13
7.03843e-13
1.40867e-13
1.96642e-13
4.6577e-13
4.45837e-13
1.04246e-13
2.39697e-13
3.32942e-13
6.77203e-13
2.94002e-13
7.86375e-13
3.65962e-13
3.89244e-13
4.07896e-13
1.72506e-13
1.59204e-13
6.22204e-13
1.25991e-13
3.40434e-13
3.44129e-13
1.46394e-13
1.47233e-13
4.42978e-14
1.88855e-13
5.11411e-13
4.31993e-13
4.16231e-13
2.389e-13
2.52122e-13
6.18462e-13
6.26537e-13
2.28451e-13
3.44917e-13
6.65455e-13
5.42598e-13
1.11381e-13
4.22497e-14
9.89902e-13
6.11825e-13
2.05795e-13
3.86379e-13
1.9394e-13
4.62041e-13
2.6853e-13
1.61553e-13
4.70651e-13
4.44801e-13
2.23411e-13
6.36261e-13
8.23502e-13
5.03209e-13
4.12832e-13
1.57519e-13
5.15978e-13
6.36173e-13
3.73277e-13
2.62347e-13
8.11237e-14
1.57028e-13
5.71709e-13
2.18278e-13
2.80604e-13
8.83497e-14
5.1108e-13
2.67666e-13
1.76123e-13
3.96041e-13
2.83175e-13
2.09413e-13
2.50942e-13
2.64245e-13
5.44156e-13
1.89872e-13
1.17472e-13
1.73986e-13
1.58186e-13
3.97038e-13
2.76105e-13
7.4712e-13
5.75213e-14
1.19001e-13
5.45641e-13
4.51833e-13
2.55303e-13
7.90063e-14
1.32696e-13
7.63674e-14
3.89493e-13
3.54078e-13
7.65411e-14
1.44406e-13
2.30655e-13
5.0656e-13
6.7914e-14
2.12842e-13
7.47943e-13
5.23825e-14
1.3907e-13
5.18174e-13
2.21362e-13
1.83058e-13
2.78701e-13
1.04271e-13
1.01887e-13
6.75871e-13
2.2346e-13
2.78226e-13
4.68497e-13
6.64473e-13
2.84046e-13
4.53514e-13
2.41469e-13
4.30361e-13
3.18013e-13
7.73715e-14
2.61222e-13
6.40075e-14
6.49194e-14
4.23602e-13
8.63948e-14
2.96959e-13
4.60766e-13
3.43212e-13
4.59089e-13
3.87277e-13
3.78076e-13
1.96395e-13
2.4671e-13
1.25583e-13
3.94908e-13
1.29067e-13
1.06954e-13
2.37642e-13
1.45158e-13
7.40561e-13
2.05284e-13
1.39821e-13
1.82846e-13
6.64412e-13
4.68912e-13
5.12906e-13
9.03595e-13
2.27591e-13
8.20681e-14
2.02479e-13
6.31779e-13
5.00944e-13
6.47218e-14
1.39267e-14
