n=32
J=0.707107
eta=1.92405
mu=0.136709
beta-optimal=0
max-overlap=0
2.21571e-12
1.51478e-12
9.0684e-13
1.55584e-12
9.3502e-13
1.09839e-12
1.23412e-12
2.04713e-12
1.20084e-12
3.24485e-12
1.46258e-12
1.01011e-13
1.13857e-12
2.89795e-13
2.38958e-12
8.9148e-13
2.98872e-12
1.51966e-12
1.0479e-12
9.17617e-13
1.60182e-12
7.18936e-13
4.14357e-13
5.8527e-13
1.48014e-12
6.90865e-13
9.98924e-13
7.41067e-13
1.09456e-12
1.08422e-12
1.50037e-12
8.08483e-13
2.19579e-12
1.67198e-13
4.62544e-13
1.64578e-13
2.26581e-12
1.02449e-12
3.49299e-13
9.17564e-13
1.11442e-12
1.54062e-13
1.52764e-13
7.37846e-13
2.51213e-13
1.03042e-12
1.89058e-12
2.53969e-13
8.32399e-13
3.37687e-13
6.59033e-13
3.69499e-13
4.51389e-14
2.1174e-13
8.01734e-13
8.52303e-13
1.44421e-13
4.11318e-13
5.01153e-13
6.08697e-13
1.67404e-12
4.91243e-13
4.6489e-13
2.26173e-13
1.11148e-12
6.10302e-13
5.27877e-13
5.66391e-13
6.19023e-13
7.06761e-13
9.53014e-13
7.82583e-14
5.25731e-13
6.55808e-13
2.71777e-13
6.95618e-13
9.52936e-13
1.4495e-13
1.04552e-12
5.74998e-13
1.07675e-12
7.83076e-13
4.09884e-13
5.29823e-13
2.36114e-13
4.62507e-13
6.72866e-13
7.2373e-13
9.04469e-13
2.93674e-13
4.92745e-13
7.79861e-13
8.80997e-13
6.72374e-13
3.64437e-13
3.26842e-13
2.36317e-13
2.11167e-13
1.59668e-13
2.97965e-13
6.44507e-13
7.6759e-13
2.79615e-13
6.00857e-13
1.212e-13
2.14023e-13
9.3623e-13
1.54965e-13
7.36192e-13
1.79468e-13
3.47347e-13
7.93238e-13
6.02912e-13
2.48019e-13
5.76608e-13
1.33691e-13
1.18555e-13
2.3014e-13
2.01083e-13
4.84918e-13
2.2702e-13
3.38443e-13
9.95892e-13
5.49247e-13
2.47551e-13
7.1297e-13
6.82043e-13
5.30329e-13
1.73452e-13
4.03782e-13
5.30747e-13
2.23562e-13
1.69864e-13
3.5772e-13
6.87902e-13
3.11751e-13
1.93082e-13
7.74967e-14
1.62741e-13
5.38526e-13
2.31585e-13
3.0726e-13
3.94355e-13
2.53785e-13
1.74001e-13
5.98221e-13
1.85635e-13
2.38803e-13
3.58551e-13
2.11954e-13
5.33204e-13
4.1764e-13
5.76394e-13
1.27421e-13
5.51636e-13
4.11559e-13
2.87489e-13
1.56522e-13
1.72164e-13
1.00249e-12
9.24202e-14
1.72717e-13
3.02681e-13
6.13404e-13
6.5373e-14
3.99232e-13
2.13522e-13
8.04073e-14
5.07121e-13
5.37284e-13
3.22045e-13
2.59858e-13
1.63804e-13
3.45701e-13
3.02792e-14
4.59248e-13
1.37285e-13
2.913e-13
4.70389e-13
1.08195e-13
1.02673e-13
4.01741e-13
4.34232e-13
1.99627e-13
4.31075e-13
5.06058e-13
6.81341e-13
4.33697e-13
8.29663e-13
3.27383e-13
2.56684e-13
1.73581e-13
4.43131e-13
5.20241e-13
6.42141e-13
3.62428e-13
2.71798e-13
1.97565e-13
6.93773e-13
2.74164e-13
2.3385e-13
1.01049e-13
2.00489e-13
2.66579e-13
8.19748e-13
2.21968e-13
4.14129e-13
7.65927e-14
1.16507e-13
2.59337e-13
6.28455e-13
2.39178e-13
2.5174e-13
3.31824e-13
4.94943e-13
2.24482e-13
5.4706e-14
5.97079e-13
4.85191e-13
9.56664e-14
1.00108e-13
3.6126e-13
2.31422e-13
3.00751e-13
3.71576e-13
2.42831e-13
2.71505e-13
2.44426e-13
5.40205e-13
6.09273e-13
3.27164e-13
5.4282e-13
3.89103e-13
2.22665e-13
2.598e-13
3.46383e-13
3.19888e-13
8.56889e-14
4.05997e-13
3.00932e-13
2.27016e-13
1.00587e-13
1.78717e-13
1.42781e-13
2.194e-13
2.39952e-13
1.46093e-13
1.65861e-13
6.68443e-13
1.14321e-12
3.71272e-13
5.93322e-13
4.40092e-13
3.32735e-13
1.87818e-13
6.83978e-13
