n=32
J=0.707107
eta=1
mu=0.136709
beta-optimal=0
max-overlap=0
0.274987
0.240483
0.217439
0.206036
0.197278
0.184953
0.187549
0.158072
0.162595
0.165941
0.158795
0.155415
0.139724
0.13275
0.140889
0.138033
0.12041
0.120161
0.115491
0.111836
0.114164
0.106619
0.105642
0.0996334
0.101697
0.100755
0.0979912
0.0927619
0.0916192
0.0877698
0.0898906
0.084308
0.0824529
0.0844883
0.0872859
0.0732773
0.0771387
0.0770685
0.077406
0.070526
0.0721191
0.0700828
0.0752487
0.0703934
0.0714374
0.0685265
0.0663241
0.0618053
0.0645812
0.0650099
0.0622926
0.0625452
0.0598035
0.0591801
0.0576222
0.058994
0.0572999
0.0533922
0.0536649
0.0531933
0.0544504
0.0513589
0.0508202
0.0522287
0.0508731
0.0525756
0.0514484
0.0453885
0.0444114
0.0455493
0.044267
0.0480875
0.0469966
0.0448097
0.0445925
0.043758
0.0434208
0.0425893
0.0432796
0.0424618
0.0421623
0.0411457
0.0404876
0.0414866
0.0406752
0.0382015
0.0380067
0.0391672
0.0374128
0.036378
0.0367181
0.036156
0.0353322
0.0344793
0.0354104
0.0351813
0.0344783
0.0330896
0.0328898
0.0344954
0.0325468
0.0340391
0.0316398
0.0317755
0.0307575
0.0311953
0.0300077
0.0304442
0.0310065
0.0304714
0.0322958
0.0286585
0.0280861
0.0282374
0.028341
0.0284642
0.0289103
0.0283712
0.0282738
0.0280545
0.026441
0.02676
0.0259217
0.0263904
0.0258144
0.0264466
0.025877
0.0249255
0.024676
0.0245695
0.0251722
0.0246984
0.0238941
0.0244888
0.0234571
0.0236456
0.0239202
0.0229711
0.0222872
0.0216781
0.0226018
0.0218367
0.0227683
0.0224955
0.0218496
0.0210006
0.0205833
0.021177
0.0203789
0.0209982
0.0211558
0.0207246
0.0198871
0.0208302
0.0204387
0.019274
0.0199265
0.0207402
0.01962
0.0195172
0.0192055
0.019431
0.018906
0.0189538
0.0182111
0.0174746
0.0179504
0.0170765
0.0170893
0.0177203
0.0174435
0.0176506
0.0169233
0.0170511
0.0172698
0.0171194
0.0160567
0.0164118
0.0172092
0.0163119
0.0165269
0.0160251
0.016282
0.0157847
0.0158133
0.0153015
0.0148815
0.0155947
0.0153433
0.015271
0.0154507
0.0149612
0.0150015
0.0146153
0.0144333
0.0140928
0.0144986
0.0143603
0.0142057
0.0132854
0.0141326
0.0133788
0.0138721
0.0135239
0.0138248
0.0131408
0.0133261
0.0126128
0.0126048
0.0130518
0.0129018
0.0123859
0.0125298
0.0126432
0.0122691
0.0120304
0.0120891
0.0120546
0.0122968
0.0119759
0.0120562
0.011772
0.011958
0.0113918
0.0116624
0.0115949
0.0112463
0.0110437
0.0111484
0.0107234
0.0108525
0.0108877
0.0107597
0.0106008
0.0102631
0.0102125
0.0101162
0.0102803
0.0101151
0.0100045
0.00966318
0.00993319
0.00967371
0.00957244
0.00950097
0.00939218
0.00934853
0.00906799
0.00945247
0.00868357
0.00869932
0.00874893
0.00879727
0.00875143
0.00803298
0.00803996
