n=32
J=0.707107
eta=1.59494
mu=0
beta-optimal=0
max-overlap=0
1.29535e-17
1.53201e-17
7.42875e-18
3.10151e-17
1.5421e-17
1.66193e-17
9.75971e-18
4.25741e-18
4.93638e-18
6.70748e-16
9.52647e-15
4.51432e-14
2.28584e-14
1.45954e-13
2.84125e-13
8.44475e-14
3.3174e-13
8.10556e-13
1.11646e-12
5.58598e-13
2.01074e-12
4.80932e-13
8.4393e-13
1.05223e-12
1.64094e-12
3.326e-13
5.9449e-14
1.94999e-14
3.97612e-14
4.27376e-15
5.30178e-18
2.78552e-18
1.36418e-17
4.24162e-18
6.0723e-18
4.47349e-18
4.33174e-18
1.33959e-17
2.46402e-17
6.44886e-18
1.3213e-17
9.45013e-18
8.76448e-18
2.211e-17
5.73821e-18
6.57641e-18
1.12235e-17
1.30739e-17
1.35739e-17
1.16585e-17
3.35193e-18
1.27234e-17
2.69521e-18
9.14767e-18
1.58502e-18
1.0123e-17
2.79722e-18
4.68165e-18
7.16771e-18
3.62551e-18
1.65519e-18
3.07658e-18
4.4742e-18
4.59215e-18
8.64786e-19
2.352e-18
8.06965e-18
9.12445e-18
1.12568e-18
9.05837e-18
6.22584e-18
6.14523e-18
2.08623e-17
1.20967e-16
1.1344e-16
8.54011e-17
1.16575e-16
1.89975e-16
8.11828e-16
7.20275e-15
2.46859e-14
2.32243e-14
1.14602e-14
2.6844e-13
9.02304e-14
2.42174e-13
1.157e-12
9.66265e-13
5.72794e-13
1.14143e-12
6.08213e-13
2.0213e-12
1.30144e-12
4.76847e-13
2.66834e-13
3.63764e-13
2.53898e-13
7.84489e-14
1.54069e-14
1.57572e-14
1.74103e-14
7.08582e-15
3.14739e-15
1.84161e-15
1.72646e-16
3.00156e-16
6.39605e-17
1.83519e-18
3.30701e-19
8.80604e-19
3.86515e-18
1.81258e-18
5.26089e-18
1.14791e-18
8.29087e-18
1.1252e-17
6.24604e-18
8.34627e-18
1.2719e-18
7.03153e-18
4.13372e-18
2.30775e-18
4.01761e-18
4.26304e-18
6.65691e-18
8.61858e-18
1.80743e-18
2.80919e-18
1.39853e-18
3.93522e-18
5.67845e-18
5.15912e-18
4.06712e-18
4.67148e-18
2.9035e-18
4.50601e-18
5.66072e-18
1.03208e-17
3.294e-18
2.95264e-18
3.71211e-18
1.27038e-18
2.48227e-18
4.25482e-18
2.66167e-18
5.79614e-18
3.35849e-18
5.58589e-18
4.12408e-18
4.77267e-18
3.63325e-18
3.11965e-18
2.4235e-18
6.44843e-18
3.28289e-18
4.71419e-18
4.37117e-18
8.0264e-18
1.64687e-17
5.92626e-17
3.48981e-16
7.36795e-16
3.89814e-15
1.01755e-14
4.88796e-14
8.44011e-14
1.59812e-13
2.58542e-13
2.21715e-13
7.07177e-13
3.13451e-13
9.06408e-13
2.83292e-13
6.39061e-13
7.53286e-13
2.99543e-13
3.70239e-13
1.50769e-13
5.21295e-13
3.87293e-14
1.02372e-13
4.27538e-14
2.54889e-14
1.45535e-14
3.36205e-15
5.18123e-15
5.18553e-16
6.85409e-18
1.54645e-17
6.40141e-18
3.60563e-18
3.2998e-18
3.16074e-18
2.05476e-18
4.36194e-18
3.88443e-18
3.27869e-18
4.67494e-18
1.46163e-18
3.17852e-18
9.45118e-19
1.03309e-18
2.60042e-18
3.68043e-18
3.91499e-18
5.02688e-18
3.38385e-18
3.10745e-18
1.62819e-18
1.16701e-18
1.86693e-19
4.03906e-18
7.88027e-19
1.99039e-18
4.76377e-18
1.83396e-18
3.64153e-18
4.92247e-18
2.51661e-18
5.65437e-18
1.3378e-18
1.74818e-18
2.55081e-18
1.59469e-18
3.30026e-18
4.19718e-18
4.73745e-18
1.45443e-18
5.13788e-17
6.4403e-17
3.70113e-16
2.75264e-15
3.83004e-15
1.65078e-14
1.09423e-13
9.7351e-14
2.14466e-13
1.57566e-13
3.8248e-13
6.20888e-13
1.29449e-13
1.02727e-13
5.72294e-15
1.58791e-15
5.88712e-16
2.68659e-15
5.32175e-17
3.33813e-17
4.50252e-18
7.44798e-18
3.99642e-18
9.02963e-18
1.09061e-18
2.44367e-18
2.05991e-18
1.26341e-16
