n=32
J=0.707107
eta=1.39241
mu=0.0708861
beta-optimal=0
max-overlap=0
0.00080534
0.002073
0.000245744
0.00188624
0.000179221
0.000747456
0.000889291
0.000234908
0.00136598
0.000926567
0.000876093
0.000593136
0.00043543
0.000930173
0.00212162
0.00064267
0.00427766
0.00089147
0.000189412
0.000929216
0.000706165
0.00043846
0.000340863
0.000332731
0.000241744
9.8206e-05
0.000613623
0.00121934
2.36175e-05
0.000964707
0.000888228
0.00079306
0.000100959
0.000326588
0.000552966
7.56824e-06
0.000495213
0.000452308
0.000943158
0.000598159
0.000232541
0.000806764
0.000371157
0.000899322
0.000205958
0.00042334
0.000662453
0.00090237
4.33721e-05
7.77066e-05
0.00066858
0.000586558
0.000231647
0.000291633
0.000681434
0.00020961
0.000512929
0.00102251
0.00105086
0.000861441
0.000228414
0.00086001
0.000674133
0.000139868
0.000705158
0.000265101
0.000418235
8.65763e-05
0.000261516
0.000132749
0.000173543
0.000537803
2.02058e-05
0.000438566
0.000635003
0.000458741
0.000679471
0.00022741
0.000285461
0.00112962
0.000132055
0.000163684
9.47487e-05
0.000412744
2.41712e-05
0.000148555
0.000520842
0.000140763
0.000406484
0.000270147
0.000314417
0.000352915
7.2556e-05
0.000318828
0.000238701
0.000478804
0.000350311
9.41913e-05
0.000362538
0.000229305
0.000245365
0.00038223
0.000158325
0.000159397
0.000636829
0.000172721
0.00051499
0.000164961
5.32953e-05
0.000475662
0.000244581
0.000519612
0.000258539
8.33131e-05
4.40073e-05
9.95906e-05
0.00027934
0.000193213
0.000134507
7.85037e-05
0.000366698
0.000117047
0.000275184
0.000415182
6.69005e-05
0.000180578
2.18543e-05
1.29593e-05
0.000342495
0.00029723
0.000422249
0.000185981
0.000292626
1.61691e-05
0.000347395
2.71815e-05
8.67324e-05
0.00055539
0.000231079
0.000585135
5.13094e-05
7.19493e-05
0.000566474
4.55017e-05
8.12275e-05
0.00037401
0.000904518
0.000508783
3.00471e-05
0.000506426
1.73719e-05
0.000176578
0.000200467
0.000191467
0.000311192
0.000426006
0.000295058
0.000315276
0.000325643
0.000622351
0.000402961
8.97448e-05
0.000778503
0.000205058
0.000174701
0.000260241
0.00041248
9.33528e-05
0.000160749
0.000903274
0.000109293
0.000300132
0.00020409
0.000277689
8.04506e-07
0.000231046
0.000147136
0.000104461
6.85647e-05
0.000335055
0.00013868
0.000228357
6.78823e-05
0.000254107
1.95073e-05
8.04893e-05
0.000185179
0.000149061
1.69327e-06
0.000143077
0.000217908
0.000305604
0.000158151
0.000255786
0.000116605
0.000138797
0.000521936
0.000290222
0.000853638
0.000370007
1.54041e-05
0.00010569
9.54132e-05
0.000378812
0.000104506
0.000293663
0.000197703
0.00025565
8.9758e-05
8.84952e-05
0.000132121
0.000482394
0.000114748
2.92239e-06
0.00019691
0.000171324
0.000145759
4.27579e-05
0.000148814
5.39491e-05
3.99282e-05
5.62972e-05
0.000129076
9.07974e-05
0.000726054
2.53237e-05
0.000244494
0.00031525
6.70896e-05
7.63482e-05
0.00051573
0.00013969
0.000387805
0.000111432
7.59423e-05
2.63815e-05
0.00019849
8.39542e-05
9.81181e-05
0.000389393
0.000347403
0.000264701
7.75033e-05
9.97165e-05
0.000371746
0.000291605
0.00037942
4.35859e-05
0.000433062
0.000568722
0.000253434
0.000310128
3.99853e-05
0.000451917
0.000358615
0.000271658
