n=32
J=0.707107
eta=1.06329
mu=0.0278481
beta-optimal=0
max-overlap=0
0.000216122
0.00242848
0.000479459
0.00102917
0.00196995
0.000701002
0.000145225
0.00123442
2.90119e-05
4.78899e-05
0.00218203
0.000839091
7.36691e-05
0.000296554
4.77833e-05
0.00146881
0.000195928
0.0011418
0.00014603
0.000881586
0.00162714
0.00106727
0.000152319
0.000275933
0.000590469
0.000218346
0.00155268
0.000355534
0.000177078
0.000123334
0.000345699
0.000491099
0.000531239
1.497e-05
0.000259535
0.000136047
9.81545e-05
0.000131853
0.000165453
0.000231762
0.000181407
7.13818e-05
6.22669e-05
0.000515883
0.000148115
0.000646287
0.000625462
8.01471e-05
0.000256881
0.000416997
0.00132093
3.43245e-05
0.000196338
0.000303797
0.000269038
0.000215869
0.000274405
0.000360963
0.00018623
0.000341747
0.000290558
0.000231864
7.98248e-05
0.000216535
0.00015456
4.14133e-05
0.000456717
0.000300744
0.000188878
2.21737e-05
1.35838e-05
0.000177222
2.78475e-05
6.98816e-05
0.000410392
4.56207e-05
2.34625e-07
0.00013835
2.9892e-05
9.3786e-05
8.37824e-05
0.000157812
0.00034153
0.00026963
0.000120708
0.000532068
8.08675e-05
0.000347846
1.07487e-06
4.9069e-05
0.000308425
8.78496e-05
5.53742e-05
0.000131326
0.00017686
0.000116023
6.31959e-05
8.32627e-05
2.97149e-06
0.000129959
1.57099e-05
8.50952e-05
0.000325471
0.000245614
3.96505e-06
0.000358413
5.47127e-05
0.000236472
7.01666e-05
0.000200542
8.24927e-05
5.58574e-05
1.50393e-06
4.57727e-05
2.21158e-06
0.000254991
3.41593e-05
4.08671e-06
0.000228103
2.5742e-05
3.78458e-05
2.23488e-05
1.87974e-05
3.19583e-05
7.55023e-05
2.97709e-05
0.000357154
2.72127e-06
9.23899e-05
7.23864e-06
2.88764e-05
2.39528e-05
0.000198784
9.36561e-05
6.69236e-05
0.000186289
5.42115e-05
0.000118094
0.000126981
7.04776e-05
8.43339e-05
3.07883e-05
3.15203e-05
8.75266e-05
1.17269e-05
4.79432e-05
0.000350895
2.70439e-05
8.52832e-05
0.000144082
0.000107888
4.534e-05
0.000100062
3.92801e-05
7.73924e-06
0.00011355
0.000104634
2.50506e-05
6.59134e-05
8.76908e-05
6.48426e-06
1.65856e-05
0.00026807
6.70343e-06
2.82988e-05
0.000134117
5.21456e-05
2.28689e-06
0.000107169
0.000289939
2.02819e-06
4.36799e-05
0.000125143
5.68761e-05
8.22265e-05
4.51557e-06
2.59803e-05
1.6144e-05
0.000130624
2.21558e-05
3.86968e-05
1.15553e-05
0.000124003
2.69508e-05
5.80572e-05
0.000230476
8.9946e-05
2.26358e-05
2.24214e-05
1.82514e-05
9.85544e-05
5.36043e-05
2.37481e-05
1.61737e-05
3.24925e-05
5.4313e-05
2.84423e-05
1.8682e-05
0.000133515
0.000146558
3.98212e-05
2.0423e-05
3.76096e-06
3.97485e-05
9.00705e-06
0.000148053
4.45055e-05
2.50342e-05
7.52194e-05
1.41935e-05
4.69667e-05
3.71398e-05
6.67824e-07
7.42536e-05
0.000237953
3.08041e-05
2.12362e-05
0.000105072
8.51547e-05
1.02879e-05
5.96294e-06
5.31258e-05
8.15311e-06
0.000250227
3.18239e-05
0.000144492
1.967e-05
3.14776e-05
0.00022561
3.34538e-05
6.28085e-05
0.000115157
9.04527e-06
2.86588e-05
9.48666e-05
5.58548e-05
7.55615e-05
5.68982e-05
3.26562e-05
0.000164599
4.0388e-07
3.43499e-05
6.32933e-05
0.000155816
8.40065e-05
2.22048e-05
3.40605e-05
0.000113118
5.53591e-05
3.58906e-05
7.51499e-05
0.000182432
2.47396e-05
1.23219e-05
2.57609e-05
2.12831e-05
