n=32
J=0.707107
eta=1
mu=0.0531646
beta-optimal=0
max-overlap=0
0.563358
0.35658
0.272072
0.214709
0.195033
0.186294
0.159714
0.143405
0.114694
0.128895
0.125728
0.102662
0.0963162
0.0759732
0.109915
0.0880313
0.0820129
0.0771956
0.0490226
0.0634948
0.0563395
0.0654864
0.054287
0.0590957
0.0517268
0.0453747
0.0390659
0.0477033
0.0372791
0.0480643
0.0402773
0.0382656
0.0512529
0.0423643
0.0377658
0.0367989
0.0307568
0.0365554
0.0404003
0.0289166
0.0328097
0.0276835
0.0229641
0.0244552
0.0291244
0.0242793
0.0224344
0.0230051
0.0233828
0.0255533
0.0212302
0.0185656
0.0253801
0.0228388
0.0200181
0.019516
0.0170964
0.0163131
0.0170265
0.0177794
0.0201982
0.0176342
0.0158441
0.0188184
0.0160657
0.0152974
0.0169651
0.0147552
0.0170727
0.0153331
0.0121728
0.0147692
0.0124499
0.015743
0.0138236
0.0138616
0.0111265
0.0130715
0.0123675
0.0107858
0.0131111
0.0118904
0.0119088
0.0133498
0.0124741
0.0114713
0.0113251
0.00961434
0.0106816
0.0127927
0.00919584
0.0107866
0.0098162
0.00952944
0.00848467
0.00857034
0.00939666
0.00931519
0.00965039
0.00844771
0.00872123
0.00832331
0.00871265
0.00720498
0.00776811
0.00717425
0.00893092
0.00760425
0.00723905
0.00773803
0.00692375
0.00802886
0.00783039
0.0070546
0.00645509
0.00698376
0.00588118
0.0060868
0.00702746
0.00620783
0.00708233
0.00661082
0.00588211
0.00610845
0.00624288
0.00577275
0.00603268
0.00589031
0.00662749
0.00650608
0.00559388
0.00599904
0.00628289
0.0054364
0.00553955
0.00654705
0.00439646
0.00489332
0.00662106
0.00543784
0.00560796
0.00468431
0.00445909
0.00505151
0.00509018
0.00452598
0.0047964
0.00529597
0.00455806
0.00399361
0.00408358
0.00432326
0.00420427
0.00432272
0.00446341
0.00449716
0.00378394
0.00409471
0.00392053
0.00396761
0.0037648
0.00383004
0.00416672
0.00369642
0.0038088
0.00374221
0.00368353
0.00345939
0.00389609
0.0039079
0.00364645
0.00306243
0.00362423
0.00341101
0.00334297
0.00330089
0.00331699
0.00329013
0.00337285
0.00323587
0.00287641
0.00338622
0.00275129
0.00333725
0.00298138
0.00271675
0.00321538
0.00287578
0.00269589
0.00289292
0.00261442
0.00257658
0.00285646
0.0027636
0.0024442
0.00278792
0.00256072
0.00267797
0.00241062
0.00263458
0.0028578
0.00249086
0.00268285
0.00249603
0.00271443
0.00252312
0.00266018
0.00215419
0.00248043
0.00221744
0.00243286
0.00269219
0.0024015
0.00239166
0.00214227
0.00238842
0.00215331
0.00225741
0.00198859
0.00219865
0.00232836
0.00207847
0.00204359
0.00203021
0.00240776
0.00196529
0.00198273
0.00205518
0.00197862
0.00207469
0.00194552
0.00185596
0.00182746
0.00174055
0.001979
0.00190918
0.00180984
0.00166529
0.00180103
0.00185389
0.00172085
0.00168883
0.0015625
0.00181851
0.00156234
0.00168
0.00158013
0.00178457
0.00157693
0.00149364
0.00131729
0.001324
0.0014354
0.00142033
0.00131368
0.0012705
