n=32
J=0.707107
eta=1.13924
mu=0.043038
beta-optimal=0
max-overlap=0
2.53772e-12
1.00486e-11
3.20957e-12
4.67135e-12
5.28631e-12
3.92995e-12
6.86624e-13
2.32797e-12
3.41432e-12
5.95592e-12
9.82725e-12
1.45977e-12
5.73304e-12
6.58638e-12
3.51332e-12
5.52823e-12
1.58411e-12
2.87607e-12
3.36375e-12
7.27871e-13
3.48204e-12
2.60322e-12
1.40509e-12
1.40781e-12
2.05687e-12
3.14361e-12
1.96585e-12
4.9762e-13
1.452e-12
4.57151e-12
3.38143e-13
1.6796e-12
1.95288e-12
1.16256e-12
2.30525e-12
1.01149e-12
3.58263e-12
1.87407e-12
1.03467e-12
1.57789e-12
2.28269e-12
1.63192e-12
9.43747e-13
7.11696e-13
2.40782e-12
1.69772e-12
3.69293e-12
5.85194e-13
2.66386e-12
1.11616e-12
8.29581e-13
1.07965e-12
6.48762e-13
9.85475e-13
1.17201e-12
6.78627e-13
6.81558e-13
6.45212e-13
8.48348e-13
1.71435e-12
1.29794e-12
1.41726e-12
1.19642e-12
9.13963e-13
4.30377e-13
1.37032e-12
7.53965e-13
1.45481e-12
9.56901e-13
1.60244e-12
1.9335e-13
9.3884e-13
7.84263e-13
8.23184e-13
2.13585e-13
7.77764e-13
3.3479e-13
9.60573e-13
6.12065e-13
6.0168e-13
1.58334e-12
8.35413e-13
1.55382e-12
6.05339e-13
1.13179e-12
3.74587e-14
2.83771e-13
5.12779e-14
4.20151e-13
8.93293e-13
6.81913e-13
1.02141e-12
5.496e-13
1.68024e-13
4.12016e-13
4.05784e-13
5.01008e-13
5.6973e-13
6.82718e-13
3.2315e-13
6.97032e-13
9.09224e-13
1.03869e-12
1.45219e-13
2.53884e-13
6.30881e-13
9.42236e-13
2.65579e-13
5.40816e-13
4.54417e-13
6.30935e-13
5.67047e-13
1.19239e-12
2.56445e-13
7.00444e-13
7.1637e-13
5.70559e-13
4.52118e-13
3.97194e-13
1.88163e-13
4.85633e-13
4.95405e-13
6.54855e-13
1.53069e-13
7.39812e-13
2.36002e-13
3.31019e-13
9.49432e-13
1.36556e-13
1.96785e-13
7.56401e-14
6.85767e-13
1.7063e-13
5.63399e-13
4.06544e-13
2.47189e-13
1.35437e-13
5.45549e-13
3.00937e-13
2.20158e-13
6.34423e-13
3.71784e-13
2.22602e-13
6.16302e-13
3.30262e-13
3.71069e-13
1.28583e-13
4.02685e-13
4.9639e-13
3.80519e-13
6.24246e-13
3.5148e-13
3.64702e-13
6.39383e-13
1.78827e-13
4.59065e-13
5.18133e-13
5.6455e-13
6.26427e-13
1.92546e-13
2.01236e-13
4.55445e-13
1.75926e-12
2.24621e-13
1.01182e-12
4.72425e-13
2.75649e-13
3.69781e-13
5.04394e-13
6.57121e-13
3.41759e-13
1.56764e-13
1.3117e-13
3.86909e-13
2.97388e-13
1.59865e-13
1.60636e-13
5.366e-13
4.44237e-13
1.22265e-13
4.14769e-13
3.07001e-13
4.97937e-13
5.48414e-13
2.02974e-13
2.32777e-13
4.59931e-13
1.04464e-13
9.25784e-13
6.38216e-14
2.84571e-13
5.65575e-13
1.35272e-13
3.22883e-13
3.30112e-14
4.30912e-13
1.90882e-13
2.69058e-13
2.82906e-13
7.86747e-13
2.30933e-13
2.14153e-13
3.71531e-13
4.06172e-13
4.10006e-13
3.59398e-13
4.54136e-13
5.92815e-13
9.5615e-14
7.35714e-13
6.65651e-14
2.94959e-13
6.37474e-13
1.94883e-13
1.68682e-13
6.53117e-13
9.69776e-13
2.86439e-13
5.0137e-13
3.48383e-13
1.59465e-13
8.29005e-13
1.7698e-13
3.21761e-13
5.26798e-13
3.16196e-13
4.65716e-13
3.61186e-13
1.61819e-13
2.34681e-13
2.13988e-13
1.73266e-13
4.41524e-13
7.88389e-13
4.26154e-13
1.78988e-13
4.57007e-13
3.05874e-13
7.29261e-14
1.47591e-13
3.93815e-13
4.8701e-13
1.37204e-13
3.18531e-13
7.49454e-13
7.0711e-13
5.62591e-13
3.33515e-13
4.87226e-13
4.15589e-13
5.11369e-13
3.13464e-13
3.13213e-13
4.28809e-13
8.32812e-14
4.11189e-13
