n=32
J=0.707107
eta=1
mu=0.0202532
beta-optimal=0
max-overlap=0
0.923737
0.171988
0.0594261
0.0246796
0.0396666
0.0177868
0.0388289
0.0153956
0.0313364
0.0126406
0.0314811
0.0300244
0.00966952
0.00877794
0.008972
0.0193355
0.00886238
0.0136851
0.0069777
0.0130933
0.0118504
0.0160426
0.00708908
0.00595073
0.0109121
0.00771975
0.0125727
0.0053457
0.0107874
0.00362308
0.00760696
0.00400222
0.0114205
0.00489229
0.00354674
0.00591542
0.00330994
0.00332306
0.008575
0.0024597
0.0031951
0.00403208
0.00261255
0.0042625
0.00242319
0.00646002
0.00353754
0.00269636
0.00230838
0.00370549
0.0076788
0.00203206
0.00258554
0.0024988
0.00192242
0.00185851
0.00235382
0.00162518
0.00215615
0.0030761
0.00154345
0.00162113
0.00373797
0.00134034
0.00129083
0.00212406
0.00197314
0.00132135
0.00129393
0.0025826
0.00132824
0.00213536
0.00121207
0.0021828
0.00139634
0.000764849
0.0011445
0.00222787
0.00192894
0.0010114
0.0014321
0.00108147
0.00140163
0.0011072
0.000833905
0.00148244
0.00100591
0.00214205
0.000803819
0.00104872
0.00118717
0.000947729
0.00124911
0.00070417
0.0013306
0.00082375
0.00107359
0.000727927
0.00122864
0.000753497
0.000576099
0.00149545
0.00101849
0.000617825
0.000683918
0.00165803
0.000601607
0.000796995
0.00101223
0.000567109
0.000511759
0.000505104
0.000575502
0.00106673
0.000582323
0.000958948
0.000685998
0.000476021
0.000598662
0.000846207
0.000550698
0.000641837
0.00038454
0.000546975
0.000422115
0.000884853
0.000695312
0.000440648
0.000497779
0.000487502
0.000530693
0.000608939
0.000496844
0.000412869
0.000430632
0.000583453
0.000466992
0.000499684
0.000443251
0.000362981
0.000751579
0.000434667
0.000436414
0.000325765
0.000482617
0.000353929
0.000571959
0.000383511
0.000531543
0.000320956
0.000458066
0.000311099
0.000459227
0.000381536
0.000357596
0.000639334
0.000286519
0.000475374
0.000326838
0.000314548
0.000351943
0.000330383
0.000294346
0.000263204
0.000366346
0.000267224
0.000235712
0.000360512
0.000393965
0.000451434
0.000361143
0.000271624
0.0002255
0.00022626
0.000234077
0.000222956
0.000164632
0.000231366
0.000200011
0.00021913
0.000242729
0.000279218
0.000279132
0.000511111
0.000231169
0.000361154
0.000245774
0.000157975
0.000204861
0.000221582
0.000144249
0.000201476
0.000225988
0.000285416
0.000257776
0.000297256
0.000301577
0.000164296
0.000192008
0.000223355
0.000200156
0.000200939
0.000205198
0.000221156
0.000202694
0.000235668
0.000192415
0.000182237
0.000157403
0.000181044
0.000159403
0.000192755
0.000177555
0.000128833
0.000205931
0.000146821
0.000296378
0.000142336
0.000168362
0.000156165
0.000185261
0.000141078
0.0001163
0.000179577
0.000134539
0.000239913
0.000138395
0.000161793
0.000215664
0.000135265
0.000144287
0.000164928
0.000170157
0.000187412
0.000137076
0.000139961
0.000124632
0.000118201
0.000121637
0.0001866
0.000114983
0.000137099
0.000175664
0.000122422
0.000120465
0.000125261
0.000102612
0.000148011
0.000123344
7.89002e-05
9.61886e-05
0.000166258
0.000167576
0.000104448
0.000144989
8.82753e-05
