n=32
J=0.707107
eta=1.26582
mu=0.0860759
beta-optimal=0
max-overlap=0
0.000312392
0.00268484
0.000172117
0.00256553
0.0035961
0.00221066
5.58937e-05
0.00343514
9.38288e-05
6.48581e-05
0.0037251
0.000289153
0.000313808
0.0010946
9.67883e-05
0.00213115
0.000685092
0.00115835
0.000275028
0.000647433
0.00306029
0.0025817
0.000245281
0.000555673
0.00106442
0.000608085
0.00300618
0.000833525
0.00034369
0.000691714
0.00108788
0.00150882
0.00108689
4.64133e-05
0.000548764
0.000709369
0.000505884
0.000782587
0.000152231
0.000993018
0.000582067
0.000208704
0.000126384
0.00108889
0.000234559
0.000933528
0.00146765
0.000664384
0.000692492
0.000888553
0.00251067
0.000311698
0.000352426
0.00135257
0.00116946
0.00105302
0.00128505
0.00146464
0.000125796
0.000580584
0.00102253
0.000923034
0.000332662
0.000996767
0.000318182
3.08687e-05
0.000705438
0.00113002
0.000614148
0.000108202
3.43812e-05
0.000144932
1.14718e-05
0.00041224
0.00141368
0.00020741
0.000400508
0.000349807
2.61864e-05
0.000353413
0.000396858
0.000554124
0.000737356
0.00129935
0.000126936
0.00139339
0.00034093
0.000967438
0.000160774
6.24606e-05
0.000776154
0.000624302
0.000376445
0.000546899
0.000597096
0.000636945
2.17128e-05
0.000516387
4.02457e-05
0.000694654
4.41608e-05
3.56463e-05
0.000604791
0.00102685
1.79032e-05
0.00100795
0.000188656
0.001012
3.97463e-06
0.000539039
0.000388248
0.000438865
6.53359e-06
9.71599e-05
0.000157897
0.000610358
0.000321674
0.000116693
0.000973092
8.22647e-06
0.000110235
0.000191137
6.19289e-05
4.83551e-05
0.000244558
0.000445991
0.0009575
8.75406e-05
0.000430513
0.000198131
1.85705e-05
0.000107157
0.000643473
0.000374032
0.00020672
0.000499008
0.000311314
0.000237523
0.000274421
0.000348983
0.000578577
9.68164e-05
0.0002237
0.000115258
4.61238e-05
0.000249408
0.000795027
5.07088e-05
0.000186389
0.000750613
0.000175756
0.000272112
0.000252246
8.44056e-05
5.14284e-05
0.0004362
0.000155404
5.15448e-05
0.000236869
0.000394693
8.72715e-06
3.15217e-05
0.000852911
0.000101326
7.6194e-05
0.000375341
0.00028045
0.000108465
0.000557913
0.000815204
4.97704e-07
0.000267475
0.00018146
0.000224288
0.000407877
3.05156e-05
6.56029e-05
0.000105184
0.000405801
1.46525e-05
0.000173259
9.50766e-05
0.000436388
1.86554e-05
0.000385955
0.000555298
0.000283241
2.17783e-05
2.00174e-05
9.61892e-05
0.000315266
2.3431e-05
0.000271056
2.83683e-05
9.68088e-05
0.00020782
0.000100102
9.52538e-05
0.000156987
0.000448692
0.00017049
0.00011278
8.45031e-05
0.000199044
9.687e-05
0.000439819
0.000208005
9.17761e-05
0.0001877
6.08952e-05
0.000350436
0.00016444
5.84777e-05
0.000148392
0.000706455
0.000212422
0.00021395
0.000576467
0.00050771
2.10515e-05
8.72446e-05
0.000394255
3.33885e-05
0.000559495
0.000251409
0.000252687
1.06434e-05
0.000218407
0.00072384
0.000115736
0.000156515
0.000710245
0.000166373
0.000161355
0.000484175
2.79904e-05
0.000140263
0.000272791
0.000228983
0.000253842
2.25051e-05
7.2024e-05
0.000159516
0.00037779
0.000172867
3.57514e-07
0.000198777
0.00032054
0.000280418
0.000128579
0.000535197
0.00038811
0.000180783
3.02751e-05
4.02232e-06
7.32334e-05
