n=32
J=0.707107
eta=1.13924
mu=0.0987342
beta-optimal=0
max-overlap=0
0.00688722
0.00134188
0.00475582
0.00230497
0.000328089
0.000714142
0.00598398
0.00306416
0.00416274
0.00133086
0.00282111
0.00327771
0.00124232
0.000889684
0.00134514
0.00037928
0.00281435
0.00162309
0.00321449
0.00174628
0.00321433
0.000957147
0.00253008
0.00131405
0.000456346
0.000968752
0.0014334
0.00087438
0.000753967
0.000327058
0.00161871
0.000212821
0.00156427
0.000760532
4.40169e-05
0.000533593
0.000583466
0.000240186
0.00113006
0.000660111
0.000362389
0.000115558
0.000263779
0.000696081
0.000934404
0.00019288
0.00145247
0.00114538
0.00107617
0.000301192
5.95381e-05
0.000748809
0.00188607
0.000153949
0.00140532
0.000534818
0.000252175
0.000962616
0.000612428
0.000291895
0.00134773
0.00060774
0.000975224
9.63649e-05
0.000585665
0.000228901
0.000195202
0.00102253
0.00159861
0.000410046
0.000396955
0.000549956
0.000494575
0.00114024
0.000956835
0.000544524
0.000400667
7.43099e-05
0.00215741
0.000350155
0.000619774
7.42525e-05
0.000447464
0.000462296
0.000532473
0.000867969
0.000595237
0.00161286
0.000673201
0.000605017
0.000406507
0.000453409
0.000383523
5.40485e-05
0.000290848
0.000176295
0.000473837
0.000264081
0.000462701
6.43793e-05
0.000617168
9.85383e-05
0.000929336
0.000212219
0.000320554
0.000424151
0.000764415
0.000303329
0.000493939
0.000310262
9.23173e-06
0.000107819
0.000226301
0.00092808
0.000270605
0.00107701
0.000368676
0.000649432
0.000330259
0.00127373
0.000602876
0.000462455
0.000661944
0.00013603
8.27513e-05
0.000443912
0.000310555
7.38622e-05
0.000112821
0.000141744
0.000404506
0.000665989
0.000475529
0.000292445
0.000487107
0.000280029
0.000382197
0.000472156
0.000248595
0.000144718
0.000241572
0.000960145
0.000166504
0.000532968
7.77629e-05
0.000305348
0.000143908
0.000294319
0.000312743
0.000210383
0.000301845
0.000389213
0.000278163
0.000374841
0.000484253
0.000314511
0.000281598
8.97631e-05
0.000223708
0.000124484
0.00010688
0.000668239
9.02758e-07
0.00037331
0.000202151
1.17448e-05
4.33773e-05
0.000420955
0.000264605
0.000136755
0.000201293
0.000268638
0.000265005
0.00020894
0.000493352
0.000517894
0.000276911
4.13606e-06
0.000320267
0.00031731
0.000390317
0.00021489
0.000394225
0.000129221
0.000260955
0.000161357
0.000177782
0.000308525
0.000481805
3.41659e-05
0.000113545
4.6909e-05
0.000561332
0.000185721
0.000464799
0.000184953
2.63536e-05
0.000297022
0.00017067
0.000147081
0.000120953
1.78501e-05
0.000122825
1.92607e-05
0.000266304
6.01454e-05
0.000452378
6.99596e-06
0.000348196
8.43421e-06
0.000382371
0.000501712
3.7485e-05
0.000286974
0.000132536
2.03623e-05
0.000259156
0.00057584
0.00014611
0.000203985
0.000241604
0.000116949
0.000343344
7.10224e-05
9.94296e-05
5.05126e-05
0.000280008
0.000155708
0.000248765
0.000117237
0.000514923
6.6462e-05
1.68679e-05
8.78008e-05
6.33098e-05
5.45784e-05
0.000194507
0.000259726
0.000198565
0.000350296
8.33276e-05
0.000220659
0.000348654
0.000336283
0.000523795
0.000504133
0.000728968
0.000154272
0.000573011
0.000209635
0.000357199
0.000112513
0.000203974
0.000295647
3.13361e-05
2.62962e-05
