n=32
J=0.707107
eta=1.64557
mu=0.0911392
beta-optimal=0
max-overlap=0
0.000806519
0.00174637
0.000162801
0.00190902
0.0010007
0.000128818
0.000868302
1.56938e-05
0.00127301
0.000956034
0.000438436
7.23245e-05
0.000693835
0.000573829
0.00186555
0.000817959
0.00330614
0.000708644
0.000432422
0.00138389
0.000319312
0.000633215
0.000129198
8.25277e-05
0.000184725
6.57932e-05
0.00051429
0.00108954
0.000361023
0.00103122
0.000575858
0.000864949
0.000194306
0.000307817
0.000383156
0.000100497
0.000426913
0.000535378
0.0010136
0.00038991
0.000209877
0.000975616
0.000437535
0.0009086
0.000109265
0.000257988
0.000507889
0.000840869
9.88914e-05
0.000152613
0.000550059
0.000736299
0.000122369
5.61061e-05
0.000645616
0.000344048
0.000682643
0.000958109
0.00118691
0.00103301
8.5152e-05
0.00107052
0.000637989
3.31724e-06
0.000848152
0.000348339
0.000445401
0.00032253
0.000165424
4.51524e-05
1.24885e-05
0.000620622
0.000145197
0.000347483
0.000588279
0.000548759
0.000650376
0.000270747
0.000326662
0.00122554
5.11845e-05
0.000356898
0.000129873
0.00016686
0.000195101
1.95618e-05
0.000701894
0.000146336
0.000469999
5.9596e-05
0.000274902
0.000338465
5.76022e-05
0.000423659
0.00038682
0.000540944
0.000328036
0.000107786
0.000283126
0.00011823
0.000232874
0.000280061
0.000104328
0.0001112
0.000725836
0.000126288
0.000600315
0.00027109
0.000175963
0.000379951
0.000108128
0.000630256
0.000208841
8.81971e-06
0.000134293
2.68475e-05
0.000222517
0.000221589
0.000150604
3.17101e-05
0.000364259
0.000167673
0.000373022
0.000528167
7.89011e-05
0.000264312
7.14878e-06
7.90361e-05
0.000459781
0.000432838
0.000432692
3.31272e-05
0.000237211
2.14807e-05
0.000322468
5.52479e-05
0.000108071
0.00051196
0.000263158
0.0007071
0.000303664
0.00012073
0.000534637
4.64512e-05
3.93198e-05
0.000375289
0.000941354
0.000685595
3.48894e-05
0.000625395
9.22684e-05
0.000273696
0.00028066
9.06904e-05
0.000357698
0.000523808
0.000359012
0.000342744
0.000314667
0.000760224
0.000410634
2.89963e-05
0.000825283
0.000197046
0.000188018
0.000210658
0.000468058
0.000131971
0.000237523
0.000940707
3.3342e-05
0.000305396
0.000242224
0.000275675
3.65076e-05
0.000177762
0.000264436
0.000110541
0.000175407
0.000275545
0.000152332
0.000279571
0.000152773
0.000254404
0.000106601
0.000185792
0.000193757
0.000151545
6.65208e-06
0.000182975
0.000354958
0.000391943
0.000274789
0.000303906
0.000110991
0.000149971
0.00072956
0.000372593
0.000879406
0.00048578
1.33345e-05
3.53334e-05
0.000103739
0.000411719
6.66277e-05
0.000488615
0.000221529
0.000231172
8.41049e-05
0.000140349
0.000187395
0.000621216
3.32129e-05
0.000165374
0.000250351
0.000237038
0.000204028
0.000134797
0.000184599
6.17703e-05
0.0001329
2.97549e-05
0.000210775
0.000158857
0.000737854
4.59104e-05
0.000252886
0.000367528
3.31375e-05
4.04622e-05
0.000663427
0.000126697
0.000566738
0.000182926
5.50943e-06
0.000106705
0.000148164
0.000137396
0.000282819
0.000474565
0.000436653
0.000288237
0.000186406
3.16366e-05
0.00048894
0.000351287
0.000540648
6.53812e-05
0.000501173
0.000610364
0.000408446
0.000311783
5.23221e-05
0.000467431
0.000465563
0.00027705
