n=32
J=0.707107
eta=1
mu=0.129114
beta-optimal=0
max-overlap=0
0.273919
0.235297
0.23099
0.218732
0.227476
0.206508
0.181886
0.182863
0.170224
0.15537
0.144306
0.152831
0.143974
0.136871
0.127484
0.125804
0.125703
0.119498
0.117917
0.112291
0.107589
0.104023
0.105612
0.106911
0.100745
0.102765
0.0993411
0.098138
0.0866192
0.0892754
0.0843215
0.0848111
0.0765191
0.0804146
0.0786999
0.0772485
0.0748465
0.0796676
0.0772306
0.072514
0.0703554
0.0675015
0.0639237
0.0682316
0.0620983
0.0613547
0.0631484
0.0643508
0.0614624
0.0577973
0.0593006
0.0589289
0.0555906
0.0522893
0.054922
0.0524287
0.053632
0.0512832
0.0520964
0.0526435
0.0501587
0.0499719
0.0481404
0.0506366
0.0464145
0.0452219
0.0474082
0.0451126
0.0469183
0.0458126
0.0432405
0.0446811
0.0432252
0.0412661
0.0403254
0.0402652
0.0403248
0.039543
0.0388867
0.0411018
0.038999
0.0383368
0.0366293
0.0372067
0.033981
0.0355663
0.0357799
0.0374251
0.035839
0.033178
0.034109
0.0324339
0.0334238
0.0326886
0.0305525
0.0322013
0.0338547
0.0318934
0.0315805
0.0321238
0.0306719
0.0292459
0.028555
0.0291205
0.0296586
0.0302742
0.0301158
0.0274417
0.0277703
0.0279843
0.025639
0.0289942
0.0279581
0.027876
0.0260891
0.0269887
0.0257343
0.0253001
0.0259316
0.0245707
0.0245244
0.0238605
0.0240718
0.0231099
0.0224872
0.0234424
0.0237317
0.0230854
0.0225142
0.0225914
0.0234225
0.0218683
0.0219561
0.0227898
0.0218588
0.0217083
0.0211693
0.0210372
0.0202823
0.0201708
0.0206149
0.0190396
0.0203906
0.0199576
0.0199199
0.0195363
0.0190262
0.0196056
0.0187857
0.0185183
0.0181004
0.018153
0.0178788
0.0176085
0.0181786
0.0174654
0.0172166
0.0175465
0.017495
0.0176165
0.0163993
0.016786
0.0163251
0.0162185
0.0157654
0.0158722
0.0165924
0.016116
0.0160918
0.0160536
0.015941
0.0151704
0.0152175
0.0152872
0.0149048
0.0150602
0.0152819
0.0147257
0.0145477
0.0145603
0.0150893
0.0146276
0.0142271
0.0143492
0.0142382
0.0137373
0.0136604
0.0133235
0.013558
0.0133485
0.0132019
0.0128486
0.0137789
0.0130524
0.0133612
0.0125551
0.0127643
0.0127534
0.0123085
0.0123978
0.0119118
0.0122338
0.0126033
0.0121818
0.0118212
0.0115892
0.0116741
0.0113444
0.0117265
0.011232
0.0111911
0.0111305
0.0106712
0.0108481
0.0110566
0.0110075
0.0108449
0.0104546
0.0104983
0.0104141
0.0104646
0.010148
0.00957007
0.00996297
0.0101773
0.010217
0.00952022
0.00953926
0.00952655
0.00945415
0.00966706
0.00956891
0.00950005
0.00934513
0.00962385
0.0089282
0.00896847
0.00885356
0.00871662
0.00864963
0.00890159
0.00864052
0.00861561
0.00875856
0.00877905
0.00849172
0.00838458
0.00812391
0.00807668
0.00790191
0.00765767
0.00820081
0.00747711
0.00755911
0.00742743
0.00740331
