n=32
J=0.707107
eta=1.03797
mu=0.0278481
beta-optimal=0
max-overlap=0
0.00208913
0.00315987
0.00311294
0.00393721
0.000566972
0.00212875
0.00405715
0.00231622
0.000718075
9.15528e-05
0.000354232
0.000687823
0.000896793
0.00185894
0.000557483
0.00153071
0.000435986
0.000753385
0.000106334
0.00153628
0.000656886
0.000831725
0.000312496
0.000220973
0.000228992
0.000458774
0.000730429
0.00127283
0.000593631
0.000252374
0.000301032
0.000408033
0.000144016
0.00144368
0.00026725
0.000706381
0.000872828
0.000527431
0.000452888
0.000486125
5.89443e-05
0.000293074
0.00012412
0.000792487
0.00149719
0.000518405
0.000916295
0.000611111
0.000185619
0.000521055
0.000530214
0.000510126
0.000294832
0.000611567
0.000286534
6.91292e-05
0.000271007
0.000308978
0.000527652
7.72876e-05
0.000230806
0.000618763
0.00031368
0.000134424
0.000607136
5.08563e-05
0.000176053
0.000282662
0.000440512
9.84981e-06
0.000460033
0.000187505
8.65089e-05
0.00021845
0.000213638
0.00017427
1.67082e-05
0.000129036
7.19782e-05
2.15067e-06
0.0003472
0.000229086
0.000115973
0.00013212
8.51463e-05
0.000185172
0.000452666
0.000188642
2.3499e-05
6.00455e-05
2.10659e-05
3.0881e-05
0.000214893
0.000290374
0.000309279
6.03609e-06
0.000234323
0.000176825
0.000144416
0.000132364
0.000217882
3.96473e-05
0.000128581
4.63643e-05
9.14224e-05
6.09818e-05
0.000180273
0.00021577
3.96609e-05
5.19112e-05
3.30391e-05
0.000184636
0.000252195
0.000332333
0.000417642
0.000148028
5.18371e-05
7.86884e-05
5.40998e-05
7.06159e-05
2.16747e-05
0.000271475
0.00043257
2.84471e-05
3.54931e-05
3.5057e-05
0.000189027
0.000311511
0.000233628
8.10384e-05
0.00034565
5.71704e-05
4.00726e-06
8.50487e-05
1.56236e-05
2.21285e-05
8.8589e-05
7.39783e-05
0.000313868
4.45633e-05
6.76064e-05
3.01675e-05
2.12345e-05
0.000168095
0.000185289
1.63957e-05
9.54104e-05
2.65197e-05
3.77745e-05
0.000138588
0.000118905
0.000144703
0.000119956
0.000107417
0.000111617
9.97852e-05
0.000100876
2.93663e-05
0.000154237
1.37572e-05
2.42318e-05
0.000214703
0.000171923
0.000233008
4.65937e-05
0.000257746
0.000110087
0.000206953
1.76794e-05
7.20941e-05
3.03943e-05
0.00017958
2.0589e-05
1.45737e-05
1.94467e-05
9.83398e-05
6.34713e-06
0.00011979
0.000100496
6.99395e-05
4.49099e-06
0.000210786
6.62458e-05
3.73349e-05
0.000220931
3.74253e-05
0.000126089
0.00015252
1.21206e-06
1.65069e-07
0.000127499
2.97772e-05
6.48345e-05
0.000163743
0.000245559
2.36647e-05
3.40825e-05
0.000120389
0.000111705
0.000101371
0.000165626
1.73017e-05
4.66986e-05
0.000106522
1.95576e-05
3.0782e-05
3.25876e-05
0.000170183
0.000152289
0.000150342
1.82691e-05
1.7323e-05
7.83537e-05
0.000111103
1.95603e-05
7.92316e-05
4.83896e-06
8.66062e-05
5.34303e-05
0.000144026
1.90739e-05
0.000120531
0.000129658
4.41174e-05
1.94967e-05
1.92642e-06
4.81165e-05
5.68681e-05
0.0002146
0.000194959
2.22563e-05
1.96929e-05
1.67929e-05
4.64071e-05
3.36423e-05
8.11393e-05
3.3352e-05
0.00012683
0.000200242
6.0948e-05
0.000145766
0.000212388
7.04377e-06
3.11272e-05
8.9695e-06
7.82634e-05
0.000108863
0.000130337
5.56794e-06
4.17821e-05
9.98013e-05
2.76527e-05
0.000103535
2.11809e-05
0.000336909
8.84834e-05
