n=32
J=0.707107
eta=1.16456
mu=0.0329114
beta-optimal=0
max-overlap=0
1.48717e-12
2.10984e-12
4.01066e-12
5.17183e-12
9.70652e-13
3.66997e-12
1.94524e-12
5.59013e-12
5.7989e-12
3.74965e-12
4.38724e-12
1.03038e-12
1.21712e-12
8.1051e-13
1.95694e-12
3.22014e-12
2.38228e-12
1.9115e-12
2.57436e-12
1.06533e-12
1.6698e-12
1.46763e-12
3.47373e-13
1.09687e-12
8.2205e-13
1.95884e-12
9.53215e-13
6.95915e-13
7.21789e-13
4.78245e-13
7.07335e-13
9.64836e-13
1.49183e-12
5.53581e-13
2.0251e-12
9.10374e-13
1.12073e-12
1.31057e-12
6.11556e-14
8.59839e-13
1.64776e-12
6.6253e-13
1.56583e-12
1.05409e-12
1.08056e-12
1.11939e-12
3.60023e-13
5.16948e-13
1.76993e-12
1.22925e-12
5.8174e-13
4.27045e-13
1.11004e-12
2.38366e-13
1.59527e-13
5.37154e-13
1.9519e-12
6.3571e-13
9.87051e-13
2.71527e-13
4.88709e-13
1.16069e-12
1.90049e-13
3.94607e-13
1.68821e-13
2.20113e-14
7.32513e-13
1.04568e-13
1.62085e-13
2.28915e-13
6.24276e-13
3.70751e-13
3.10179e-13
2.17554e-13
5.08114e-13
1.87741e-13
2.97951e-13
9.4967e-14
2.31151e-13
9.86647e-13
6.76481e-13
3.39939e-13
7.02503e-13
3.92729e-13
4.39739e-13
1.84277e-13
2.16112e-13
3.51906e-13
1.08991e-12
3.51892e-13
5.65662e-13
1.91938e-13
2.9209e-13
4.72976e-13
2.04495e-13
8.39569e-13
1.58263e-13
2.0521e-13
3.21227e-13
5.01661e-13
4.08878e-13
9.36665e-13
5.81984e-13
6.2611e-13
2.39774e-13
3.14546e-13
3.3997e-13
3.27403e-13
3.75793e-13
2.75753e-13
5.15583e-13
4.42008e-13
1.03172e-12
2.00922e-13
3.23205e-13
5.94601e-13
3.14343e-13
3.90727e-13
1.15396e-13
3.74012e-13
1.60479e-13
1.23491e-13
6.70791e-13
5.49667e-13
3.44675e-13
6.45811e-13
2.30187e-13
3.62313e-13
5.02751e-14
4.08004e-13
2.25429e-14
4.72251e-13
2.18057e-13
1.12801e-13
1.0343e-13
6.64236e-13
1.6744e-14
1.75911e-13
4.32921e-13
2.20729e-13
3.31392e-13
5.70519e-13
2.87137e-13
7.28897e-13
3.10681e-13
3.65116e-13
2.57005e-13
3.21683e-13
1.15579e-13
2.20107e-13
4.12241e-13
1.90247e-13
3.7315e-13
4.29457e-13
2.77227e-13
3.60154e-13
4.5048e-13
4.14005e-13
2.90526e-13
1.51923e-13
4.12729e-13
3.24793e-13
1.11577e-12
4.06375e-13
8.01436e-13
2.20242e-13
6.45796e-13
3.42375e-13
3.77933e-13
4.80806e-13
1.10053e-13
1.92743e-13
4.05419e-14
3.2746e-13
2.40027e-13
2.67378e-13
8.26815e-14
1.53466e-13
9.81787e-14
5.01974e-13
3.98836e-13
3.07604e-13
2.39672e-13
2.56541e-13
9.2413e-14
1.36766e-13
3.22505e-13
5.69105e-14
1.74988e-13
1.40688e-13
1.4336e-13
2.84681e-13
5.19433e-14
1.4296e-13
1.06212e-13
1.67599e-13
2.25377e-13
3.695e-14
5.22733e-13
5.96169e-13
3.78297e-13
2.30801e-13
3.97239e-13
2.11359e-13
2.09715e-13
2.69933e-13
8.19611e-14
4.22686e-14
1.56291e-13
3.45095e-13
4.99676e-13
2.38771e-13
9.38565e-14
1.80207e-13
3.4589e-13
5.07523e-13
5.72347e-13
5.35358e-13
2.59906e-13
1.1711e-13
2.80457e-13
3.77588e-13
2.72887e-13
1.05752e-13
4.14466e-13
6.06724e-13
3.22098e-13
1.22576e-13
6.36761e-14
2.19812e-13
6.3187e-14
2.6369e-13
3.47734e-13
1.54579e-13
9.11397e-14
3.13133e-13
2.13613e-13
1.22468e-13
1.36239e-13
2.19565e-13
3.06077e-13
3.23021e-13
1.5637e-13
5.31525e-13
6.09918e-13
1.89201e-13
9.29801e-13
7.59851e-13
8.44314e-13
1.05933e-12
4.62034e-13
3.5211e-13
3.88358e-13
2.73635e-13
1.38237e-14
7.1303e-14
