n=32
J=0.707107
eta=1.13924
mu=0.0708861
beta-optimal=0
max-overlap=0
5.24026e-12
5.13248e-12
5.30956e-12
4.53367e-12
3.47185e-12
6.58292e-12
3.70088e-12
1.54549e-12
1.88144e-12
1.00935e-11
1.38847e-12
5.72415e-12
5.44485e-12
2.58828e-12
5.12169e-12
1.07572e-12
1.85196e-12
1.76824e-12
1.44285e-12
7.80658e-13
1.89779e-12
2.67947e-12
1.40072e-12
3.00183e-12
4.19802e-12
1.22928e-12
6.422e-12
2.03687e-12
1.68055e-12
5.22168e-13
1.84107e-12
2.83165e-12
3.21778e-12
3.59892e-12
3.74297e-12
1.3096e-12
1.51279e-12
1.86597e-12
1.69208e-12
1.71908e-12
3.02627e-12
2.77832e-12
1.90424e-12
2.27349e-12
1.90364e-12
1.20627e-12
2.22463e-12
1.19256e-12
1.14184e-12
1.72225e-12
1.75462e-12
3.0838e-12
1.87583e-12
1.61041e-12
2.42429e-12
1.14379e-12
1.52187e-12
3.41745e-13
8.10185e-13
2.23387e-12
8.58657e-13
1.3073e-12
5.50335e-14
3.00428e-12
1.17487e-12
1.35393e-12
1.16594e-12
1.10446e-12
3.11931e-13
1.55001e-12
1.14525e-12
1.16986e-12
1.03606e-12
4.37221e-13
7.21569e-13
5.22161e-13
9.51346e-13
1.02977e-13
3.61803e-13
4.81184e-13
9.46529e-13
1.19412e-12
6.67463e-13
8.72211e-13
1.52363e-12
9.71337e-13
3.18639e-13
1.09973e-12
5.87843e-13
1.14787e-12
2.2451e-13
8.54786e-13
1.15937e-12
6.00221e-13
4.94202e-13
6.12289e-13
3.40863e-13
7.27905e-13
8.32008e-13
4.43969e-13
2.13549e-12
1.1424e-12
8.91864e-13
9.33226e-13
9.02567e-13
2.18453e-12
5.12344e-13
1.13782e-13
2.61646e-13
1.34722e-12
1.07511e-12
3.22194e-13
3.31487e-13
8.76354e-13
6.25303e-13
5.49682e-13
3.62762e-13
1.36807e-13
2.46806e-13
5.44186e-13
1.04037e-12
3.52818e-13
4.46488e-13
5.8612e-13
8.30655e-13
4.0794e-13
8.45079e-13
1.2989e-12
7.81385e-13
1.12818e-13
5.07048e-13
3.68634e-13
4.12315e-14
7.65119e-14
4.69104e-13
4.19207e-13
2.74715e-13
7.54251e-13
5.7352e-13
3.63418e-13
2.64187e-13
6.11308e-13
2.60767e-13
8.11649e-14
6.51278e-13
4.57178e-13
4.51746e-13
9.54875e-13
7.07314e-13
3.76245e-13
2.45527e-13
2.88609e-13
4.66205e-13
3.09862e-13
3.65522e-13
5.52855e-13
2.873e-13
7.31482e-13
6.89359e-13
4.73254e-13
1.05161e-12
4.88411e-13
4.60097e-13
1.499e-13
6.59995e-14
3.04612e-13
9.91564e-13
5.14007e-13
3.5323e-13
7.15022e-13
3.97832e-13
2.60241e-13
3.74284e-13
3.72896e-13
4.51457e-13
5.32566e-13
3.56754e-13
1.99598e-13
5.41651e-13
1.14075e-13
2.34697e-13
1.412e-12
7.21597e-13
7.83378e-14
1.10942e-13
7.3366e-13
3.86612e-13
6.19609e-13
1.1458e-13
4.27387e-13
3.80047e-13
2.33739e-13
4.79918e-14
7.33549e-13
4.2778e-13
3.34021e-13
3.87016e-13
1.59458e-13
5.164e-13
2.08186e-13
8.0312e-13
7.15188e-13
9.82448e-14
8.1214e-13
1.34982e-13
1.94161e-13
4.07405e-13
6.54815e-13
2.89825e-13
7.78816e-13
3.51804e-13
4.58503e-13
2.19086e-13
4.24971e-13
1.1639e-13
5.29254e-13
1.36712e-13
4.19953e-13
2.54979e-13
4.13229e-13
1.18582e-13
1.17229e-13
2.73107e-13
6.45075e-13
2.33601e-13
2.27256e-13
2.18691e-13
4.05246e-14
4.69607e-13
1.58347e-13
5.77722e-13
9.77323e-13
5.43732e-14
3.18724e-13
5.01991e-13
2.0129e-13
2.55439e-13
2.24068e-13
9.27104e-13
2.41347e-13
2.95945e-13
2.79094e-13
7.04407e-13
1.09244e-13
2.32636e-13
2.29929e-13
3.46236e-13
4.72453e-13
8.80848e-13
5.98131e-13
3.95693e-13
7.79921e-14
4.06475e-13
1.48408e-12
8.91462e-14
3.87779e-13
