n=32
J=0.707107
eta=1.03797
mu=0.0658228
beta-optimal=0
max-overlap=0
0.00332807
0.00575238
0.00553184
0.00317845
0.00316383
0.000862214
0.00784842
0.00251828
0.00293184
0.00499388
0.00165297
0.00313824
0.00635847
0.00174112
0.00211858
0.00209379
0.00166252
0.0026533
0.00080008
0.00116511
0.00464555
0.00160787
0.00178898
0.000217995
0.000971361
0.000954991
0.00161021
0.000334382
0.000865236
0.000300359
0.00205108
0.000489862
0.00139057
0.00193663
0.00118278
0.000806875
7.89588e-05
0.00117615
0.00116198
0.00161975
0.00017837
0.000658072
0.000246193
0.00172842
0.00162266
0.000368764
0.000244093
0.000699889
0.000861194
0.000445937
0.00089918
0.00122937
0.000252146
0.000353071
0.00153977
6.60872e-05
0.000299652
0.000200743
0.00106409
0.000698043
0.00146685
0.000615325
0.000508647
0.000235504
0.000528011
0.00148452
4.13579e-05
0.000353231
0.000651861
0.000800819
0.000489948
3.29421e-05
7.38426e-05
0.000473632
0.000175192
0.00042544
7.33424e-05
0.000401721
0.00061604
0.000706166
0.000414072
0.000884933
0.000329464
0.000804152
0.000687479
0.000138336
0.000965189
9.7513e-06
0.00021967
0.000476431
0.000433059
0.000322451
0.000474555
0.00043327
1.19095e-05
0.000406288
0.000113493
0.000520171
0.000223778
6.41854e-05
0.000399656
0.000367177
0.000570813
2.14753e-05
0.000338846
0.000202031
4.60942e-05
0.000432231
0.000216121
0.000144564
0.000363871
0.000495122
0.00051294
0.000822514
0.000381042
0.000360079
0.00011313
0.000584692
0.000317656
0.00032235
0.000434126
0.000336882
0.000178702
0.000519237
7.22217e-05
0.000657157
0.000607291
2.03516e-06
5.28182e-05
0.000103063
7.28123e-05
0.000290357
0.000172935
0.000363845
0.000319441
0.000485799
8.21588e-05
0.000201988
0.000215171
0.000137417
0.000132735
0.000355528
0.000441617
0.000511969
7.66925e-05
0.000722258
5.58091e-05
0.000269388
0.000273263
0.000116777
0.000157482
3.04599e-05
4.48349e-05
0.000329927
0.000101079
0.000167044
7.98753e-05
0.000488475
0.000351289
2.99228e-05
0.000233631
0.00015977
4.29029e-05
6.90311e-05
0.000427952
0.000100031
0.000108621
3.22749e-05
0.000515248
9.91735e-05
0.000276104
0.00017129
0.000345335
0.000407098
0.000125574
0.00013058
0.000122814
0.000278329
0.000340885
0.000465254
0.00012533
8.38454e-05
0.000488078
0.000349547
0.000275939
0.000618364
0.00010674
1.54139e-05
5.46142e-05
5.45527e-05
7.51819e-05
0.000237318
0.000372637
5.92804e-05
0.000128952
0.000150412
0.00020393
8.45018e-05
0.000105724
0.000100872
8.82303e-05
0.00017949
0.000166858
0.000170824
8.77806e-05
2.54941e-06
0.000303621
0.00013957
8.38106e-05
0.000291179
0.000126184
0.000158878
4.66972e-05
0.000247834
8.65945e-05
0.000152601
0.000148894
0.000191803
4.26852e-05
0.000241375
0.000121892
0.000199636
8.63587e-06
0.000191863
0.000247052
0.00039298
0.000144326
0.000121062
3.71527e-05
3.90409e-05
9.38751e-05
3.89597e-05
0.000195172
0.000157934
8.00046e-05
0.000199269
6.67331e-05
7.16119e-05
0.000144587
1.04967e-05
0.000208844
4.64967e-05
0.000369538
0.000247872
0.000236835
3.51925e-05
0.000280845
0.000241071
9.56721e-05
3.02767e-05
7.11894e-05
0.000134289
6.32111e-05
0.000201592
2.72076e-05
5.58694e-05
