n=32
J=0.707107
eta=1
mu=0.0886076
beta-optimal=0
max-overlap=0
0.362799
0.28874
0.261638
0.229605
0.213
0.211026
0.187424
0.180108
0.157499
0.164308
0.160224
0.144105
0.137754
0.119813
0.143279
0.125652
0.123457
0.118124
0.0883316
0.101148
0.0948309
0.100432
0.092769
0.0953331
0.0856749
0.0809199
0.0751472
0.0808788
0.071212
0.0822027
0.0718947
0.0710187
0.0809451
0.0720963
0.0683981
0.066336
0.0595698
0.0667568
0.0683314
0.056793
0.059315
0.0552483
0.0493643
0.0510199
0.0537607
0.0489012
0.0465424
0.0472064
0.046884
0.0494011
0.0447883
0.0416055
0.0482405
0.044872
0.0415426
0.0406552
0.0382413
0.0380053
0.0384233
0.038795
0.0395584
0.0381056
0.0352444
0.0389176
0.0356967
0.0349623
0.0368843
0.0330389
0.035874
0.0339638
0.0301601
0.0328526
0.0299904
0.0340284
0.0311145
0.031609
0.0275173
0.0293797
0.0286518
0.0252726
0.0296401
0.0274478
0.027866
0.0285958
0.0269734
0.0269594
0.0263515
0.0238673
0.0250183
0.026706
0.0234417
0.0248849
0.0237362
0.0234457
0.0216395
0.0219185
0.0222408
0.0226345
0.0229103
0.021113
0.0212264
0.02049
0.0209016
0.018628
0.0193594
0.0187757
0.0206427
0.0194347
0.0185095
0.0186967
0.0177527
0.0191696
0.0192055
0.0177663
0.0170413
0.0176747
0.0159313
0.0164244
0.0176196
0.0158077
0.0173087
0.0163012
0.0152938
0.0157439
0.0157465
0.015263
0.0152142
0.0151592
0.0159319
0.0161474
0.0147031
0.015372
0.0156538
0.0143452
0.0146626
0.0156092
0.0123707
0.013318
0.0153006
0.0139051
0.0141185
0.0126869
0.0122915
0.0130081
0.0131425
0.0122072
0.0127944
0.0131786
0.0124196
0.0115718
0.0115584
0.0116896
0.0115268
0.011538
0.0119173
0.0117848
0.0107207
0.0110303
0.0105933
0.010889
0.0105997
0.0101995
0.0113296
0.0103956
0.0106165
0.0105095
0.0101319
0.00978864
0.0103608
0.0104213
0.00981298
0.0090746
0.00988187
0.00955028
0.00948019
0.00927562
0.00912717
0.00909722
0.00918731
0.00899516
0.00832696
0.00917224
0.00824182
0.00885053
0.0085012
0.00805321
0.00865336
0.00821261
0.00788978
0.00840472
0.00781069
0.00745795
0.00811316
0.00806895
0.00723471
0.00788406
0.00763959
0.00764362
0.00721926
0.00748999
0.00773945
0.00715124
0.00755821
0.00722564
0.0073787
0.00725701
0.00742864
0.00650237
0.00701334
0.00650856
0.006919
0.00710165
0.00680612
0.00670397
0.00639296
0.00662083
0.00638929
0.00654142
0.00602087
0.00624098
0.00659478
0.00587951
0.00603807
0.00577364
0.00631801
0.00582219
0.00578135
0.00597814
0.00578774
0.00582402
0.00566931
0.00555908
0.00535492
0.00517063
0.00566533
0.00553265
0.00516724
0.00499897
0.00513044
0.00527368
0.00504961
0.00501389
0.00480523
0.00510916
0.00461885
0.0048415
0.00463545
0.0047907
0.00451078
0.00444112
0.00409898
0.00414806
0.00434107
0.00425098
0.00406207
0.00399121
