n=32
J=0.707107
eta=1
mu=0.078481
beta-optimal=0
max-overlap=0
0.3633
0.332064
0.338578
0.257813
0.217098
0.207823
0.179079
0.172228
0.175902
0.143034
0.123072
0.135232
0.128229
0.112507
0.125158
0.115505
0.0958071
0.104016
0.0976178
0.0838665
0.0844059
0.0867569
0.0874082
0.0867352
0.083855
0.0728851
0.0636934
0.0720385
0.0661919
0.0643692
0.0588288
0.0549812
0.0606347
0.0560155
0.0577414
0.0572382
0.0570501
0.0515274
0.0509986
0.0504395
0.0496497
0.0528496
0.0480574
0.0433235
0.0476652
0.0433036
0.042238
0.0426725
0.0404942
0.0372575
0.0362656
0.0327696
0.0343323
0.0338961
0.0316064
0.0352286
0.0355382
0.0341294
0.030719
0.0316883
0.0311401
0.0329167
0.0278822
0.0275047
0.0277736
0.0275499
0.0278868
0.0272198
0.0236406
0.0245855
0.0230848
0.0226369
0.0261501
0.0246417
0.0229793
0.0256124
0.0216366
0.0253299
0.0218956
0.0220219
0.0220401
0.0221928
0.0198583
0.0182831
0.021608
0.0169624
0.0203588
0.0196682
0.0196966
0.0170526
0.0182188
0.0190962
0.0171121
0.0175965
0.016839
0.0178415
0.0171569
0.0167555
0.0177112
0.0151656
0.0173604
0.0168514
0.0150538
0.0144604
0.0139809
0.0162944
0.0140104
0.0141188
0.0142952
0.014946
0.0154644
0.0137255
0.0135234
0.0123703
0.0133798
0.0140557
0.0127002
0.0122698
0.0135412
0.0130765
0.0132128
0.0134625
0.0123892
0.012192
0.0121545
0.0119092
0.0110277
0.0109297
0.0111942
0.0114465
0.0107577
0.0109313
0.0108349
0.0103831
0.0109022
0.0112798
0.0100321
0.010348
0.0104472
0.00978792
0.0108475
0.00992274
0.00978621
0.0100732
0.00940503
0.00902294
0.0092572
0.00918264
0.0101188
0.00852121
0.00845224
0.00872837
0.0098268
0.00883658
0.00873664
0.00801771
0.0084866
0.00918531
0.00831484
0.00816546
0.00791081
0.00793508
0.00770448
0.00727779
0.00778246
0.00753303
0.00701612
0.00735083
0.00802993
0.00668401
0.00730472
0.00686523
0.0066027
0.00642585
0.00642907
0.00683249
0.00663702
0.00675731
0.00618254
0.00677388
0.00665729
0.00647302
0.00601621
0.0067388
0.00631953
0.00619687
0.00647233
0.006078
0.00642207
0.00621279
0.00548536
0.00602678
0.0060321
0.0054335
0.00558849
0.00537891
0.00524936
0.00576996
0.00554386
0.00553456
0.00545929
0.0051842
0.00482942
0.00484073
0.00527597
0.00461768
0.00488182
0.00521824
0.00475172
0.00474865
0.00498379
0.00429371
0.00478119
0.00467302
0.00474526
0.00468506
0.00434182
0.00454591
0.00454239
0.00503531
0.00414563
0.00472886
0.004155
0.00395838
0.00401507
0.00418778
0.0040757
0.00401812
0.0041153
0.00383838
0.00419437
0.00372381
0.00390935
0.00387039
0.00402551
0.00356829
0.00383779
0.00356565
0.00335869
0.00363221
0.00348395
0.00365317
0.00354275
0.00345151
0.00322762
0.00340987
0.00320458
0.00337323
0.00313553
0.00330882
0.00342563
0.00296539
0.00302688
0.00300675
0.00275363
0.00276598
