n=32
J=0.707107
eta=1.31646
mu=0.0632911
beta-optimal=0
max-overlap=0
0.000789477
0.00218944
0.000479458
0.00180482
0.000247546
0.00110217
0.000887451
0.000310795
0.00138387
0.000838284
0.00107313
0.000822285
0.000346725
0.00105412
0.00212097
0.000515691
0.00459944
0.000978165
5.34092e-05
0.000669325
0.000820385
0.00034022
0.000416378
0.000431999
0.000254267
9.98594e-05
0.000623684
0.00122864
0.000107676
0.000895164
0.000972945
0.000707707
5.29337e-05
0.000323058
0.000594188
4.68161e-05
0.000471996
0.000405997
0.000883835
0.00064505
0.00025042
0.000705354
0.000314135
0.000826639
0.000220631
0.000472382
0.000689331
0.000870484
2.44072e-05
5.66599e-05
0.000677249
0.0005198
0.00025131
0.000416153
0.000665877
0.000134448
0.000425265
0.000987232
0.000954756
0.000758955
0.000263059
0.000739306
0.000662814
0.000179096
0.000604394
0.000208305
0.000386692
3.74238e-06
0.00026909
0.000177104
0.000228331
0.000500284
7.9335e-06
0.000439164
0.00061981
0.000396234
0.000665019
0.000198243
0.000249203
0.00102703
0.000184888
8.72446e-05
7.99372e-05
0.00048498
4.57767e-05
0.000183307
0.00042479
0.000129161
0.000359677
0.000334204
0.000298407
0.000346848
7.71215e-05
0.000271538
0.00017481
0.000433677
0.000348944
7.20277e-05
0.000375461
0.000270502
0.000231214
0.000395411
0.000176327
0.000183576
0.000573269
0.000176336
0.000465382
0.000122191
8.82347e-06
0.00048988
0.000285313
0.000464534
0.000265235
0.000102632
0.000103394
0.000138147
0.000283835
0.000168477
0.000124017
9.34797e-05
0.00034831
8.86202e-05
0.000240347
0.000357686
5.47263e-05
0.000148627
2.78984e-05
4.62457e-05
0.000291884
0.000243862
0.000411372
0.000235108
0.000298205
7.57558e-06
0.000340974
6.42537e-05
6.88272e-05
0.000548296
0.00021044
0.000509997
5.39131e-05
4.98604e-05
0.00055406
4.0821e-05
9.74413e-05
0.000359635
0.000842545
0.000422294
3.08245e-05
0.000444667
3.37995e-07
0.000139476
0.000159586
0.000219813
0.000277678
0.000359319
0.000253489
0.000292743
0.000315292
0.000555056
0.000374346
0.000105072
0.000725506
0.000202346
0.000162572
0.000266688
0.00037892
6.57257e-05
0.000135545
0.000864307
0.000128018
0.000281824
0.000181728
0.000261217
1.33018e-05
0.0002342
0.000105716
0.00017188
3.1538e-05
0.000341334
0.000130035
0.000197541
3.30541e-05
0.000247867
4.48492e-06
4.6961e-05
0.000177259
0.000129552
4.38711e-06
0.000118902
0.000163883
0.000272087
0.000111051
0.000226652
0.000111546
0.000129121
0.000436253
0.000248077
0.000818909
0.000315305
1.80179e-05
0.00012319
9.06589e-05
0.000346219
0.000112588
0.000219856
0.000185729
0.000253046
8.94006e-05
6.45038e-05
0.000103346
0.000415674
0.000134986
4.5977e-05
0.000170866
0.000145671
0.000118826
1.36487e-05
0.000134398
4.82661e-05
6.78012e-06
6.20481e-05
0.000104639
6.03866e-05
0.000684715
4.78127e-05
0.000225581
0.000289216
7.01377e-05
8.2827e-05
0.000443429
0.000133863
0.000311092
8.9749e-05
9.98763e-05
2.25372e-06
0.000207615
6.23822e-05
2.95434e-05
0.000336763
0.000300328
0.000240319
4.86236e-05
0.000123511
0.000318583
0.000259543
0.000311925
4.02495e-05
0.000388053
0.000536604
0.000194149
0.00030585
6.82622e-05
0.000430088
0.000307743
0.000252225
