n=32
J=0.707107
eta=1
mu=0.197468
beta-optimal=0
max-overlap=0
0.18266
0.169154
0.164247
0.157462
0.153602
0.152471
0.145068
0.143317
0.137067
0.137817
0.135206
0.13147
0.128782
0.123722
0.128508
0.123776
0.123299
0.120217
0.109571
0.113252
0.110277
0.111589
0.109185
0.108733
0.104062
0.102557
0.100263
0.100758
0.0973092
0.100467
0.0964449
0.095471
0.0980133
0.0948612
0.0931385
0.0918952
0.0884094
0.0913247
0.0910857
0.0856917
0.0861892
0.0844174
0.0815243
0.0813445
0.0807746
0.0788353
0.0777014
0.0780476
0.0770041
0.0775981
0.0755851
0.0741309
0.0762813
0.0741274
0.0723216
0.0712758
0.0700222
0.070259
0.0704916
0.0699661
0.0694089
0.0687156
0.0666547
0.0686084
0.0668593
0.0663463
0.0673371
0.0644772
0.065391
0.0642473
0.0622402
0.0631442
0.0614425
0.0631368
0.0614172
0.061794
0.0586375
0.0590261
0.0588193
0.055577
0.0587369
0.0572674
0.0574391
0.056445
0.0556556
0.0559861
0.0550583
0.0532353
0.0536097
0.0542529
0.0527167
0.053221
0.0519278
0.0518528
0.0501729
0.0504445
0.0500923
0.0505937
0.0500882
0.0487611
0.0484112
0.0478625
0.0479151
0.045705
0.0461999
0.0459836
0.0466742
0.0460742
0.0449825
0.044653
0.0442755
0.0448729
0.0450154
0.0437335
0.0428946
0.0432001
0.0415945
0.0420148
0.0427047
0.0406052
0.0420158
0.0407337
0.0399348
0.0401664
0.0401086
0.0397996
0.039322
0.0392652
0.0398077
0.0399333
0.0387882
0.038965
0.0390985
0.0379893
0.0381919
0.0384267
0.0354677
0.0364913
0.0373055
0.0364773
0.0367686
0.0352779
0.034889
0.0353386
0.0352637
0.0344114
0.0350217
0.03487
0.0344468
0.0336792
0.0336085
0.033148
0.0327625
0.032847
0.033183
0.032816
0.031852
0.0317702
0.0312437
0.0317665
0.0313039
0.0302376
0.0317464
0.0305779
0.0308697
0.0308477
0.030252
0.0297401
0.0299555
0.0300471
0.0293117
0.0286833
0.0291595
0.0289553
0.0287801
0.0284183
0.0279073
0.0278833
0.0278684
0.0275991
0.0268879
0.0274381
0.0267131
0.0270247
0.0266615
0.0260746
0.0263093
0.0261207
0.02565
0.0262444
0.0255215
0.0246158
0.0254553
0.0254105
0.0243237
0.0249533
0.0247673
0.0244816
0.0241811
0.0242283
0.0243424
0.0236563
0.0240781
0.0236333
0.0235372
0.0233753
0.0235812
0.0224255
0.0227872
0.0221723
0.0225134
0.0225699
0.0222871
0.0220326
0.021865
0.021924
0.0216653
0.0217568
0.0210226
0.0210207
0.021443
0.0203488
0.0207848
0.0201113
0.0205581
0.0202545
0.0201387
0.0203467
0.0199216
0.0197534
0.0196536
0.0195575
0.0191605
0.0186632
0.0192511
0.0190888
0.0183849
0.0182191
0.0181901
0.0183288
0.0181751
0.0181239
0.0177453
0.0178579
0.0171974
0.0174391
0.0169102
0.0169297
0.016469
0.0163785
0.0158409
0.0159529
0.0161432
0.015879
0.015635
0.0153995
