n=32
J=0.707107
eta=1.03797
mu=0.0227848
beta-optimal=0
max-overlap=0
2.92493e-11
5.57611e-11
2.79763e-11
8.96001e-12
3.38673e-12
2.00346e-11
1.70004e-11
3.8567e-12
1.74384e-11
8.47594e-12
7.17052e-12
9.48088e-12
2.32349e-12
1.03059e-11
1.04423e-11
5.07697e-12
1.22258e-11
1.40827e-11
7.01169e-12
1.07192e-11
6.38379e-12
5.8501e-12
2.38949e-12
4.95445e-12
4.40739e-12
2.57636e-12
9.1255e-12
1.83315e-12
5.05325e-12
6.75619e-12
2.80207e-12
6.08223e-12
1.30536e-12
1.41614e-12
1.59474e-12
1.83773e-12
4.20114e-12
5.63561e-12
2.98961e-12
3.02862e-12
7.71726e-12
2.87905e-12
8.47396e-12
1.02948e-12
1.04947e-11
2.34546e-12
5.32975e-12
2.44236e-12
4.47921e-12
1.09674e-12
6.49244e-12
5.15551e-12
3.56399e-12
1.6658e-12
3.16423e-12
3.50562e-12
7.20262e-12
3.10436e-12
1.98622e-12
5.02728e-12
4.27182e-12
2.49617e-12
1.78192e-12
1.90168e-12
2.66209e-13
3.49958e-12
2.12071e-12
3.17041e-12
1.50641e-12
3.50777e-12
3.83413e-12
1.19285e-12
3.74664e-12
2.85848e-12
1.48386e-12
1.74931e-12
1.17007e-12
4.03842e-12
1.21554e-12
1.33138e-12
6.52891e-13
1.0179e-12
8.94789e-13
2.95434e-12
3.66985e-13
4.05231e-13
1.35039e-12
3.31076e-13
3.45441e-12
6.57227e-13
3.01177e-12
1.57681e-12
7.61702e-13
3.06503e-12
7.85439e-13
2.0784e-12
2.24043e-12
3.7051e-13
1.71722e-12
2.20555e-12
2.02595e-12
1.75183e-12
4.17577e-12
1.28105e-12
8.84733e-13
1.84658e-12
1.06106e-12
1.00184e-12
1.31588e-12
9.87579e-13
9.37913e-13
1.11527e-12
3.82774e-12
3.62868e-13
3.36422e-12
1.9253e-12
1.03282e-13
5.27367e-13
1.01534e-12
1.08896e-12
7.41652e-13
1.40219e-12
2.17574e-12
9.38897e-13
8.43413e-13
1.99945e-12
2.80656e-13
2.55418e-12
2.21658e-14
1.48296e-12
9.0374e-13
2.09614e-12
1.20954e-12
7.41058e-13
1.69373e-12
3.59066e-12
8.92636e-14
4.25406e-13
1.61566e-12
2.85412e-13
4.8055e-13
1.54027e-12
1.5879e-12
1.99469e-12
1.73443e-12
2.4418e-13
7.40605e-13
1.22869e-12
1.17967e-12
4.3926e-13
7.56829e-13
4.65307e-13
1.72377e-12
1.02154e-12
1.32927e-12
3.94554e-13
1.83984e-12
1.24227e-12
8.60346e-13
9.39897e-13
1.83772e-12
1.87957e-12
1.36006e-12
9.18305e-13
7.5695e-13
6.44864e-13
1.45709e-12
1.66888e-12
2.08655e-13
5.34411e-13
6.51896e-13
8.14733e-13
3.79951e-13
1.07812e-12
6.67177e-13
9.4778e-13
5.69266e-13
1.95721e-12
1.02177e-12
1.38715e-12
1.17329e-12
3.53298e-13
8.1132e-13
1.72752e-12
1.59623e-12
8.15169e-13
1.47539e-12
1.68479e-13
2.36671e-12
1.26898e-13
1.06392e-12
1.3523e-12
6.47636e-13
3.58322e-13
5.27034e-14
8.23693e-13
5.51814e-13
1.43082e-12
1.49189e-12
1.17314e-12
6.52795e-13
2.37898e-13
1.00231e-12
3.25288e-13
3.68185e-13
7.05e-13
5.44922e-13
1.06636e-12
4.86653e-13
9.04019e-13
1.92297e-12
7.85507e-13
1.81472e-12
2.20781e-13
3.31274e-13
6.08018e-13
7.92569e-13
4.43677e-13
9.8045e-13
8.78243e-13
1.05883e-13
2.34622e-12
2.21978e-13
1.07e-12
1.22049e-12
1.72405e-12
3.89851e-13
3.82073e-13
5.37723e-13
4.62301e-13
1.16762e-13
6.41142e-13
7.30977e-13
1.37299e-12
2.55491e-13
6.1524e-13
3.88104e-13
8.09708e-13
1.58385e-12
1.23702e-12
2.36043e-13
8.93628e-13
9.93475e-13
1.50795e-12
4.78898e-13
7.22269e-13
8.58147e-13
1.04468e-12
5.08254e-13
5.56943e-13
1.05113e-12
4.93755e-13
1.43457e-12
9.33273e-13
1.23054e-13
1.06685e-12
