n=32
J=0.707107
eta=1.13924
mu=0.078481
beta-optimal=0
max-overlap=0
0.00414801
0.000459554
0.00079996
0.000518609
0.0028378
0.000476522
0.00186541
0.00354035
0.00143798
0.00288957
0.00346876
0.000937073
0.00179264
0.00160921
0.000543383
0.000372399
0.000362787
0.000449516
0.00168728
0.00124011
0.00160841
0.0044853
0.000672046
0.00158967
0.00132547
0.000692323
0.00083984
0.000766878
0.0002352
0.00107944
0.000638274
0.0017661
0.00190203
0.000360957
0.00032071
0.00121159
0.000543034
0.00188469
0.0010934
0.00113069
0.000615659
0.000551601
0.000774811
0.000790505
0.000574245
0.000607121
0.00123299
0.000887797
0.000559545
0.00116682
0.00185953
0.000798856
0.000201529
0.000551778
0.00107424
0.000911217
0.00179077
0.00176249
0.000453626
0.000520586
0.00138211
0.00109343
0.000119854
0.00102245
0.000397159
0.00033218
0.000147042
0.000811276
0.000757839
0.000398998
0.000124371
0.000383126
0.000275061
0.000314935
0.00169968
0.000932393
0.000178402
0.000258181
7.30418e-06
0.000267563
0.000203931
0.000677237
0.000520419
0.000243183
0.000203498
0.000440833
0.000189257
0.000520613
0.000294865
0.000350408
0.000968088
0.000151127
0.000753938
7.9111e-06
0.000165881
0.00045944
0.000641796
0.000752605
0.000185921
0.00146886
0.000374898
0.000225007
0.000661115
0.00105207
0.000586561
0.00138795
0.000566495
0.000683688
1.13691e-05
0.000327826
0.000794809
0.000266922
0.000240442
0.000191025
0.000221227
0.000129249
0.000304321
0.000103867
0.000684285
0.000149812
0.000153901
5.11538e-05
0.000526879
0.000200851
0.000172899
0.000607677
0.000518937
0.00019261
0.000152391
0.000371549
0.000896845
5.59559e-06
0.000815419
0.000315455
6.8754e-05
5.78879e-05
0.000190568
0.000278827
0.000478261
0.000109756
0.00102116
2.32689e-05
0.000484054
3.3671e-05
0.000108863
0.000119116
0.000569724
0.000146581
0.000172656
1.14915e-05
0.00010219
0.000167683
0.000164872
4.74973e-05
4.24071e-05
0.000224223
0.000165561
6.645e-05
0.000645696
0.000537738
0.000391217
0.000127897
0.000612057
0.0002125
0.000109167
0.000155808
0.000275283
5.58138e-05
0.000247293
0.000681152
0.000117211
0.000225919
0.000138573
0.000282164
0.000631488
3.06558e-05
0.000222105
9.29521e-05
0.000181798
0.000463654
8.6052e-05
0.000186894
0.000365272
0.000136112
0.00036395
0.000552258
9.76733e-05
3.10085e-05
8.21001e-05
0.000131316
1.13204e-05
0.000370308
0.000305383
0.000355397
6.7826e-05
0.000219268
0.000323809
8.52719e-05
0.000189172
0.000149905
0.000269899
0.000215085
7.29999e-05
0.000335057
2.99888e-05
0.000105919
0.000200096
0.000393851
0.000169923
0.000163665
0.00020711
0.000157943
6.84273e-05
0.000461533
0.000404815
0.000225258
0.000201663
0.000389509
0.000447489
0.00016137
0.000271176
0.000173679
0.000109926
6.456e-05
0.000219589
0.000116725
9.36656e-05
0.000163983
0.000310385
1.03357e-05
8.55986e-05
0.000430601
8.64535e-05
0.000300257
0.00012208
8.93117e-05
0.000259596
4.17621e-05
6.00625e-05
2.342e-06
0.000133507
0.000499665
0.00014351
2.43441e-05
0.000175019
3.56782e-05
2.78055e-05
0.000484058
0.000213171
0.000170845
0.000362482
0.000262097
0.000216023
5.88929e-05
8.97719e-05
5.65322e-05
