n=32
J=0.707107
eta=1.13924
mu=0.0683544
beta-optimal=0
max-overlap=0
0.000992887
0.00371522
0.000456352
0.00295019
0.00432202
0.00202611
0.00023082
0.00422965
6.63765e-05
5.73102e-05
0.00426535
0.000143405
0.000498494
0.000994642
0.000152787
0.00207141
0.00064796
0.000996905
0.000255365
0.000442639
0.00313992
0.00301408
0.000331078
0.000720088
0.001074
0.000490775
0.00270427
0.00104186
0.000243693
0.000728226
0.00095239
0.00173433
0.0011625
1.10622e-05
0.000593236
0.000774847
0.000478744
0.00089974
0.000274206
0.000982532
0.000551932
0.000230508
4.15071e-05
0.00101029
0.000367759
0.000918698
0.00144464
0.000788493
0.000602707
0.000869983
0.00238204
0.000259934
0.000331332
0.00126654
0.00107441
0.00106621
0.0013431
0.0013924
0.00011709
0.000522569
0.00103735
0.000941639
0.000347235
0.00087098
0.000273904
1.96921e-05
0.000613434
0.00104483
0.000638537
0.000214345
3.67897e-05
8.16587e-05
4.765e-05
0.00036855
0.00129595
0.000232629
0.000389767
0.000248988
1.38043e-05
0.000306544
0.000342818
0.000505037
0.000568071
0.00101897
7.70687e-05
0.0012197
0.000190856
0.000882672
0.000166035
0.000112787
0.000721309
0.000458219
0.000333264
0.000511159
0.00044069
0.000540139
2.92959e-05
0.000431685
3.93504e-05
0.000708857
9.71625e-05
7.1887e-06
0.000533284
0.000951857
2.23152e-05
0.000999615
0.00022391
0.000899212
4.32821e-05
0.000459845
0.00038836
0.000394988
1.66972e-05
4.85064e-05
9.50465e-05
0.000452015
0.000317402
8.48877e-05
0.000855491
2.27346e-05
9.13452e-05
0.000168468
0.000106907
1.89755e-05
0.000178952
0.000416972
0.000795817
7.7677e-05
0.000299784
0.000197767
4.23415e-05
7.90331e-05
0.000578525
0.000335601
0.000133194
0.000391545
0.000264593
0.000227598
0.000290025
0.00025423
0.000524185
5.60063e-05
0.000157262
9.26259e-05
4.41259e-05
0.000197685
0.000710043
2.10964e-05
0.000163482
0.000564499
0.000152343
0.000228989
0.000194059
8.56455e-05
4.83228e-05
0.000329809
0.000116317
3.04232e-05
0.000217438
0.000363186
6.61419e-06
4.12827e-05
0.00075909
7.2913e-05
7.21163e-05
0.000332623
0.000226613
0.000104118
0.000418842
0.00070897
4.14607e-05
0.000221983
0.000136336
0.000197307
0.000342269
2.50412e-05
9.76451e-05
6.91832e-05
0.000364492
4.14417e-05
0.000159122
5.44915e-05
0.000380334
2.0796e-05
0.00030056
0.000499862
0.000225791
2.27102e-05
7.66497e-06
8.13344e-05
0.000250629
1.14875e-05
0.0001909
4.32496e-05
7.45764e-05
0.000191615
9.46348e-05
5.99853e-05
0.000129214
0.000398758
0.000143307
9.41735e-05
4.99803e-05
0.000185179
5.54493e-05
0.000353029
0.000183181
7.9099e-05
0.000173584
5.21423e-05
0.00027735
0.000149104
2.73454e-05
0.000159065
0.000588813
0.000176117
0.000190676
0.000455335
0.000413852
2.98082e-05
7.10343e-05
0.000294261
1.53528e-05
0.000428275
0.000201072
0.000197632
9.22712e-06
0.000166142
0.000592888
0.000107437
0.000147964
0.000569964
0.000138928
0.00014322
0.000341453
3.48672e-05
0.000116623
0.000210663
0.000161913
0.00021026
1.79367e-05
3.28483e-05
0.000116474
0.000291436
0.000117253
2.63304e-06
0.000139442
0.000284126
0.000208542
0.000103485
0.000420744
0.000330397
0.000158354
4.91976e-05
1.3461e-05
7.94547e-05
