n=32
J=0.707107
eta=1.11392
mu=0.0582278
beta-optimal=0
max-overlap=0
0.000487825
0.00142635
0.00297197
0.000195083
0.00282187
0.000347289
8.47652e-05
0.00139477
0.0024233
0.00225798
0.00312532
0.00143524
0.000971663
0.000727701
2.11299e-05
0.00123207
0.00186828
0.00126751
0.00186637
0.000653573
0.00101218
0.00116241
0.00257657
0.000748503
0.00117565
0.00170853
0.00211818
0.00126104
0.00107795
0.00133116
0.00117035
0.000605778
0.000959876
0.000734172
0.00160893
0.000519351
0.000431149
0.000307214
0.000681479
0.00140162
0.000900697
0.000659513
0.0014816
0.000888337
0.00153613
0.000238809
0.000357224
0.000517907
0.000688847
5.32058e-05
7.47333e-05
0.000683428
0.000572182
0.000467151
0.000550136
0.00069935
0.000556653
0.00123637
0.0004846
0.000463612
0.00062259
0.000617254
2.16393e-05
0.000448365
0.000115618
0.000669686
0.000427379
0.000247215
0.000309043
0.000489197
0.000272875
0.000567758
0.000271542
0.000569436
0.000418753
0.000491214
3.16578e-05
3.80818e-05
0.00129963
0.000210907
7.19671e-05
0.000362213
0.000658313
0.000456984
0.00062821
0.000173052
0.000556424
2.72084e-06
0.000707844
0.0002705
0.000148631
0.000327563
0.000774966
0.000161243
0.000489882
0.000227703
0.000183191
0.000130693
0.000189929
0.000137786
0.000352234
0.000421495
2.70625e-05
0.000128683
0.000354809
0.000418133
0.000167218
0.000277097
0.000659131
0.000140661
0.000384216
0.00028402
0.000214634
0.000666512
0.000245905
0.000221769
5.68809e-06
0.000327831
0.000220356
0.000135463
5.23737e-05
0.000201051
0.000304964
0.000409919
0.000678046
0.000759924
0.000218556
0.000215941
4.69132e-05
9.12428e-06
5.02139e-05
0.000504081
9.13992e-05
6.04843e-05
0.000647927
9.04747e-05
0.000426228
0.000418857
3.57135e-05
5.45718e-06
0.000200911
0.000378497
0.000157759
0.000383972
0.000252537
0.000256625
0.000126052
0.000475249
0.000101498
0.000241747
1.57528e-05
0.000254853
0.000419642
0.000206657
0.000152785
0.000429639
7.4958e-06
0.000120351
4.07381e-06
4.19111e-05
8.33766e-05
5.25557e-05
0.000209276
4.12306e-05
5.24478e-05
7.12403e-05
0.00040086
0.000151676
0.000122961
0.000290276
0.000163559
0.000129919
2.64562e-06
0.000186013
0.000107303
2.90968e-05
5.94885e-05
7.30453e-05
0.000268103
0.000349458
5.68548e-05
0.000179962
3.72318e-05
3.63322e-05
6.49524e-05
0.000152749
0.000134452
6.33141e-05
0.000261421
0.000109168
0.000335259
0.000127212
6.17815e-05
4.59783e-05
5.39768e-05
8.78321e-05
0.000179603
3.91865e-05
5.71476e-05
0.00049766
0.000117571
9.12687e-05
0.000135122
0.000136928
0.000142487
3.12133e-05
1.57232e-05
5.87746e-05
0.000196626
0.000289369
0.000277144
3.56948e-05
0.000442364
2.68859e-05
0.000421858
0.000166654
1.97049e-05
0.000136719
7.61795e-05
0.000197036
0.000115688
0.000139193
5.5024e-05
0.000210087
2.26718e-05
0.000114096
9.00468e-05
0.000329647
5.15943e-05
0.000167079
0.000458754
0.000145071
1.55934e-05
8.8334e-05
0.000107838
4.43159e-05
0.000129167
0.000279167
4.66284e-05
0.00014887
0.000191199
4.82837e-05
0.000124815
0.000120942
0.000215194
0.000232677
0.000251817
0.000135191
0.000218136
2.02042e-05
3.79461e-05
0.000568081
0.000307515
7.59599e-05
0.000277096
8.21428e-05
