n=32
J=0.707107
eta=1.11392
mu=0.0759494
beta-optimal=0
max-overlap=0
0.00769511
0.00137354
0.00716091
0.00153816
0.000947826
0.00190569
0.00642037
0.0024735
0.00502982
0.00164698
0.0041099
0.00222006
0.00129929
0.00116901
0.00170864
0.000712722
0.00358903
0.00137371
0.003597
0.000724367
0.00322595
0.000545949
0.0028465
0.000679657
0.000333132
0.000946041
0.00162191
0.000333908
0.00108874
0.000679904
0.000961722
0.000482613
0.000375571
0.000659403
0.000333305
0.000239556
0.00091295
0.000329613
0.00096911
0.000803454
0.000465439
0.000151613
0.000516628
0.00125718
0.00142747
0.000347558
0.00184676
0.00096804
0.000814554
4.74518e-05
0.000143479
0.000375887
0.00186364
0.000294297
0.00130508
0.0006633
0.000166527
0.000699007
0.00071651
0.000406571
0.00118982
0.000195752
0.000810063
3.98223e-05
0.000480586
0.000223172
0.000174667
0.000867493
0.00188724
0.000521954
0.000369362
0.000264294
0.000252016
0.000757035
0.000809829
0.000752577
0.000104035
0.000224178
0.00177394
0.000524442
0.000526571
0.000162063
0.000568837
0.000491629
0.000239639
0.000770139
0.000401585
0.00140011
0.000632999
0.000808714
0.000457774
0.000457453
0.000190472
6.42067e-05
0.000192313
0.000140847
0.000195067
0.000243843
0.000125901
0.000134709
0.000423043
2.21029e-05
0.000787703
8.84807e-05
6.33342e-06
0.000204902
0.000702762
0.000124296
0.000419115
0.000294801
0.000207945
2.12269e-05
8.83202e-05
0.00079549
0.000300835
0.000767714
0.000261896
0.000420944
0.000296951
0.00102257
0.000546735
0.000569825
0.000536113
2.85562e-06
7.63793e-05
0.000349517
0.000358796
0.000144971
1.00312e-05
0.000277813
0.000431903
0.00045449
0.000250288
0.000234991
0.00022002
0.000251723
0.00034094
0.000517447
0.000393079
3.78847e-05
0.00013281
0.000736398
8.32084e-05
0.0005607
0.000178411
0.000258601
0.000243302
0.000196149
0.000364855
0.000181205
0.000323238
0.000436605
0.000282299
0.000434069
0.000405793
0.000261031
0.000253466
7.46318e-05
0.000107297
0.000156401
3.28921e-06
0.000668513
6.77785e-06
0.000217371
6.14649e-05
4.77813e-05
1.12824e-05
0.000471988
0.000254045
5.17229e-05
5.28528e-05
0.000295393
0.000190979
0.000117683
0.000403745
0.000341674
0.000135958
1.00538e-05
0.000182207
0.000356367
0.000385513
6.29252e-05
0.000393325
9.31988e-05
0.000106337
0.000160133
0.000184626
0.000201069
0.00050262
1.84336e-05
5.83733e-05
0.000122741
0.00047643
0.000170543
0.000347165
0.000103391
4.43911e-05
0.000315669
0.000126608
8.44998e-05
7.91239e-05
2.15727e-05
0.000238944
8.93401e-05
0.000157836
7.05203e-05
0.000536198
6.23737e-05
0.000199367
9.46584e-05
0.000261131
0.000489674
6.14034e-05
0.000136122
4.26758e-05
5.18945e-05
0.000216656
0.00055939
9.92763e-05
0.000148047
0.000197959
0.000115526
0.000223966
4.12153e-05
2.36138e-05
2.91421e-05
0.000242749
0.000148327
0.000255613
0.000106079
0.000519165
7.41248e-06
7.63949e-05
9.9557e-05
9.95611e-05
5.53234e-05
0.000115126
0.000175807
0.000187505
0.000174974
0.000108479
0.000225632
0.000242994
0.000335943
0.000540547
0.000476429
0.000679096
0.000141801
0.00056823
0.000183235
0.000363377
1.39777e-05
0.000141871
0.000233713
1.29549e-05
6.43624e-05
