n=32
J=0.707107
eta=1
mu=0.0253165
beta-optimal=0
max-overlap=0
0.834454
0.264621
0.143852
0.0801349
0.0965559
0.0655113
0.0711008
0.0452022
0.0327691
0.0536868
0.0520101
0.0293969
0.0269746
0.0195147
0.047256
0.0346306
0.0222647
0.0208822
0.0138772
0.0217562
0.013942
0.0248447
0.013405
0.0196454
0.0133818
0.0126465
0.00941705
0.0155975
0.00820605
0.0117577
0.0126877
0.00877754
0.0188303
0.0144971
0.00907202
0.01166
0.00715787
0.00879864
0.0141001
0.00766862
0.00870015
0.00605981
0.00475707
0.00563981
0.00721733
0.00550535
0.00590226
0.00614513
0.00644137
0.00601327
0.00489973
0.00376797
0.00779433
0.00660136
0.00446118
0.00494586
0.00336588
0.00308645
0.00336898
0.00357802
0.00663152
0.0035853
0.0038244
0.00430481
0.00378817
0.00352756
0.00359224
0.00372026
0.00381907
0.00308031
0.00233292
0.00306682
0.00255586
0.00331875
0.00321659
0.00281607
0.00216633
0.00319964
0.0024347
0.00281762
0.00303731
0.0023862
0.00241633
0.00294803
0.00367434
0.00215013
0.00229688
0.00192009
0.00214913
0.00405891
0.00156833
0.00251807
0.00179305
0.00188277
0.001443
0.00148212
0.00213979
0.00204041
0.00180541
0.00166699
0.00165018
0.00159283
0.00192342
0.00142794
0.0016741
0.00125067
0.00216456
0.00130389
0.00130061
0.00155273
0.00128644
0.00175268
0.00151155
0.00138103
0.00114008
0.0012794
0.000999971
0.00102717
0.00134468
0.00119633
0.00162277
0.00131983
0.00119708
0.00108259
0.00137771
0.000984933
0.00129363
0.00110158
0.00171777
0.00135429
0.00118106
0.00105177
0.00130084
0.000964557
0.00106581
0.00137303
0.00073536
0.000859224
0.00142055
0.00110188
0.00124236
0.000768874
0.000758368
0.00107606
0.0009594
0.000889113
0.000857342
0.00117642
0.000778914
0.000622849
0.000696338
0.000761268
0.00070001
0.000773178
0.000866021
0.000830986
0.000633891
0.00083491
0.000768727
0.000714572
0.000631215
0.000723074
0.00068097
0.000592368
0.000612493
0.000633069
0.00070596
0.000627085
0.000758062
0.000706409
0.000740169
0.000451744
0.000661683
0.000577572
0.000597838
0.000576349
0.00061817
0.000598309
0.000687723
0.000562044
0.000514324
0.00059981
0.000420149
0.000751039
0.000491427
0.000406583
0.000596942
0.000485197
0.000468396
0.000452199
0.000396805
0.000435567
0.000458156
0.000421518
0.000405215
0.000482751
0.000400468
0.000431096
0.000366563
0.000460966
0.000616863
0.000414443
0.000459471
0.00045298
0.00049553
0.000447474
0.000455021
0.000339863
0.000425167
0.000362869
0.00041825
0.000617907
0.000407084
0.000416736
0.000342704
0.000441749
0.000352241
0.000392905
0.000320643
0.000425698
0.000386154
0.0003762
0.000356202
0.000394858
0.000479159
0.000317487
0.000365152
0.000339654
0.000318015
0.000395706
0.000325553
0.00027388
0.000324003
0.000287171
0.000368483
0.000313497
0.000356162
0.000267931
0.000317235
0.000313625
0.000325732
0.00032381
0.000232722
0.000366633
0.000266298
0.000363534
0.000264938
0.000454274
0.000347011
0.000243121
0.000200318
0.000200842
0.000226648
0.000234354
0.000215787
0.000204229
