n=32
J=0.707107
eta=1.06329
mu=0.0860759
beta-optimal=0
max-overlap=0
5.94641e-11
4.36455e-11
3.11536e-11
5.69116e-12
9.52184e-12
4.65098e-11
2.14742e-11
1.61201e-11
1.15324e-11
5.82054e-12
6.52977e-12
9.94424e-12
9.26132e-12
1.74392e-11
8.40978e-13
7.92957e-12
7.0821e-12
1.23963e-11
1.10424e-11
3.71283e-12
1.72401e-11
1.33794e-11
1.53402e-11
9.29267e-12
7.54123e-12
3.81141e-12
3.16708e-12
6.57151e-12
2.51198e-12
6.4294e-12
7.84425e-12
1.54037e-12
3.55555e-12
7.8981e-12
6.25331e-12
8.11699e-12
1.65098e-11
1.32279e-11
1.27395e-11
4.6365e-12
3.35563e-12
6.457e-12
8.68814e-12
3.73889e-12
1.08923e-11
5.37651e-12
1.0968e-11
2.12615e-12
1.27987e-11
3.31777e-12
5.40874e-12
2.13635e-13
8.23109e-13
2.12408e-12
5.82576e-12
5.45032e-12
5.92448e-12
2.36334e-12
5.57134e-12
9.25259e-12
2.43687e-12
1.27117e-12
6.75121e-13
1.49786e-12
5.19431e-12
5.34593e-12
1.30729e-11
9.1707e-14
1.41221e-12
3.15182e-12
8.84123e-12
1.89445e-12
3.46519e-12
4.67627e-12
4.83983e-12
3.78468e-12
4.31412e-12
4.58399e-13
6.2046e-12
9.08133e-12
5.98625e-12
2.02925e-12
6.1214e-12
6.13182e-13
5.28263e-12
1.10012e-12
5.65925e-13
2.89901e-12
5.29026e-12
2.26298e-12
7.10869e-13
2.41699e-12
3.335e-12
1.49526e-12
1.18002e-12
6.08866e-12
3.65259e-12
2.21446e-13
4.35877e-12
1.84402e-12
5.37642e-13
3.60291e-12
1.09726e-12
6.98382e-13
1.07799e-12
3.96894e-12
2.21948e-12
2.88863e-12
1.60799e-12
8.00897e-13
1.84244e-12
7.21374e-13
1.7403e-12
2.28125e-12
2.45755e-12
2.32954e-12
1.22289e-12
8.1916e-13
2.61545e-12
2.27945e-12
4.05638e-12
3.85352e-12
1.57538e-12
6.23717e-13
7.63726e-13
2.86252e-12
2.45098e-12
6.70271e-12
1.0094e-12
2.14289e-13
6.66728e-13
9.21874e-13
1.22675e-12
1.08607e-12
3.88941e-12
2.33592e-12
1.02982e-12
1.16456e-12
2.23743e-12
5.04157e-13
1.27304e-12
5.9663e-13
8.49346e-13
3.32578e-12
5.46774e-13
5.42213e-13
8.98998e-13
5.59818e-13
6.08131e-13
1.62125e-12
1.12652e-12
2.46923e-12
6.87261e-13
6.58162e-13
3.63012e-13
1.82653e-12
1.11634e-12
1.58776e-12
4.31549e-12
6.14817e-13
5.05256e-13
1.54992e-12
9.82068e-13
1.69025e-12
6.49879e-13
1.09308e-12
6.99151e-13
2.8117e-12
3.97628e-12
1.52923e-12
1.37102e-13
5.2609e-13
2.10887e-12
2.12102e-12
2.05027e-12
1.01019e-12
1.93857e-12
4.33483e-13
1.55189e-12
2.2612e-12
2.535e-12
1.16338e-13
2.00628e-12
7.30421e-13
7.08123e-13
2.20963e-12
2.58675e-12
6.73853e-13
2.4711e-12
9.00722e-13
2.42971e-13
1.29709e-12
1.94443e-12
5.01235e-13
1.13921e-12
1.68591e-12
3.08257e-13
9.18732e-13
4.24465e-13
1.27084e-12
9.07373e-13
1.71331e-12
3.05887e-12
6.13947e-13
4.6347e-13
2.37496e-12
5.41389e-13
9.12864e-13
1.13385e-13
4.06051e-13
3.08842e-13
2.13798e-12
4.10074e-13
1.08821e-12
9.94839e-13
4.28489e-13
1.12013e-12
1.89822e-12
3.18244e-13
8.85907e-13
3.40687e-13
1.24261e-13
4.85505e-13
5.91463e-13
1.01436e-12
1.01608e-12
1.42204e-12
1.09964e-13
5.38498e-13
7.66698e-13
7.77893e-13
1.13969e-12
1.33735e-12
2.57411e-14
2.07579e-12
7.57243e-13
1.19884e-12
3.60866e-13
1.23532e-13
6.05296e-13
3.26515e-13
1.01351e-12
2.07622e-13
1.47474e-12
2.65986e-13
6.38128e-13
1.53037e-12
4.16997e-13
3.73434e-13
3.31852e-13
9.20142e-13
1.12486e-12
9.73206e-13
9.55364e-13
6.16093e-13
8.70478e-14
