n=32
J=0.707107
eta=1
mu=0.2
beta-optimal=0
max-overlap=0
0.170465
0.17303
0.164417
0.160669
0.154594
0.151464
0.149921
0.145588
0.138225
0.138548
0.138412
0.130807
0.134632
0.128784
0.119637
0.125616
0.11928
0.119986
0.12173
0.115435
0.109246
0.112214
0.108395
0.108455
0.105518
0.106275
0.105302
0.100456
0.10144
0.0978748
0.100082
0.0960781
0.0977944
0.0940966
0.0936635
0.0899926
0.0873554
0.0892252
0.0837892
0.0862706
0.0824495
0.0835831
0.0838261
0.0835977
0.0805651
0.0803116
0.0811282
0.0787573
0.0773329
0.0786395
0.0773874
0.0759455
0.074846
0.075031
0.0733486
0.0733594
0.0723073
0.0722694
0.0709218
0.070162
0.0698772
0.0679516
0.0678089
0.0671129
0.0652384
0.0661918
0.0653607
0.0644396
0.0637456
0.0634464
0.0630852
0.0605257
0.0611008
0.0620914
0.0597382
0.0602815
0.0571949
0.0582706
0.0572686
0.0561661
0.0553693
0.0567057
0.0543423
0.0547955
0.0554062
0.0525989
0.0536267
0.0536853
0.0530656
0.0521946
0.0509996
0.0507951
0.0512289
0.0503467
0.0497739
0.0492523
0.0488174
0.0475976
0.0485146
0.0495654
0.048699
0.0461991
0.0471902
0.0472922
0.0467605
0.0462832
0.0451363
0.0453274
0.0448579
0.0456423
0.0435824
0.0436316
0.0431267
0.042939
0.0422052
0.0439575
0.0427107
0.0418002
0.0418236
0.0412455
0.0410132
0.0405051
0.0406323
0.0400759
0.0397284
0.0395056
0.0385733
0.0390883
0.0384296
0.038632
0.0389959
0.038626
0.0374851
0.0383822
0.0377895
0.0371951
0.0371901
0.0373865
0.0355109
0.0351923
0.0347711
0.0344811
0.0354592
0.0346739
0.0351908
0.0343005
0.0340545
0.0342763
0.0338738
0.0337253
0.0335879
0.0328748
0.0331353
0.0320969
0.0317359
0.0321946
0.0319349
0.031582
0.0306414
0.0313716
0.0314901
0.0301521
0.0304986
0.0304251
0.0297808
0.0300376
0.0293816
0.0295479
0.0287365
0.0292311
0.0288182
0.0287024
0.0282022
0.0282667
0.0279502
0.027427
0.0274695
0.0276895
0.0274021
0.0269625
0.0269192
0.0267552
0.0258881
0.0266174
0.0262564
0.025844
0.0258014
0.0263098
0.025611
0.0254445
0.0255484
0.0255203
0.0247874
0.025044
0.0243623
0.0242775
0.0242278
0.0238171
0.0239304
0.0243178
0.023528
0.0238086
0.0235808
0.0232828
0.0237108
0.022766
0.0229531
0.0226462
0.0224374
0.0222378
0.0217846
0.0223505
0.021886
0.0215856
0.0218221
0.0209655
0.0209763
0.0211338
0.0208274
0.021008
0.020392
0.0204955
0.0206392
0.0204123
0.0199955
0.0201103
0.0198928
0.0196042
0.0195956
0.0199867
0.0190771
0.0194893
0.0187148
0.0187249
0.0181895
0.0185929
0.0182778
0.0184753
0.0182301
0.018054
0.0181518
0.0179228
0.0178337
0.0173729
0.0174387
0.0167521
0.0167935
0.0167075
0.0165249
0.0167039
0.0164592
0.0164037
0.0161676
0.01533
0.0153536
0.0151987
