n=32
J=0.707107
eta=1.24051
mu=0.141772
beta-optimal=0
max-overlap=0
0.00605926
0.000831038
0.00208273
0.00239262
0.00191304
0.000842822
0.00498809
0.0026614
0.00356595
0.0023374
0.00230759
0.00195067
0.00193277
0.000687738
0.000872821
0.000488141
0.00353074
0.00149971
0.00238635
0.00203705
0.00260441
0.000752123
0.00262058
0.00196221
0.000473409
0.000729913
0.00160092
0.000462883
0.00122677
0.000515694
0.00136537
0.000741187
0.00139605
0.000998075
0.00081143
0.000130421
0.000415638
1.67906e-05
0.00143165
2.49219e-05
0.00034062
1.24847e-07
0.000564835
0.000511236
0.00116068
0.000113097
0.00124246
0.000828415
0.00123121
7.94398e-05
0.000469059
0.000437717
0.00130086
0.000569915
0.00116115
8.16534e-05
4.87656e-05
0.000839117
0.000601371
0.000748708
0.00138133
0.000641458
0.000445813
0.000237235
0.000178979
0.000366011
0.000296952
0.000682893
0.00134396
0.000694487
0.000678243
0.000923411
0.000686322
0.000812036
0.000954043
0.000341675
0.00102428
0.000348798
0.00165522
0.000542634
0.000298628
0.000340178
0.000264808
0.000197408
0.000271193
0.00122638
0.000533191
0.00130885
0.000923819
0.00050264
0.000602843
0.000310952
0.000583508
0.000572133
0.00010937
1.52216e-05
0.000280232
0.00024546
0.000716684
0.000149723
0.000774382
0.000313438
0.00056223
0.000228474
0.000514584
0.000740117
0.00128486
0.000256689
0.000584987
5.95697e-05
0.000183589
5.09929e-05
0.000244945
0.000798959
0.000161244
0.00123722
0.000348736
0.000333985
0.000648294
0.00139061
0.000519686
0.000135893
0.000818428
3.67054e-05
3.74327e-05
0.000621123
0.000244873
9.70005e-05
0.00019434
0.000140104
0.000650259
0.000634471
0.000475314
0.000349727
0.00064058
0.000451567
0.000164368
0.000392065
9.80647e-05
0.00019144
0.000239119
0.00112099
0.000371837
0.000536967
0.000201723
0.000359253
0.000272075
0.000217165
0.000165942
0.000175304
0.000335912
0.000221088
0.000446212
0.00067471
0.000629969
0.000621446
0.000383672
0.000484738
6.94844e-06
0.000205881
0.00015078
0.000606618
0.000149777
0.000621062
0.000247244
0.000203958
0.000305131
0.000426977
2.86463e-06
0.000130811
0.000284742
0.000138163
0.000255167
0.000174677
0.000314277
0.000565947
0.000382798
3.90411e-05
0.000503908
0.000110517
0.000443783
8.19359e-05
0.000426736
3.22453e-05
0.000370004
0.000275895
0.000204192
0.000228833
0.000587786
0.000256702
0.000546078
6.12664e-05
0.000252033
0.000224271
0.000730271
0.000276904
0.000251727
0.000418
2.27406e-05
1.63508e-05
0.000284688
5.3494e-05
0.000110839
0.000213196
0.000319867
3.19051e-05
0.000431896
9.34226e-05
0.00046926
9.47522e-05
0.000422713
0.000234704
5.72358e-05
0.000219426
4.26084e-05
9.3847e-05
0.000589083
0.000590142
0.000179461
8.17165e-05
0.000171259
2.11641e-05
0.000594013
0.000105421
2.19434e-05
4.134e-05
0.00031207
0.000155818
0.00020652
0.000366191
0.000491852
7.30214e-05
8.60061e-05
0.000119488
4.18567e-05
5.04307e-05
0.00014835
0.000196458
0.000223284
0.000353161
0.000146499
8.58799e-05
0.00049619
0.000636814
0.000873045
0.000577494
0.000982921
0.000297677
0.000542902
0.000146027
0.000506554
0.000132398
0.000119372
0.000365176
0.00012724
6.67904e-05
