n=32
J=0.707107
eta=1
mu=0.131646
beta-optimal=0
max-overlap=0
0.249424
0.23864
0.241986
0.212171
0.19349
0.188607
0.174077
0.170036
0.172262
0.154593
0.141237
0.147481
0.143445
0.132523
0.138152
0.130777
0.121492
0.124359
0.121688
0.112152
0.110454
0.112272
0.113277
0.110795
0.108555
0.100286
0.0935187
0.0970887
0.0945947
0.0917318
0.0866544
0.0839539
0.087904
0.0836759
0.0845058
0.0842108
0.0827379
0.0787084
0.077014
0.0774434
0.0762615
0.0787213
0.0731586
0.0697732
0.0737759
0.0692676
0.0671915
0.0674863
0.0661893
0.0627818
0.0624726
0.0591052
0.0598034
0.0586231
0.0565644
0.0597397
0.0589749
0.0568564
0.0537789
0.0552564
0.0538928
0.0553901
0.0503698
0.0500063
0.0498712
0.0490152
0.0489309
0.0492854
0.0454838
0.0466781
0.0451275
0.0435786
0.0469563
0.0451528
0.0438311
0.0458181
0.0425117
0.045714
0.0422673
0.0414416
0.0415142
0.0411911
0.0389859
0.037435
0.0400215
0.0360487
0.0386223
0.0378226
0.037758
0.0353058
0.0365892
0.0370119
0.035299
0.0352891
0.0344983
0.0349508
0.0345023
0.0341158
0.0347474
0.0318776
0.0338246
0.0332555
0.0313396
0.0307145
0.0300555
0.0323711
0.0300513
0.0296006
0.0300782
0.0308914
0.0312758
0.0291802
0.0282437
0.0273551
0.0283398
0.0286572
0.0277113
0.0268408
0.0281596
0.0276266
0.0276361
0.0280304
0.0264056
0.0264934
0.0260979
0.0255109
0.0247791
0.0243506
0.0245129
0.0248845
0.0240031
0.0242646
0.0239507
0.0233702
0.0237464
0.0241075
0.0223817
0.0228256
0.0234369
0.02241
0.0232244
0.022347
0.0219134
0.0222891
0.0213922
0.0208937
0.0209585
0.0209401
0.0220472
0.0202583
0.0199185
0.0201389
0.0214477
0.0201381
0.0199816
0.0189469
0.019698
0.0199858
0.0191645
0.0188445
0.0183557
0.0184291
0.0183303
0.0175831
0.0182039
0.0176864
0.017007
0.0171431
0.0180325
0.0163255
0.0170837
0.0165639
0.0163511
0.0161134
0.0159752
0.0162316
0.0159615
0.0160658
0.0153605
0.0160045
0.015802
0.0157369
0.0150804
0.015681
0.0155057
0.0151264
0.0154285
0.0146169
0.0150923
0.0147388
0.0138884
0.0145978
0.0143335
0.0135981
0.013858
0.0136089
0.0132676
0.0139833
0.0135305
0.0135659
0.0134304
0.013113
0.0125646
0.0124741
0.0129798
0.0121675
0.0122958
0.0128083
0.0121554
0.012019
0.0123696
0.0114813
0.0120431
0.0119723
0.0118375
0.0118606
0.0112615
0.0115253
0.0115885
0.012002
0.0110179
0.0116159
0.0109066
0.0104322
0.0104575
0.01066
0.0105581
0.0104824
0.0105761
0.0101228
0.0106384
0.00997252
0.0101795
0.0101394
0.0103321
0.00971388
0.00980383
0.00950832
0.00910712
0.00952523
0.00916756
0.00939561
0.00912991
0.00911283
0.00871432
0.00894015
0.00855441
0.00881972
0.00846632
0.00863802
0.0087272
0.00802785
0.00804794
0.00803607
0.007653
0.00761285
