n=32
J=0.707107
eta=1.21519
mu=0.0708861
beta-optimal=0
max-overlap=0
2.27145e-12
4.4969e-12
2.41248e-12
8.5596e-12
5.18848e-12
4.28458e-12
2.01353e-12
1.84349e-12
4.07828e-12
1.93757e-12
8.15534e-12
1.86588e-12
3.46364e-12
3.52338e-12
7.42102e-12
8.29496e-12
6.67857e-12
2.52462e-12
5.51224e-12
2.40261e-12
3.27539e-12
1.96173e-12
5.99305e-13
2.36101e-12
1.96275e-12
3.46438e-12
2.23001e-12
1.8492e-12
1.88368e-12
4.15206e-12
1.7518e-12
9.10927e-13
3.92608e-12
1.58433e-12
1.61826e-12
2.33626e-12
2.87603e-12
2.62569e-12
8.04659e-13
1.62496e-12
9.59255e-13
1.40628e-12
6.8924e-13
5.4152e-13
2.41427e-12
2.78024e-12
1.24024e-12
2.27308e-12
1.47457e-12
7.05199e-13
1.57493e-12
1.36273e-12
1.9123e-12
1.12084e-12
1.08977e-12
1.26692e-12
2.05976e-12
1.65873e-12
1.68497e-12
7.56144e-13
1.09825e-12
8.98984e-13
7.53642e-13
7.90188e-13
5.33037e-13
1.90355e-12
1.04256e-12
6.71931e-13
1.11897e-12
1.31218e-12
2.79002e-13
7.90575e-13
8.82068e-13
8.3876e-13
5.04728e-13
5.52896e-13
8.78084e-13
1.4921e-13
5.99568e-13
1.97301e-12
2.04531e-12
1.50697e-13
1.19964e-12
2.94761e-13
1.5536e-13
2.83943e-13
6.47295e-14
2.3435e-13
6.7323e-13
7.28093e-13
1.24023e-12
7.55705e-13
8.91046e-13
9.52254e-14
7.75586e-13
3.29674e-13
6.17756e-13
6.06641e-13
2.58149e-13
8.28501e-13
4.14228e-13
1.75857e-13
1.40123e-12
7.2547e-13
1.12554e-12
5.58434e-13
3.5527e-13
4.26806e-13
2.26487e-13
3.2981e-13
9.23971e-13
1.44239e-12
2.45739e-12
2.74004e-13
1.16053e-12
1.63734e-12
3.24461e-13
4.58716e-13
4.77446e-13
5.12467e-13
5.7444e-13
2.85933e-13
7.64894e-13
3.61246e-13
6.63822e-13
4.80135e-13
4.34021e-13
2.80061e-13
1.23503e-13
1.6506e-13
4.31189e-13
1.12297e-12
5.07583e-13
3.27223e-13
5.44835e-13
2.13262e-13
1.21429e-13
6.04368e-13
9.83863e-13
1.83405e-13
5.00185e-13
6.56028e-14
9.0898e-14
2.18341e-12
9.60802e-13
5.37163e-13
7.5596e-13
3.67181e-13
7.51169e-13
4.22949e-13
8.13897e-13
4.11812e-13
5.51302e-13
4.31239e-13
7.12174e-13
7.78456e-14
6.37839e-13
5.73914e-13
1.03233e-12
4.85104e-13
3.00267e-13
8.44772e-13
4.68644e-13
9.85721e-14
1.21912e-12
8.53608e-13
5.97601e-13
7.51683e-13
5.13763e-13
4.63846e-13
5.08744e-13
2.66435e-13
2.21682e-13
2.36e-13
8.80893e-13
2.90035e-13
4.40957e-13
2.57839e-13
1.46594e-13
2.03019e-13
2.61109e-13
2.52785e-13
3.18202e-13
7.52307e-13
1.12355e-13
3.64157e-13
7.8224e-13
1.84922e-13
5.33523e-13
4.63593e-13
6.44233e-13
3.46631e-13
3.20636e-13
2.7687e-13
3.72884e-13
3.74528e-13
2.18255e-13
3.98354e-13
7.2174e-13
1.43833e-12
9.32894e-13
1.67709e-13
4.21929e-13
4.66032e-13
5.49916e-13
2.82362e-13
5.37996e-13
4.54423e-13
2.09879e-13
9.52227e-13
2.09843e-13
2.60493e-13
4.17026e-13
4.66768e-13
6.07288e-14
7.1983e-13
1.29055e-12
4.09698e-13
9.77123e-13
7.89606e-13
1.81793e-13
6.71936e-13
3.9216e-13
3.01363e-14
3.97261e-13
2.71989e-13
7.58702e-13
3.10352e-13
4.04952e-14
4.26226e-13
8.95195e-14
4.24273e-13
4.39865e-13
5.54798e-13
3.7817e-13
3.94877e-13
3.13987e-13
1.77088e-13
2.57346e-13
6.12282e-13
1.92974e-13
4.04759e-13
3.57091e-13
1.38902e-13
3.80461e-13
3.29983e-13
7.93463e-14
7.35532e-13
2.75209e-13
5.05164e-14
1.02952e-12
5.6421e-13
3.63201e-13
2.84915e-13
3.06779e-13
6.26128e-13
