n=32
J=0.707107
eta=1
mu=0.2
beta-optimal=0
max-overlap=0
0.185271
0.175054
0.172611
0.171258
0.165464
0.159483
0.146505
0.145256
0.144645
0.139601
0.133626
0.134266
0.134083
0.128664
0.124811
0.124911
0.12472
0.119158
0.116484
0.112574
0.106675
0.10789
0.109109
0.107262
0.105663
0.104277
0.0973131
0.101074
0.101253
0.0984851
0.0991126
0.095962
0.0941833
0.0951452
0.0917797
0.092477
0.0891449
0.0850537
0.0883804
0.0857186
0.085306
0.0849005
0.0839167
0.0812501
0.0798203
0.080299
0.0756686
0.0771496
0.0756226
0.073249
0.07418
0.0725738
0.0724945
0.075078
0.0698193
0.0704702
0.0708999
0.0674988
0.0689392
0.0692069
0.0667656
0.0667051
0.0663064
0.065198
0.0664455
0.061314
0.0609983
0.0609487
0.0639002
0.0622632
0.0617077
0.0609262
0.0589573
0.0596701
0.0598644
0.0578727
0.0582052
0.0560768
0.0570057
0.056747
0.0557912
0.0548087
0.0540648
0.0536047
0.0530687
0.0518475
0.0528604
0.0525822
0.0514646
0.0516492
0.0517057
0.0496456
0.0496279
0.0502867
0.0485983
0.0503329
0.0473045
0.0482196
0.0462217
0.0461193
0.0478068
0.0453964
0.0467455
0.0456979
0.0457143
0.0452191
0.0444784
0.0440032
0.0444122
0.0438733
0.0427459
0.0435648
0.0417854
0.0422284
0.0432671
0.0413112
0.0401619
0.0408824
0.039656
0.0403695
0.039893
0.0397576
0.0395844
0.0391811
0.0393646
0.0389717
0.0379759
0.0386572
0.0379618
0.0381593
0.0379912
0.0373305
0.0360713
0.0364212
0.0358947
0.035806
0.0360668
0.0360121
0.0350044
0.0344888
0.0352397
0.0336919
0.0352554
0.0342534
0.0342513
0.0335958
0.0334941
0.0336973
0.0327034
0.0333573
0.0330462
0.0315958
0.0318222
0.0316608
0.031084
0.0315307
0.030753
0.0309445
0.0310233
0.0308367
0.030766
0.0305354
0.029951
0.0300579
0.0293422
0.0294751
0.0290697
0.0292856
0.0287219
0.0284595
0.0278726
0.0290362
0.0278581
0.0274666
0.0277773
0.0273922
0.0269105
0.0275414
0.0268522
0.0268058
0.0264327
0.0262855
0.0265412
0.0262402
0.0259216
0.0261691
0.0256642
0.0257857
0.0255788
0.0245763
0.025027
0.024953
0.0250263
0.0248046
0.0239149
0.0245212
0.0242877
0.0239931
0.0238413
0.0235819
0.0230945
0.0233077
0.0225413
0.0225171
0.0230117
0.0224667
0.0220126
0.0224843
0.021972
0.0218771
0.0217009
0.021414
0.021972
0.0218633
0.0208997
0.0212473
0.021145
0.0209669
0.0207961
0.0207604
0.0202226
0.0199573
0.0202099
0.0197019
0.0196744
0.0199429
0.0195775
0.0195839
0.0190709
0.01914
0.0188563
0.019007
0.018915
0.0186292
0.0181009
0.0186717
0.0185213
0.0178674
0.0178819
0.0176509
0.0176882
0.0172297
0.0174231
0.01712
0.0169958
0.0166655
0.0159578
0.0161139
0.0166773
0.0161267
0.0160457
0.0156435
0.015701
0.0156001
0.0154159
0.0150969
