n=32
J=0.707107
eta=1.11392
mu=0.0582278
beta-optimal=0
max-overlap=0
0.000388537
0.00230629
0.00549253
0.000187479
0.00241465
0.000877859
0.00619151
0.000154272
0.0012129
0.00126007
0.00132374
0.00145046
0.00198116
0.000601704
0.000474562
0.00225263
0.00129372
0.00059252
0.00041734
0.00128555
0.00196649
0.00157587
0.000348215
0.000143754
0.000570668
0.00035826
0.000690389
0.0018068
0.000996411
0.000564263
0.00049407
0.00165677
0.00158425
0.000342894
0.000991058
0.00143927
0.00231567
2.91499e-05
0.00207881
0.000502877
0.00080758
0.000823953
9.49131e-06
6.77248e-05
8.04847e-05
0.00170061
5.79292e-05
0.000404407
0.000155812
5.80953e-05
0.000949084
0.000185297
0.000174376
0.00161586
0.000440329
0.000323846
0.000245055
0.00132749
0.000876654
0.000970906
6.82366e-05
0.000741328
0.00145335
0.000481612
0.000143309
7.46352e-05
0.000107152
0.000101407
0.000118388
0.000148257
0.000327673
0.000753061
0.000484141
0.000518572
0.000418492
0.000557397
0.000110657
0.00123892
0.000784808
0.000678674
0.000707059
0.00055488
0.000680161
0.000643228
5.29306e-05
0.000480667
0.000768792
0.00047112
0.000140379
0.000506654
0.000748372
0.000135502
0.000155765
0.00020135
0.000440509
0.000741768
0.000154699
0.000649958
2.34109e-05
0.000348008
0.00058249
0.000105345
0.000204789
0.000149952
0.000220482
0.000652825
0.000222527
1.91786e-05
8.12697e-05
0.000170318
3.69344e-05
0.000294943
0.000248333
0.000590692
0.00041657
0.000107299
7.53771e-05
0.000528989
0.000135499
0.000216664
5.28104e-05
0.000652319
0.000163773
0.000192813
0.000570049
0.000217714
0.000648556
0.00024473
0.000556864
0.000179318
1.78457e-05
4.51457e-05
9.12218e-05
0.000103664
0.000125628
0.00020061
3.57547e-05
0.0001865
0.000383072
0.000649316
0.000219188
0.000136008
0.000394484
0.000471107
0.00045981
3.49693e-05
0.000302354
0.000173419
3.09928e-05
0.000304097
2.90178e-05
0.000442289
4.28739e-05
0.000183412
5.79263e-05
0.000189532
0.000103671
0.000342312
2.16352e-05
0.00052377
0.00046831
0.000118999
0.000158968
3.77704e-05
0.000219993
0.000224962
0.000185675
3.23585e-05
8.14409e-05
0.00018565
0.000463931
0.000295959
0.00022067
0.000184105
3.04108e-05
2.46085e-05
0.000126694
0.000149051
0.000236496
9.49337e-05
0.000146624
8.47149e-05
0.000204119
0.00103704
0.000290639
0.000123777
0.000103006
0.000155362
0.00012727
0.000318888
0.000325444
8.20188e-05
6.50681e-05
0.000221163
0.000107435
0.000382094
0.000169821
5.21937e-05
0.000119183
0.000139286
8.12812e-05
0.000225699
0.00023707
9.52137e-05
0.000254296
0.000311953
0.000356861
0.000337216
6.17055e-05
0.000105255
0.000181752
0.00021379
7.66252e-05
4.14833e-05
0.00026065
4.25165e-05
0.00038182
0.000266447
0.000169852
1.63591e-05
3.78016e-05
0.000255395
6.31116e-05
0.000528796
0.000310876
0.00017053
0.000238193
0.000373354
0.00014455
0.000122707
0.000223859
0.000194099
0.000164696
0.000186086
0.00038607
6.96015e-05
0.000352739
0.000184018
0.000240907
5.61482e-05
1.99933e-05
0.000164421
7.31473e-05
0.000121116
0.000198365
0.000504279
0.000256716
0.000279334
0.000396615
0.000132121
0.00031825
4.64406e-06
0.000156183
0.000215871
0.000155835
0.00012666
