n=32
J=0.707107
eta=1.26582
mu=0.078481
beta-optimal=0
max-overlap=0
7.4871e-12
5.37593e-13
4.60676e-12
3.63021e-12
5.53373e-12
1.5285e-12
1.69279e-12
2.86084e-12
4.76614e-13
3.81865e-12
2.4943e-12
3.37308e-13
2.58165e-12
1.71929e-12
2.60959e-12
8.82251e-13
2.50265e-12
2.76361e-12
1.81337e-12
3.83178e-13
4.19421e-13
1.79834e-12
2.07704e-12
2.87627e-12
1.84193e-12
1.39656e-12
1.19507e-12
1.94703e-12
6.89375e-13
2.49619e-12
1.04708e-12
7.8047e-13
2.37754e-12
1.08794e-12
1.36855e-12
5.08315e-13
6.33981e-13
1.09522e-12
7.3634e-13
4.61424e-13
1.93915e-12
1.25091e-12
8.93323e-13
4.70127e-13
8.7638e-13
1.50588e-13
7.99038e-13
2.29361e-13
1.40762e-12
1.09907e-12
2.51256e-13
1.23565e-12
8.64529e-13
5.0792e-13
5.60872e-13
3.8822e-13
1.23484e-12
2.16051e-12
9.41189e-13
1.74965e-12
6.72317e-13
7.76627e-13
4.13945e-13
7.07845e-14
1.05807e-12
2.3257e-13
1.74531e-12
3.83116e-13
1.21794e-12
1.30644e-12
1.25124e-12
7.23675e-13
3.4629e-13
1.62273e-13
5.43949e-13
8.25611e-13
1.36239e-12
3.46069e-13
9.44606e-13
7.3775e-13
1.07011e-12
5.27346e-13
1.99961e-13
1.33775e-12
4.18386e-13
7.00407e-13
1.19127e-12
4.69592e-13
1.85015e-13
1.06151e-13
2.98127e-13
7.60202e-13
8.43055e-13
9.72046e-13
4.07648e-13
4.29491e-13
7.3958e-13
1.15557e-12
4.53124e-13
7.42245e-13
3.94079e-13
1.18931e-12
3.96498e-13
3.44652e-13
5.99549e-13
2.07504e-13
1.83781e-13
3.95291e-13
4.91014e-13
3.27254e-13
7.93921e-13
4.54314e-13
5.0363e-13
7.59383e-14
1.98561e-13
1.59039e-13
3.61739e-13
1.30532e-13
3.39654e-13
9.20137e-13
4.65245e-13
3.08675e-13
7.02922e-13
2.94193e-13
4.34829e-13
4.91202e-13
6.80988e-13
2.82288e-13
5.11625e-13
3.31912e-13
9.63105e-13
8.62023e-13
4.18052e-13
5.00494e-13
1.04459e-12
2.94122e-13
4.54905e-13
4.9636e-13
2.19705e-13
1.88925e-13
5.05091e-13
5.8351e-13
5.89046e-14
3.30672e-13
1.37253e-13
1.52993e-13
7.74391e-13
9.03113e-13
3.32507e-13
6.71848e-13
6.60391e-13
2.03429e-13
1.93142e-13
2.00783e-13
3.69e-13
2.21689e-13
4.2912e-13
6.1427e-13
2.76058e-13
5.13617e-13
2.74562e-13
5.46723e-13
8.95737e-13
4.10784e-13
2.16225e-13
3.43058e-13
8.53161e-13
3.62802e-13
8.31305e-13
1.1723e-12
2.30824e-13
5.31504e-13
3.48755e-13
4.72994e-14
6.70572e-14
5.66569e-14
4.00744e-13
3.13569e-13
9.24342e-13
2.74541e-13
2.19767e-13
3.0354e-13
7.26676e-13
2.08185e-13
1.62367e-13
3.50395e-13
4.25018e-13
3.61345e-13
1.79459e-13
2.58177e-13
1.2566e-13
2.80056e-13
3.69634e-13
3.95687e-13
1.91541e-13
7.4172e-13
2.39107e-13
5.67295e-13
7.79926e-13
4.8994e-13
3.34021e-13
3.64961e-13
2.49628e-13
1.16268e-13
1.0734e-13
6.21463e-14
1.69037e-13
5.1026e-13
8.35689e-14
1.31569e-13
3.54637e-13
3.96817e-13
5.60415e-13
2.36046e-13
1.58799e-13
3.10904e-13
1.16178e-13
6.29863e-13
2.9222e-13
2.87637e-13
2.4966e-13
1.34655e-13
3.1257e-13
6.62774e-13
3.19318e-13
6.47405e-13
1.98549e-13
4.40392e-13
3.11279e-13
2.98699e-13
1.38391e-13
3.49201e-13
6.18951e-13
2.54024e-13
3.90191e-13
2.42741e-13
2.67984e-13
1.97615e-13
7.43378e-13
4.16461e-13
1.48896e-13
1.17442e-13
1.67839e-13
1.68363e-13
2.44706e-13
6.49486e-13
1.15892e-13
3.22219e-13
2.96592e-13
6.05503e-13
3.60615e-13
6.1309e-13
2.35494e-13
3.56032e-13
5.06111e-13
1.74632e-13
