n=32
J=0.707107
eta=1.49367
mu=0.0860759
beta-optimal=0
max-overlap=0
7.97998e-13
1.95452e-12
6.63405e-12
3.73687e-12
1.52457e-12
1.62151e-12
1.92211e-12
1.87834e-12
3.94242e-12
5.61011e-12
1.33639e-12
9.34735e-13
2.70594e-12
4.61888e-13
2.46149e-12
4.82596e-14
3.3307e-12
1.78989e-12
1.17933e-12
9.44449e-13
1.49528e-12
5.79659e-13
6.23167e-13
2.75831e-12
8.19649e-13
3.00127e-13
1.76977e-12
1.46231e-12
3.15569e-12
1.89559e-12
2.57756e-12
3.42188e-13
1.21492e-12
8.68335e-13
1.49214e-12
3.96061e-13
1.07044e-12
6.44722e-13
3.7613e-13
1.56387e-12
7.0941e-13
1.23517e-12
6.02166e-13
1.06976e-12
1.22369e-13
1.89528e-12
2.60378e-12
6.81045e-13
1.50733e-12
6.40363e-13
9.4953e-13
4.98337e-13
1.64242e-13
1.92708e-12
1.64443e-12
5.56414e-13
3.9877e-13
8.54822e-13
6.8698e-13
1.8114e-13
2.37607e-12
8.39558e-13
1.12577e-12
9.42529e-13
9.93659e-13
2.64371e-13
4.20879e-13
5.26247e-13
5.44623e-13
1.66507e-13
1.58759e-12
4.84062e-13
2.94905e-13
1.07423e-12
1.31295e-12
1.29913e-12
1.70164e-12
2.91925e-13
3.2456e-12
3.01942e-13
1.76892e-12
4.07406e-13
1.21436e-12
4.15625e-13
6.20761e-13
8.27835e-13
5.4872e-13
2.16642e-13
1.40563e-12
1.13139e-12
1.25035e-13
1.74682e-12
9.68632e-13
1.38592e-12
4.82315e-13
4.17939e-13
4.06483e-13
1.00888e-12
1.96057e-13
3.35491e-13
1.70759e-12
8.75195e-13
1.22857e-13
1.04239e-12
2.82223e-13
1.69599e-13
1.42586e-12
1.9143e-13
1.11014e-12
3.17185e-13
6.78584e-13
9.3095e-13
1.10121e-12
1.96074e-13
5.25797e-13
3.38925e-13
3.10139e-13
3.80102e-13
4.69837e-13
6.48809e-13
4.3058e-13
4.00971e-13
5.09599e-13
7.47678e-13
2.6303e-13
4.26767e-13
1.1698e-12
4.08306e-13
2.96135e-14
7.37601e-13
8.22093e-13
6.69616e-13
4.17472e-13
5.73628e-13
2.52606e-13
5.26698e-13
4.91153e-13
1.6024e-13
2.34077e-13
3.06307e-13
9.45326e-13
5.51929e-13
6.22524e-13
4.33804e-13
6.58802e-13
7.07247e-13
6.29211e-14
1.18624e-13
1.38515e-13
3.09868e-13
9.03615e-13
2.94144e-13
9.83368e-13
1.45977e-13
5.08727e-13
7.89104e-13
2.04217e-13
5.17411e-13
1.83081e-13
8.67963e-13
2.44849e-13
1.86186e-13
4.06364e-13
6.36662e-13
3.57021e-13
3.86512e-13
6.45677e-13
3.2239e-13
2.63396e-13
1.01569e-12
3.18711e-13
2.99198e-13
2.88129e-13
5.73107e-13
2.69314e-13
4.32402e-13
2.26655e-13
4.15986e-13
1.8569e-13
7.50556e-13
2.49249e-13
3.66616e-13
1.33047e-12
4.04976e-13
9.14121e-13
3.28869e-13
1.6073e-12
5.5527e-13
1.06004e-12
7.93667e-14
2.25318e-13
5.95389e-13
3.13788e-13
7.03984e-13
1.05399e-12
8.29824e-13
8.45882e-13
1.16302e-13
4.28597e-13
4.08939e-13
4.10936e-13
3.75569e-14
2.01968e-13
6.13787e-13
5.0001e-13
4.28338e-13
3.35357e-13
7.06054e-14
1.63546e-13
1.88011e-13
1.03072e-12
3.30726e-13
1.41113e-13
4.02109e-13
6.48709e-13
1.63669e-13
1.63401e-13
6.08829e-13
4.62449e-13
2.99843e-13
3.28439e-13
8.4535e-14
5.31719e-13
2.68018e-13
3.68598e-13
6.43833e-14
1.29486e-13
4.41917e-13
4.92295e-13
2.70412e-13
3.58824e-13
2.69498e-13
4.97038e-13
2.36612e-13
3.64117e-13
6.42343e-13
4.56099e-13
7.55476e-13
5.88425e-13
1.7619e-13
3.41871e-13
2.68047e-13
7.46268e-14
3.80979e-13
1.17104e-13
2.56028e-13
1.02068e-13
5.91459e-14
2.35555e-13
1.44762e-12
2.1624e-13
5.86416e-13
2.12134e-13
2.97405e-13
6.33163e-13
7.60784e-13
