n=32
J=0.707107
eta=1.11392
mu=0.108861
beta-optimal=0
max-overlap=0
1.89506e-11
8.42483e-12
1.39455e-11
7.04742e-12
9.48541e-12
4.92111e-12
6.24813e-12
5.51396e-12
9.26046e-12
3.58046e-12
6.79204e-12
7.56984e-12
6.02053e-12
8.42546e-12
6.37102e-12
3.44797e-12
3.97289e-12
3.14958e-12
1.05557e-11
7.34695e-12
5.50894e-12
6.37812e-12
7.15292e-12
8.56223e-12
5.63513e-12
4.7278e-12
6.16797e-12
3.15558e-12
3.06357e-12
2.73807e-12
5.07926e-12
3.43669e-12
4.85053e-12
1.91619e-12
2.32192e-12
2.86725e-12
3.806e-12
3.73624e-12
5.34715e-12
2.96931e-12
2.35131e-12
3.26696e-12
1.93077e-13
1.56686e-12
3.47774e-12
2.00269e-12
3.54038e-12
1.51002e-12
2.25398e-12
2.05534e-12
3.51639e-12
1.56023e-12
1.52896e-12
1.88642e-12
1.83177e-12
3.56891e-12
2.67462e-13
2.76625e-12
2.87527e-12
3.33604e-12
8.99549e-13
2.22648e-12
1.84441e-12
2.75745e-13
1.57024e-12
2.96759e-12
3.47357e-12
8.60491e-13
2.16196e-12
2.58257e-12
3.85867e-12
1.62823e-12
2.43539e-12
1.51014e-12
1.83644e-12
1.763e-12
3.95001e-12
1.3207e-12
2.79038e-12
3.2618e-12
2.02504e-12
1.64247e-12
3.68408e-12
1.0591e-12
1.89354e-12
8.82849e-13
2.40636e-12
1.71643e-12
3.69838e-12
8.3197e-13
1.54257e-12
2.40476e-12
5.05569e-13
5.18933e-13
1.38471e-12
2.62645e-12
4.87511e-13
7.38249e-13
2.85735e-12
1.96475e-12
1.16251e-12
1.84274e-12
5.95537e-13
1.76364e-12
7.39939e-13
2.20641e-12
8.91656e-13
7.27199e-13
1.66729e-12
1.38622e-12
8.23251e-13
1.41962e-12
6.1367e-13
1.7998e-12
1.34882e-12
2.42302e-13
1.75756e-12
1.33399e-12
1.44657e-12
1.10152e-12
1.17957e-12
9.16419e-13
1.55051e-12
2.20696e-12
2.02767e-12
2.6893e-12
1.43415e-12
2.06498e-12
1.39035e-12
7.72901e-13
6.90909e-13
9.69174e-13
3.18317e-13
2.33271e-12
2.96565e-12
6.29035e-13
5.4643e-13
8.50493e-13
8.48683e-13
1.17877e-12
4.59642e-13
1.97382e-12
1.8175e-12
7.8643e-13
1.11098e-12
8.09094e-13
1.09147e-12
8.35088e-13
5.94597e-13
1.23048e-12
9.66748e-13
9.69429e-14
5.32029e-13
5.46624e-13
1.12714e-12
1.16251e-12
1.02045e-12
4.11952e-13
1.17543e-12
9.27592e-13
1.19714e-13
7.86701e-13
3.75288e-13
1.66836e-13
5.15649e-13
1.17702e-12
1.32376e-12
1.56623e-12
2.49684e-12
2.89633e-13
3.85766e-13
2.88685e-13
1.1351e-12
8.91503e-13
1.31601e-12
7.48131e-13
8.47095e-13
5.71428e-13
8.6304e-13
1.5937e-12
1.73431e-12
2.31034e-13
1.25735e-12
5.78537e-13
5.86722e-13
9.39496e-13
1.38234e-12
7.20106e-13
1.78546e-12
8.48702e-13
4.88481e-13
8.72945e-13
5.07163e-13
4.3103e-13
1.43616e-12
4.27433e-13
6.1157e-13
4.62974e-13
6.00484e-13
8.76549e-13
7.98107e-14
4.19223e-13
1.13313e-12
5.89483e-13
4.3991e-13
7.75623e-13
5.31342e-13
7.69281e-13
5.82105e-13
2.76824e-13
3.21212e-13
1.08736e-12
4.05657e-13
6.0835e-13
3.63296e-13
2.45216e-13
4.73882e-13
1.20094e-12
2.11856e-13
5.06486e-13
6.10687e-13
3.26547e-13
2.53047e-13
5.84997e-13
1.92852e-13
4.39592e-13
9.10569e-13
2.08925e-13
2.7398e-13
5.0984e-13
2.33032e-13
1.02108e-12
4.49173e-13
9.15463e-14
2.30141e-13
6.16412e-13
4.0744e-13
7.66553e-13
1.93427e-13
5.25042e-13
4.51715e-13
6.16411e-13
4.38648e-13
4.01041e-13
5.5811e-13
3.11394e-13
4.80723e-13
2.86821e-13
5.11591e-13
1.89353e-13
5.79319e-13
4.56306e-13
3.91947e-13
4.62946e-13
4.40445e-13
5.71117e-13
