n=32
J=0.707107
eta=1.06329
mu=0.0278481
beta-optimal=0
max-overlap=0
3.71923e-12
1.99374e-11
1.09306e-11
9.8289e-12
1.32131e-11
1.17071e-11
1.15681e-11
5.47626e-12
8.49944e-12
8.15139e-12
3.10012e-12
5.96167e-12
2.60232e-12
1.14798e-12
5.70008e-12
8.11634e-12
2.16188e-12
1.68709e-12
1.99898e-12
7.07119e-13
2.15454e-12
9.22287e-12
9.30855e-13
1.6259e-12
4.22618e-12
3.62298e-13
2.68522e-12
2.80106e-12
3.22235e-12
2.26443e-12
2.72853e-12
2.83986e-13
1.11922e-12
3.85894e-12
1.08446e-12
1.79419e-12
1.19087e-12
8.33574e-13
1.32246e-12
1.04763e-12
2.00369e-12
1.52994e-12
1.15725e-12
2.31457e-12
1.57403e-12
1.2272e-12
1.05441e-12
1.03391e-12
4.67737e-13
1.43898e-12
3.15314e-12
3.71557e-13
2.03343e-12
2.05515e-12
2.08412e-12
1.90758e-12
1.01991e-12
3.07201e-12
7.51064e-13
1.28027e-12
1.36585e-12
7.78649e-13
2.81664e-13
1.14186e-12
1.00712e-12
2.5935e-12
1.61179e-12
4.90426e-13
1.57542e-12
3.89426e-13
2.61588e-12
7.22658e-13
2.09016e-13
6.34503e-13
5.49895e-13
1.11232e-12
1.6071e-12
3.57932e-13
4.90363e-13
7.15956e-13
2.63587e-12
2.81901e-13
3.59311e-13
1.39128e-13
5.49636e-13
1.12196e-12
1.94751e-12
4.48529e-13
1.17251e-12
2.40415e-12
2.18532e-13
1.78027e-13
2.7834e-13
8.08944e-13
3.47447e-13
1.50052e-13
4.73757e-13
4.54653e-13
1.54846e-12
5.65423e-13
9.69303e-13
8.52488e-13
6.46039e-13
4.68044e-13
6.76523e-13
2.23057e-13
1.115e-12
3.64951e-13
3.31183e-13
9.381e-13
6.82293e-13
1.5178e-12
1.36965e-13
6.6762e-13
1.84391e-12
3.36899e-13
7.13908e-14
3.93585e-13
1.06858e-12
3.75571e-13
7.3866e-13
3.01822e-13
5.32478e-13
6.18628e-13
6.66853e-13
4.64616e-13
9.70797e-13
1.40333e-13
1.67946e-13
3.25568e-13
8.91564e-13
1.21384e-13
4.07621e-13
3.10204e-13
1.3879e-12
3.35681e-13
1.98332e-13
1.86246e-13
2.38029e-12
2.26003e-13
4.75993e-13
5.69117e-13
5.97405e-13
4.11265e-13
2.49846e-13
1.03929e-12
2.97789e-13
8.30514e-13
2.80361e-13
1.4881e-12
2.16707e-13
6.01822e-14
3.63428e-13
7.41602e-13
1.89257e-13
1.23232e-13
8.1289e-13
8.3753e-13
1.08113e-12
9.38886e-13
6.93975e-13
6.01992e-13
3.71246e-13
6.6784e-13
2.38591e-13
5.60152e-13
6.24935e-13
3.726e-13
1.75058e-12
3.68596e-13
6.62807e-13
8.55213e-13
2.6604e-13
5.92927e-14
1.11452e-12
4.58736e-13
3.91266e-13
5.53211e-13
8.89336e-13
1.69813e-13
2.4825e-13
3.16929e-13
7.27796e-13
1.01127e-12
5.51363e-13
2.44067e-13
9.99604e-13
4.91332e-13
7.90919e-13
1.88812e-13
2.67402e-13
2.45714e-13
8.60684e-13
4.1814e-13
5.32964e-13
5.91806e-13
3.84766e-13
6.42028e-14
5.97608e-13
5.51165e-13
2.24346e-13
2.37819e-13
1.06851e-13
2.88468e-13
3.20136e-13
3.06922e-13
1.94832e-13
6.15411e-13
3.49728e-13
1.78927e-13
7.31112e-13
2.81192e-13
5.29645e-13
2.56316e-13
4.36913e-13
6.31294e-13
1.17452e-12
7.42015e-13
1.47723e-13
6.77722e-13
2.02901e-13
8.30694e-14
1.67672e-13
5.07793e-13
4.59241e-13
2.81544e-13
4.25833e-13
3.49319e-13
1.11179e-13
7.48822e-13
4.43113e-13
2.14301e-13
2.53212e-13
4.77576e-13
2.75938e-13
3.47815e-13
1.45966e-12
2.53028e-13
3.12855e-13
1.7033e-13
2.45884e-13
4.77088e-13
8.16267e-13
4.42058e-13
3.88254e-13
5.20378e-13
1.05969e-13
3.16081e-13
1.12225e-13
3.54036e-14
7.52871e-14
5.79139e-14
4.84028e-14
2.52518e-13
1.07712e-13
6.37765e-13
