n=32
J=0.707107
eta=1.11392
mu=0.0253165
beta-optimal=0
max-overlap=0
0.0008849
0.00212241
0.000222303
0.00286809
0.00165817
0.00131069
0.000782395
0.000825934
0.00119317
0.000765901
0.000427326
1.58626e-05
0.000880804
0.000170762
0.000853968
0.000598692
0.00218427
0.000504109
0.000169408
0.000699187
6.41618e-05
0.000610324
3.2393e-05
3.47518e-05
6.44264e-05
0.000118876
0.000200602
0.000437313
0.000495301
0.000476066
3.06387e-05
0.000424632
0.000116945
0.000282343
9.65098e-05
0.000127978
0.000164896
0.000283649
0.000503828
4.93189e-05
0.000270528
0.000494744
0.000105275
0.000316208
0.000220008
3.71921e-05
0.000168751
0.000226966
0.000166129
0.000107178
0.000118175
0.000403982
0.000109192
0.000134084
0.000353482
0.000137364
0.000416665
0.000219234
0.000506893
0.000630854
6.33881e-06
0.000536425
0.000282363
4.02001e-06
0.00019733
0.000106254
0.00019465
0.000146447
4.60116e-05
0.000193175
7.44943e-05
0.000257341
0.000259299
0.000127176
0.00019447
0.000212785
0.000300719
9.35196e-05
0.000138188
0.000437489
6.37555e-05
0.000179869
9.11224e-07
0.000115698
6.18799e-05
1.48759e-05
0.000137875
3.31524e-05
0.000152354
6.5388e-05
4.13164e-05
0.000113739
7.70653e-05
0.000201626
0.000123518
6.56392e-05
0.000149016
1.98761e-05
6.71087e-05
6.64419e-05
2.15113e-06
2.09087e-06
1.50479e-05
3.76684e-05
0.000285055
5.80645e-05
0.000166981
0.000164483
7.82126e-05
0.000108775
6.20667e-05
0.000309332
3.91895e-05
2.15088e-05
8.83805e-05
0.000114619
2.56036e-05
3.67551e-05
5.90413e-05
1.83536e-05
8.07669e-05
5.53446e-05
0.000231194
0.000152135
2.25452e-05
0.000213696
2.19604e-05
1.85303e-05
0.000144114
0.000169579
0.000189871
1.78164e-05
3.08212e-05
6.45523e-06
8.8998e-05
2.75355e-05
2.78837e-06
0.000132464
8.56541e-05
0.00015926
0.000177273
4.39345e-05
0.000152567
1.59118e-05
1.23737e-05
0.000190684
0.000239874
0.000296007
1.11549e-05
0.000292649
5.44604e-05
7.68241e-05
0.000122019
2.68382e-05
6.13803e-05
7.19019e-05
3.861e-05
0.000151748
4.5635e-05
0.000340837
3.62051e-05
4.84491e-05
0.000291959
6.57079e-05
6.68419e-05
2.55624e-05
0.000121674
4.93544e-06
6.47949e-05
0.000338643
6.23836e-05
9.93907e-05
0.000116684
2.01674e-05
2.86907e-05
2.2559e-05
0.000170472
2.68906e-05
1.04929e-05
1.2997e-05
4.45813e-05
6.2573e-05
3.45956e-05
0.000140782
9.52382e-05
5.42007e-05
9.61718e-05
2.73237e-05
9.72438e-06
4.05322e-05
0.000155244
0.000186234
5.30507e-05
4.68033e-05
6.74864e-06
4.37948e-05
0.000306377
8.37353e-05
0.000273179
0.000167006
1.75502e-05
2.06191e-05
3.3062e-05
0.00013163
3.14388e-05
0.000211636
6.5516e-05
5.31475e-05
9.07119e-06
1.88051e-05
1.52218e-05
0.000197072
3.31379e-05
5.96546e-05
0.000102943
0.000113342
0.000120581
5.52349e-05
2.2682e-05
1.01008e-05
3.23773e-05
3.44867e-06
8.76132e-05
2.79171e-05
0.000168255
3.33946e-05
5.11628e-05
0.000143874
1.27577e-05
5.82725e-06
0.000201303
3.01854e-06
0.00020932
5.39047e-05
1.92256e-05
6.91022e-05
3.52669e-05
1.36148e-05
0.000122982
7.79669e-05
0.000173529
5.10834e-05
0.000108881
2.20667e-06
0.000160999
9.63208e-05
0.00020213
1.8333e-05
0.000111556
0.0001804
9.80797e-05
0.000121738
5.67739e-05
0.00014605
7.1504e-05
6.67417e-05
