n=32
J=0.707107
eta=1
mu=0.0911392
beta-optimal=0
max-overlap=0
0.353891
0.284006
0.25877
0.228093
0.212095
0.210208
0.187258
0.180291
0.158374
0.164836
0.160746
0.14515
0.138892
0.121408
0.144062
0.126928
0.124849
0.119556
0.0902366
0.102762
0.0965218
0.101926
0.094494
0.0969066
0.0872481
0.0826515
0.0769937
0.0824894
0.0729858
0.08377
0.0735577
0.0726953
0.0823436
0.0736337
0.0699894
0.0679322
0.0611915
0.0683283
0.0697935
0.0583793
0.060799
0.0568228
0.0509663
0.0525788
0.0551477
0.0503673
0.0480214
0.0486841
0.0483127
0.0507888
0.0462268
0.0430716
0.0495924
0.0462124
0.0428881
0.0419855
0.0395968
0.0393976
0.039803
0.0401301
0.0408052
0.0394025
0.0365198
0.040185
0.0369808
0.036253
0.0381632
0.0342708
0.0370771
0.0351773
0.0313929
0.0340431
0.0311879
0.0351993
0.0322715
0.0327897
0.0286562
0.0304825
0.0297627
0.0263124
0.0307425
0.0285203
0.0289587
0.0296099
0.0279846
0.0280127
0.0273819
0.0248779
0.0260143
0.0276686
0.024451
0.0258698
0.0247055
0.0244235
0.0225832
0.0228757
0.0231616
0.0235798
0.0238317
0.0220221
0.022116
0.0213705
0.0217772
0.0194725
0.0202076
0.0196334
0.021479
0.0202884
0.0193368
0.0194979
0.0185615
0.0199741
0.0200267
0.0185589
0.0178288
0.0184601
0.016695
0.0171986
0.0183964
0.0165329
0.0180629
0.0170219
0.0160086
0.0164628
0.0164618
0.0159795
0.0159093
0.0158593
0.016633
0.0168578
0.0154005
0.0160663
0.016347
0.0150233
0.0153504
0.0162774
0.0129988
0.0139694
0.0159353
0.0145454
0.014763
0.0133056
0.0129051
0.0136213
0.0137578
0.0128084
0.0134109
0.0137791
0.0130279
0.0121694
0.0121512
0.0122647
0.0120946
0.0121037
0.0124942
0.0123491
0.0112725
0.011576
0.0111254
0.0114379
0.0111414
0.0107071
0.0118808
0.0109235
0.0111496
0.0110455
0.0106485
0.0102975
0.0108673
0.0109315
0.0103068
0.00956299
0.0103752
0.0100415
0.0099718
0.00975723
0.00959363
0.00956608
0.00965428
0.00945813
0.00877596
0.00962964
0.00869241
0.00929629
0.00894686
0.0084897
0.0090868
0.00864768
0.00831672
0.00884815
0.00823778
0.00786134
0.00853585
0.00849558
0.00763414
0.00829542
0.00805367
0.00804683
0.00761835
0.00788781
0.00813661
0.00753578
0.00795423
0.00761395
0.0077584
0.00764209
0.00781474
0.00686584
0.00738307
0.00686661
0.00728424
0.00746128
0.00716572
0.00705758
0.00674727
0.00697086
0.00674012
0.00689371
0.00635995
0.006576
0.00694086
0.00619846
0.0063716
0.00608891
0.00663822
0.00614516
0.00610052
0.00630334
0.00610442
0.00613389
0.00598042
0.00586898
0.00565433
0.00546195
0.00597018
0.00583378
0.00545151
0.0052824
0.00541075
0.00555811
0.00533224
0.00529714
0.00508183
0.00538461
0.00488154
0.00511087
0.00489498
0.00504709
0.00476154
0.00469194
0.00433973
0.00439212
0.00458873
0.0044932
0.00430074
0.00422676
