n=32
J=0.707107
eta=1.13924
mu=0.0556962
beta-optimal=0
max-overlap=0
3.51252e-11
5.78538e-12
7.19983e-12
5.26575e-12
4.34953e-12
3.26374e-12
9.56971e-12
3.98162e-12
4.48063e-12
8.11144e-12
1.91506e-11
7.66582e-12
1.53675e-11
5.80845e-12
9.40861e-12
4.36496e-12
1.24259e-11
8.74504e-12
6.77615e-12
1.86764e-12
8.58538e-12
4.34664e-12
1.10169e-12
2.65498e-12
1.92871e-12
4.17531e-12
1.11813e-12
2.22472e-12
3.33535e-12
3.89013e-12
4.72384e-12
1.5891e-12
5.23407e-12
4.18561e-12
1.42394e-12
9.11604e-13
1.36863e-12
2.87753e-12
3.69983e-12
1.57289e-12
8.60834e-13
7.22295e-12
3.11838e-12
1.36454e-12
3.8091e-12
1.13567e-12
1.57958e-12
1.05039e-12
1.00345e-12
1.10873e-12
1.14278e-12
7.21755e-12
2.12646e-12
2.13054e-12
2.20636e-12
1.77596e-12
1.01864e-12
2.58039e-12
1.44689e-12
2.03195e-12
1.09839e-12
4.23084e-13
3.62395e-13
1.07774e-12
1.78261e-12
1.38769e-12
3.95758e-12
3.79675e-13
5.53105e-12
2.83004e-13
2.56392e-12
3.59339e-12
2.25411e-12
4.56668e-13
1.34705e-12
2.08543e-12
1.69914e-12
5.5862e-13
2.77818e-13
4.25203e-13
1.52693e-12
4.6325e-13
7.51518e-13
1.52038e-12
6.71825e-13
7.40735e-13
7.73937e-13
2.77095e-12
1.00855e-12
5.45635e-13
1.65973e-12
9.20899e-13
7.78195e-13
1.10799e-12
3.3439e-13
2.81254e-13
4.4947e-13
2.33538e-12
3.73477e-13
6.64101e-13
5.05937e-13
2.38782e-13
8.33753e-13
1.09749e-12
1.14561e-12
5.73583e-13
2.24906e-12
1.86097e-12
7.37933e-13
1.71758e-12
2.26213e-13
7.73328e-13
1.5136e-13
2.44495e-13
1.35176e-12
1.64835e-12
2.57506e-13
1.40692e-12
6.69087e-13
5.49828e-13
1.61329e-13
1.53958e-13
2.52557e-12
2.19558e-13
1.61568e-12
1.51532e-12
2.82411e-13
4.86349e-13
1.66799e-12
8.31684e-13
3.75931e-13
6.10726e-13
3.19842e-13
8.61875e-13
4.86e-13
2.32168e-12
1.85072e-12
1.20492e-12
7.23199e-13
1.69752e-13
7.82943e-13
4.28016e-13
3.42384e-13
1.84721e-13
7.32336e-13
9.42451e-13
1.84684e-12
1.32289e-12
1.04856e-12
8.43818e-13
1.86606e-12
1.12261e-12
9.77834e-13
1.48159e-13
5.60546e-13
9.22425e-13
6.42877e-13
1.0151e-12
5.32423e-13
2.18079e-12
6.56833e-13
5.78576e-13
1.50589e-12
1.13966e-12
6.65915e-13
6.42432e-13
2.32423e-12
2.23662e-13
1.53573e-12
1.88862e-12
5.19304e-13
1.73103e-12
1.48156e-12
5.02904e-13
2.28816e-13
8.55585e-13
8.36981e-13
6.59748e-13
5.02635e-13
2.39444e-13
5.43652e-13
9.23753e-13
3.89715e-13
1.07736e-12
7.32202e-13
1.61645e-12
4.99239e-13
1.2283e-12
3.09273e-13
3.49038e-13
8.59553e-14
2.35993e-13
3.77238e-13
4.11695e-13
5.5855e-13
1.79321e-13
9.16152e-13
5.84015e-13
2.66308e-12
4.09198e-13
8.27645e-13
8.2922e-13
1.10041e-12
8.01604e-13
7.76478e-13
6.75456e-13
6.84465e-13
1.3673e-12
2.37598e-13
8.3645e-13
3.43553e-13
2.58365e-13
5.98777e-13
1.33451e-12
1.03732e-13
4.52332e-13
3.27199e-13
1.10215e-12
1.0975e-13
9.6929e-13
1.82464e-13
2.57611e-13
1.50465e-12
4.73001e-13
4.19868e-13
3.53305e-13
4.71524e-13
1.28879e-12
1.36667e-12
5.96752e-13
6.96205e-14
6.81859e-13
1.10652e-12
6.36334e-13
4.47631e-13
4.10131e-13
1.26611e-12
8.76032e-14
7.39852e-13
3.6419e-13
7.10222e-13
1.17534e-13
1.44068e-12
6.27468e-13
6.12848e-13
1.74243e-12
1.51527e-12
8.60703e-13
8.22524e-13
6.70963e-13
1.86169e-12
3.35581e-14
4.46797e-13
1.33582e-12
6.61434e-13
3.65414e-13
