n=32
J=0.707107
eta=1
mu=0.126582
beta-optimal=0
max-overlap=0
0.257099
0.245321
0.248929
0.216683
0.196618
0.191495
0.175946
0.171734
0.174088
0.155304
0.14128
0.147989
0.143744
0.132303
0.138418
0.13075
0.120753
0.124
0.121044
0.111063
0.10946
0.111335
0.11239
0.109926
0.107623
0.0990081
0.0919862
0.0958781
0.093169
0.0902903
0.0851315
0.0822995
0.0864443
0.0821118
0.0830024
0.0827039
0.0813085
0.0771067
0.0754447
0.0758175
0.0746491
0.0772087
0.0715873
0.0680564
0.0721777
0.0675773
0.0655398
0.0658664
0.0644992
0.0610274
0.0606685
0.0572395
0.0580393
0.0568876
0.0547752
0.0580541
0.0573319
0.0552321
0.0520881
0.0535672
0.0522416
0.0537847
0.0486881
0.0483318
0.0482195
0.0473957
0.0473278
0.047633
0.0437826
0.0450012
0.0434155
0.0419211
0.0453823
0.0435669
0.0422029
0.044281
0.0408736
0.0441652
0.040659
0.0399065
0.0399715
0.0396772
0.0374345
0.0358624
0.0385452
0.0344714
0.0371473
0.036338
0.0362931
0.0337845
0.0350896
0.0355581
0.0337925
0.0338167
0.0330259
0.0335347
0.0330683
0.0326673
0.0333353
0.0304474
0.0324486
0.0318878
0.0299417
0.0293096
0.0286653
0.03102
0.0286632
0.0282516
0.028724
0.0295439
0.0299436
0.0278459
0.0269498
0.0260321
0.0270415
0.0273884
0.0263999
0.0255472
0.0268942
0.0263619
0.0263873
0.026777
0.0251644
0.0252354
0.0248635
0.0242965
0.023547
0.0231355
0.0233127
0.0236854
0.022805
0.02307
0.0227699
0.0221901
0.0225922
0.0229566
0.021245
0.021688
0.0222756
0.0212605
0.0221029
0.021213
0.0207998
0.0211799
0.020291
0.0197934
0.0198726
0.0198525
0.0209692
0.019169
0.01885
0.0190776
0.02039
0.0190893
0.0189464
0.0179202
0.0186606
0.0189883
0.0181512
0.0178437
0.0173716
0.0174404
0.0173307
0.0166023
0.0172257
0.0167258
0.0160497
0.0162066
0.0170899
0.0153955
0.0161554
0.0156353
0.0154143
0.015182
0.0150545
0.0153316
0.0150669
0.0151714
0.0144666
0.0151173
0.0149227
0.0148471
0.0141994
0.0148218
0.0146211
0.0142601
0.0145663
0.0137843
0.0142549
0.013913
0.0130628
0.0137666
0.0135269
0.0127904
0.0130468
0.012799
0.0124751
0.0131845
0.0127425
0.0127771
0.0126488
0.0123285
0.0117945
0.0117099
0.0122196
0.0114068
0.0115555
0.0120611
0.011418
0.0112889
0.0116349
0.0107547
0.0113192
0.0112457
0.0111269
0.0111479
0.0105617
0.0108245
0.0108836
0.0113123
0.0103223
0.0109305
0.0102233
0.00977127
0.00980039
0.0100043
0.00990386
0.00982652
0.00992568
0.00948062
0.00999335
0.0093343
0.00954237
0.00950384
0.00969952
0.00908533
0.00919212
0.00889656
0.00851264
0.00892424
0.00858124
0.00880863
0.00855572
0.00853138
0.00814445
0.00836927
0.00799885
0.00825743
0.00791289
0.00808598
0.00818177
0.00749764
0.00752319
0.00751283
0.00713822
0.00710277
