n=32
J=0.707107
eta=1.6962
mu=0.00253165
beta-optimal=0
max-overlap=0
4.84679e-14
1.03875e-14
1.32175e-14
3.67404e-14
7.47004e-15
1.22444e-14
1.00437e-14
9.33386e-14
4.06072e-14
6.30346e-14
1.18288e-13
6.69246e-13
2.225e-13
1.10905e-12
2.0395e-12
1.365e-12
8.15139e-13
2.97634e-13
3.43088e-13
9.46148e-14
3.46052e-14
1.93764e-14
1.60109e-14
2.63964e-14
1.38875e-14
1.63552e-14
4.83277e-15
8.28267e-15
1.49502e-14
2.12574e-14
2.14587e-14
2.23531e-14
3.22983e-14
2.8714e-14
1.17046e-14
1.61575e-15
1.15432e-14
1.88787e-14
1.21472e-14
2.22411e-14
1.64534e-14
5.44061e-15
3.37208e-15
1.76592e-14
9.8234e-15
1.84288e-14
1.92339e-14
6.41997e-15
7.07854e-16
1.92923e-14
2.24378e-14
8.82944e-15
2.86627e-15
1.97307e-14
7.95118e-15
3.05551e-15
2.93973e-14
1.83536e-15
1.08286e-14
1.19374e-14
5.6564e-15
2.66591e-14
2.6924e-15
3.33748e-15
3.45845e-15
5.44188e-15
2.66143e-15
3.43351e-14
5.99316e-15
4.80938e-15
4.61437e-15
9.18365e-15
1.09858e-15
5.29215e-15
3.54273e-15
3.28517e-15
9.74348e-15
2.98432e-14
1.84813e-14
1.13394e-13
1.64875e-13
1.63514e-13
3.72487e-14
5.58735e-13
1.02436e-13
2.47717e-13
1.17536e-12
8.59561e-13
4.20526e-13
7.07576e-13
3.04773e-13
9.29236e-13
5.21992e-13
1.89843e-13
7.49265e-14
9.00689e-14
6.37809e-14
2.96868e-14
3.27127e-15
1.5287e-14
4.80847e-15
6.22486e-15
1.1525e-14
8.03736e-15
1.5042e-14
3.47581e-15
1.54036e-14
1.41437e-14
7.82573e-15
8.68082e-15
5.77253e-15
2.90784e-14
1.01191e-14
8.59062e-15
8.39005e-16
5.86613e-15
6.10366e-15
4.5547e-15
4.13207e-15
2.97313e-15
1.03109e-14
1.02247e-14
3.82792e-15
4.68213e-15
5.16889e-16
1.51557e-16
2.85564e-15
2.49489e-15
1.27141e-15
6.92176e-15
6.75914e-15
6.5894e-15
1.34658e-14
4.51975e-15
8.79025e-16
9.73038e-15
7.67938e-15
1.82024e-15
3.40456e-15
3.69118e-15
1.78192e-14
3.08167e-15
1.49618e-14
3.77977e-15
3.52043e-15
9.40183e-15
1.75004e-14
4.21488e-15
3.15734e-15
3.59817e-15
3.18152e-15
3.11049e-15
1.41972e-14
4.72837e-15
3.6182e-15
1.57756e-14
5.69614e-15
7.92431e-15
6.37962e-15
6.20442e-16
3.87454e-15
4.08218e-15
8.56504e-15
4.59467e-15
8.77431e-15
1.22985e-14
3.08268e-14
6.70731e-14
4.63844e-14
1.9424e-13
1.10357e-13
3.4452e-13
1.2709e-13
3.53418e-13
5.09663e-13
2.99133e-13
4.18986e-13
2.17874e-13
7.67945e-13
6.48864e-14
2.91356e-13
1.36693e-13
1.15212e-13
1.01783e-13
4.99906e-14
7.7454e-14
1.85657e-15
6.92058e-15
1.24671e-14
4.69715e-15
6.67472e-15
5.45184e-15
3.07507e-15
7.05993e-15
2.76036e-15
1.71324e-15
4.54107e-15
5.36123e-15
2.30223e-14
1.05223e-14
4.95706e-15
6.78982e-15
3.26679e-15
4.19849e-15
4.07413e-15
3.78452e-15
1.54316e-14
6.20438e-15
1.54705e-14
3.85335e-15
7.92879e-15
2.92511e-15
2.05087e-15
1.84244e-15
7.15764e-16
7.00822e-15
3.05468e-15
4.6914e-15
1.75261e-15
1.84879e-14
6.52795e-15
4.30179e-15
3.15452e-15
9.03292e-15
3.12492e-15
4.75183e-14
2.67826e-15
2.0446e-15
1.17478e-14
3.11831e-15
8.99717e-15
5.46447e-15
5.02992e-15
2.5177e-15
1.82724e-16
4.33411e-15
6.90632e-15
2.40778e-15
3.89245e-14
6.64069e-14
2.66158e-14
2.76982e-13
9.76558e-13
3.17123e-13
6.60448e-14
3.05633e-13
2.81103e-14
1.03348e-14
1.39817e-14
8.57064e-15
2.5258e-14
2.66837e-15
1.91626e-15
5.85917e-15
1.0132e-14
3.42271e-15
