n=32
J=0.707107
eta=1.06329
mu=0.0556962
beta-optimal=0
max-overlap=0
0.000897728
0.000811479
0.000267123
0.00401597
0.00180981
0.00262926
0.00832889
0.00685529
0.00388298
0.00170581
0.000430656
0.000585773
0.00200101
0.00049397
0.000528068
0.00228881
0.00150958
0.000976294
0.00042422
0.00110316
0.000557935
0.00141471
0.00258139
0.000673952
0.000240931
0.000469578
0.000573452
0.00101706
0.000143415
0.000724778
0.000384452
0.000208372
0.00209913
6.72014e-05
0.00129039
1.24827e-05
0.00106994
0.000566799
0.000563866
0.000669725
0.000204127
0.000709146
0.000856648
0.000670482
0.0011124
0.000258368
0.000468249
2.25207e-05
5.58146e-05
0.000378361
0.000168515
6.23323e-05
0.000311817
0.00032383
7.42675e-05
0.000806099
1.74532e-05
0.000806046
0.000697601
7.08613e-05
2.93556e-05
0.000329382
0.000604847
0.000710617
4.8168e-05
0.000845088
1.94132e-05
0.000962002
0.000332209
0.000524768
0.000285191
0.000736244
0.000505385
0.000204597
0.000270426
6.02195e-05
0.000338209
0.000392339
0.000888347
0.000331155
0.000244185
0.000282071
0.000181984
4.43786e-06
0.000649645
7.61623e-05
0.000247898
0.000140472
0.000832803
0.000109133
0.000454502
0.000679685
1.45293e-05
3.5646e-05
5.14197e-05
0.000432946
0.000194023
0.00013264
6.91993e-05
8.70528e-05
0.00024683
0.000238124
2.37302e-05
0.000131605
0.000176729
0.000447057
0.000117573
0.000670461
0.00021535
0.000509419
0.000283452
0.000563281
0.000304075
0.000303979
2.37887e-05
0.000577023
0.000170735
0.000228574
1.72675e-05
0.000185705
0.000498607
0.000477014
1.76016e-06
0.000744001
0.000461062
0.00030192
0.000103464
0.00010564
8.31728e-05
0.000354907
0.000434488
0.000635994
0.000260367
9.04774e-05
0.000579183
0.000354556
0.000219232
0.000122216
0.000398892
0.000195304
0.000201781
0.000132489
0.000417082
0.00035991
1.84021e-05
0.000284774
1.71931e-05
0.000528958
9.75625e-07
0.000236462
2.18304e-05
3.19274e-05
0.000595365
5.52372e-05
6.24411e-05
1.65318e-05
8.49845e-05
5.99216e-05
8.03652e-05
4.2113e-05
0.000208102
7.30142e-05
0.000289768
5.44924e-05
0.000136967
0.000292257
0.000215564
0.000189905
0.000141372
0.000336978
0.000351288
0.000276932
4.57512e-05
6.40714e-05
0.000188103
0.00040282
2.0438e-05
8.94076e-05
2.06441e-05
0.000260783
9.38504e-05
2.85137e-05
0.000323887
0.00012782
0.000174556
7.94169e-05
7.35072e-05
0.000103753
0.000391906
7.62819e-05
0.000296117
5.05831e-06
0.000224057
8.89733e-05
0.000380318
4.43663e-05
3.01696e-05
7.60889e-05
3.13005e-05
0.000174018
0.000331891
3.44577e-05
0.00015863
0.000281253
5.88472e-05
8.23637e-05
8.87448e-05
2.1862e-05
0.000238046
5.62782e-08
8.83958e-05
9.50685e-05
0.000498058
4.89823e-05
0.00043169
0.000302941
1.41234e-05
0.000111323
7.47457e-05
0.000114882
0.000197441
0.000155605
0.000114729
7.66717e-05
0.000346779
0.000231643
7.24775e-05
0.000160022
0.000153995
0.000112681
0.000396821
7.31616e-05
2.35564e-05
2.20577e-05
0.000173228
3.88563e-05
2.84585e-05
0.000398432
0.000136191
0.000109908
0.000111986
3.63778e-05
2.3212e-07
0.000252342
2.12826e-05
6.13151e-05
6.11498e-05
3.74422e-05
0.000126119
0.0001193
0.000117141
0.000332437
0.000129691
8.17536e-05
5.02776e-05
7.1303e-06
