n=32
J=0.707107
eta=1.03797
mu=0.0126582
beta-optimal=0
max-overlap=0
2.74947e-12
1.19664e-11
5.67685e-12
5.9269e-13
1.32408e-11
1.09635e-11
3.216e-12
2.89981e-12
7.44611e-12
7.3039e-13
2.22851e-12
1.42606e-12
3.94586e-12
1.93661e-12
2.39105e-12
2.71504e-12
9.78896e-12
2.34248e-12
4.93896e-12
1.19408e-12
1.14084e-12
5.84438e-13
2.80049e-12
7.28944e-13
1.0643e-13
8.60946e-13
7.67556e-13
5.11503e-13
5.09986e-13
7.85533e-13
4.11583e-12
1.7192e-12
7.21325e-13
3.83522e-13
2.07235e-12
2.47359e-12
4.77626e-13
1.36267e-12
5.73615e-13
1.83132e-12
1.01718e-12
3.72884e-13
6.60731e-13
4.02232e-12
4.06352e-13
3.54528e-13
7.30402e-13
6.98567e-13
1.09564e-12
1.76254e-12
7.28249e-13
1.41503e-13
2.13858e-12
1.17769e-13
2.27295e-13
4.02349e-13
3.65746e-13
8.15685e-13
5.52446e-13
3.3297e-13
9.23977e-13
1.0061e-12
3.44991e-13
1.16691e-13
1.33017e-13
2.47921e-13
1.13541e-12
2.42594e-13
9.46549e-13
2.74047e-13
2.42663e-13
9.72997e-13
1.19439e-13
1.33442e-12
3.99679e-13
3.13573e-13
3.63595e-13
5.19855e-13
2.54293e-13
8.50122e-13
1.47971e-13
5.66921e-13
3.24433e-13
2.49779e-13
1.16558e-13
3.14942e-13
2.28922e-13
1.22207e-13
6.5506e-13
4.85841e-13
4.41273e-13
1.22796e-13
3.98436e-13
5.02254e-13
8.27547e-13
5.37987e-13
4.69427e-13
4.82684e-13
1.97496e-12
8.70634e-14
5.27234e-13
6.51485e-13
2.2171e-13
4.35623e-13
3.75445e-13
1.68255e-13
3.46614e-13
8.96203e-14
6.30034e-13
1.49032e-13
1.55468e-13
1.77648e-13
6.58745e-13
1.68814e-13
5.23538e-13
1.15186e-13
1.53845e-13
5.56125e-13
1.48339e-13
3.53914e-13
2.74358e-13
3.63651e-13
2.82413e-14
3.51309e-13
5.90285e-13
1.21327e-13
5.15711e-13
4.80277e-14
6.01849e-14
5.8319e-13
2.41612e-13
4.64513e-14
3.55286e-13
3.79575e-13
4.36813e-13
5.10279e-13
5.36927e-14
1.60491e-13
7.79241e-13
1.38009e-13
7.33306e-14
2.0108e-14
2.17784e-13
2.39613e-13
1.98614e-13
5.47527e-13
7.11491e-13
1.65073e-13
2.11206e-13
5.88529e-13
7.50911e-13
5.14563e-13
6.57937e-13
9.53666e-13
1.67255e-14
4.16042e-13
5.16547e-13
1.68434e-13
2.38534e-13
9.34333e-14
1.29949e-13
3.20101e-13
1.63729e-13
6.00616e-14
1.94669e-13
2.96052e-13
5.88489e-13
4.73795e-14
2.04749e-13
4.28875e-13
1.33139e-13
5.18423e-14
1.31258e-13
4.68651e-14
2.95559e-13
6.4155e-13
1.56221e-13
8.16839e-14
3.88022e-13
9.45909e-14
2.01127e-13
4.51315e-14
3.59189e-13
7.39038e-14
2.1433e-13
6.56573e-13
1.7287e-13
8.38772e-13
8.57139e-14
9.40395e-14
3.54938e-13
7.38301e-14
4.8284e-13
1.92905e-14
7.26351e-14
2.21676e-13
1.02812e-13
3.50473e-14
5.84897e-13
9.24038e-14
5.09124e-13
8.75963e-13
1.31939e-12
3.6321e-13
2.19787e-13
2.52928e-13
3.46764e-13
9.07946e-14
5.14861e-13
7.39265e-14
7.83346e-14
4.85481e-14
2.62403e-14
6.73258e-14
4.18891e-13
7.28419e-14
8.43126e-13
3.98074e-13
9.68519e-13
5.0818e-14
3.09457e-14
1.23075e-13
1.70055e-13
1.02603e-13
3.44876e-13
6.55205e-14
1.243e-13
4.14894e-14
2.82988e-13
6.33338e-13
7.12761e-14
6.56049e-14
5.63577e-14
4.51683e-14
3.43984e-13
5.29994e-13
4.98625e-13
2.18312e-13
2.60614e-13
1.0446e-13
2.06975e-14
6.833e-14
1.60345e-13
1.11202e-13
2.19885e-13
2.81315e-13
4.6671e-13
1.42807e-13
1.30967e-13
3.63519e-13
6.10182e-14
5.19118e-13
5.03578e-13
2.26426e-13
4.04874e-13
2.70855e-13
