n=32
J=0.707107
eta=1
mu=0.101266
beta-optimal=0
max-overlap=0
0.311006
0.269612
0.258876
0.224738
0.21519
0.204407
0.198086
0.184437
0.173684
0.158967
0.173266
0.167331
0.149252
0.141388
0.13379
0.122398
0.109908
0.110649
0.103197
0.106845
0.116065
0.103573
0.0974368
0.0969185
0.0968211
0.095187
0.0916448
0.0854557
0.0801968
0.0833704
0.0794351
0.0731623
0.0733198
0.0794912
0.071676
0.0703238
0.0663881
0.0647848
0.0688296
0.0592134
0.0600206
0.0599243
0.0587184
0.0609496
0.0532326
0.0517231
0.0546211
0.049462
0.0485726
0.0491762
0.0444832
0.0476519
0.048593
0.0462916
0.0441931
0.048307
0.0462419
0.0424405
0.0433782
0.0420922
0.0399564
0.0405998
0.039648
0.0405059
0.0410892
0.0361765
0.0363065
0.0395552
0.0371383
0.0337073
0.0352771
0.0365189
0.0368826
0.0335763
0.033758
0.0327812
0.0311556
0.0319293
0.0334347
0.0313066
0.0331068
0.0306968
0.0286188
0.0281892
0.0277665
0.0282417
0.0273688
0.0251158
0.0286691
0.0257776
0.0273397
0.0254774
0.0260463
0.0248876
0.0258822
0.0266059
0.0235352
0.0236289
0.0233588
0.0227632
0.0247207
0.022139
0.024482
0.022469
0.0226261
0.0208539
0.0213586
0.0208478
0.0203125
0.0222656
0.0223859
0.0215875
0.0211961
0.0209125
0.021749
0.0196726
0.0198342
0.0187295
0.0193866
0.0199229
0.0192472
0.0185172
0.0178261
0.0184066
0.018721
0.0191161
0.017845
0.0168482
0.0173366
0.0175196
0.0167581
0.0169443
0.016131
0.0157963
0.0162562
0.0159905
0.0159246
0.015387
0.014887
0.0147205
0.0150786
0.014883
0.0152378
0.0147107
0.013911
0.013384
0.0134344
0.0146618
0.0142626
0.0133473
0.0139046
0.0139639
0.0136637
0.0139051
0.0132992
0.0134323
0.0132207
0.012923
0.0126362
0.012322
0.0126149
0.0120139
0.0114946
0.0118437
0.0121026
0.0121304
0.0116325
0.0124993
0.0117728
0.0118303
0.0116816
0.0107711
0.0116789
0.0113998
0.010563
0.0110445
0.0104055
0.00988333
0.0113327
0.0101792
0.0098127
0.0101612
0.00993939
0.0102123
0.010016
0.00934734
0.0100153
0.00940233
0.00944874
0.0095012
0.00936827
0.00920356
0.00887176
0.0093484
0.00932872
0.00897517
0.00911642
0.00898296
0.00866491
0.00887013
0.0087532
0.00816537
0.00837432
0.00852554
0.00829221
0.00831059
0.00796253
0.00842096
0.00853635
0.00795605
0.00851609
0.00774874
0.00811901
0.00775812
0.00790759
0.0074555
0.00741831
0.00693356
0.00751521
0.00702751
0.00768716
0.00747242
0.00683036
0.00680332
0.00748336
0.00688219
0.00676593
0.00693987
0.0068537
0.00656206
0.006647
0.00681145
0.00637372
0.0065293
0.00647696
0.00605705
0.006259
0.00653092
0.00591115
0.00626998
0.00601655
0.0059951
0.00592174
0.00591172
0.00550508
0.00567242
0.00566709
0.00520765
0.00525509
0.00532864
0.00536276
0.00520609
0.00513957
0.00497688
0.00469022
0.00469539
