n=32
J=0.707107
eta=1
mu=0.0202532
beta-optimal=0
max-overlap=0
0.833474
0.25473
0.119073
0.0963701
0.0786787
0.0453374
0.040837
0.0609903
0.0304449
0.0216698
0.0452048
0.0489279
0.0345724
0.0240127
0.016598
0.0132434
0.0103931
0.0203458
0.0138903
0.0104954
0.0214597
0.00997174
0.0150793
0.0142015
0.00964481
0.00888008
0.0160952
0.00715595
0.00937549
0.00760389
0.00898896
0.0102077
0.00594615
0.0129267
0.00540386
0.00607708
0.00635008
0.00495878
0.00509237
0.0060159
0.00433303
0.0059164
0.00388204
0.00488658
0.00328849
0.0040999
0.0033776
0.00282176
0.00335929
0.0037473
0.00292518
0.00261748
0.00575106
0.00239708
0.00280469
0.00646621
0.00362778
0.00236697
0.00216751
0.00320977
0.0024831
0.00206862
0.00415326
0.00250108
0.0025585
0.0025178
0.00153785
0.00382432
0.00207128
0.00181297
0.00183838
0.00305599
0.00223729
0.00226002
0.00166134
0.00172413
0.00154737
0.0021064
0.00232583
0.00151226
0.00286197
0.00148515
0.00165802
0.00183436
0.00127782
0.00135485
0.00132666
0.00116253
0.0014236
0.000978687
0.00141206
0.00106621
0.00131587
0.00107548
0.00131201
0.00145796
0.000886056
0.0017809
0.00123218
0.00106665
0.00134441
0.00087765
0.00113624
0.0010678
0.00110721
0.00106023
0.000878852
0.000843621
0.000946846
0.0009261
0.00145892
0.000740986
0.000895006
0.000740093
0.00111462
0.000713997
0.000767527
0.000716447
0.00119856
0.00107716
0.000723532
0.000786463
0.000750894
0.000771853
0.00107942
0.000840304
0.000761223
0.000652658
0.000668909
0.000613918
0.000654488
0.000892217
0.000599854
0.000505174
0.00111634
0.00046148
0.000611231
0.000858953
0.000594124
0.000505944
0.000894042
0.000747934
0.000626781
0.000516436
0.000632731
0.000391904
0.000419399
0.000558872
0.000710708
0.000390689
0.000607126
0.00058494
0.000473818
0.000516958
0.000628531
0.000534943
0.000535059
0.00060005
0.000519716
0.000477303
0.000392961
0.000454132
0.000450765
0.000554065
0.000414962
0.000658201
0.00035492
0.000369594
0.000328912
0.00035967
0.000480359
0.000310464
0.000543854
0.000424891
0.000332288
0.000379614
0.000401804
0.000295781
0.000407205
0.000303361
0.000315353
0.000332916
0.000435046
0.000330019
0.000262339
0.000266134
0.000289296
0.000258717
0.000447095
0.000287904
0.000511708
0.000334607
0.000264997
0.000319051
0.000342504
0.000238383
0.000297002
0.000262558
0.000269238
0.000415951
0.000210243
0.000247687
0.000401806
0.000265069
0.000241764
0.000231975
0.00033021
0.000320624
0.000341108
0.000266766
0.000385499
0.000274194
0.000246101
0.000257025
0.000305645
0.000256878
0.000236297
0.000160273
0.000277075
0.00020496
0.000250851
0.000300348
0.000225325
0.000223603
0.000263548
0.000240261
0.000231876
0.000181148
0.000256509
0.000249806
0.000189357
0.000234505
0.000228265
0.000210212
0.000220073
0.00015959
0.000192272
0.000258089
0.000150094
0.000192111
0.00022064
0.000177443
0.000183293
0.000238239
0.000172154
0.000157913
0.000243089
0.000105091
0.000121677
0.000145682
0.000129046
0.000158437
0.000142931
0.000177901
0.000116841
0.000131066
