n=32
J=0.707107
eta=1
mu=0.0177215
beta-optimal=0
max-overlap=0
0.737838
0.381847
0.171096
0.200217
0.0707293
0.042205
0.0566731
0.0345439
0.044585
0.0368098
0.0257945
0.0187771
0.0283372
0.0269306
0.0178894
0.0150463
0.0162467
0.0155346
0.0169864
0.0116877
0.0119183
0.0152771
0.01863
0.0072575
0.00909226
0.00912123
0.00981945
0.00837826
0.0103186
0.00821104
0.0106656
0.00663697
0.00748804
0.00788726
0.00622304
0.00547439
0.00425024
0.00773444
0.00541185
0.00347069
0.00509839
0.00512764
0.00406806
0.00360122
0.00462996
0.00617626
0.00366792
0.00599835
0.00317207
0.00306936
0.00445474
0.00233046
0.00391756
0.0024463
0.00238053
0.00344542
0.00382673
0.002428
0.00316368
0.00218396
0.00267218
0.00280609
0.0019406
0.00189292
0.00313111
0.00192139
0.00285717
0.00172632
0.00130075
0.00187857
0.00196462
0.00225803
0.00164149
0.00184032
0.00200134
0.00176795
0.00152602
0.00133283
0.00142049
0.00140279
0.00126642
0.00128276
0.00134924
0.00150142
0.0013972
0.00158721
0.00157429
0.00158169
0.00114844
0.00138026
0.000813716
0.00107711
0.00151994
0.0011522
0.00109305
0.00121075
0.00111594
0.00130566
0.000970463
0.0010357
0.00127586
0.000825465
0.000788886
0.00105817
0.000954632
0.00104312
0.000894213
0.000709793
0.000976095
0.000942667
0.000966243
0.00107006
0.000842208
0.00142948
0.000749346
0.000934437
0.000923959
0.000818523
0.000961215
0.000762355
0.000728326
0.000645661
0.000903007
0.000539236
0.000845925
0.000992496
0.000691596
0.000622647
0.000831042
0.00051697
0.000644811
0.000469896
0.000396959
0.000423188
0.000536058
0.000536237
0.0005385
0.000581255
0.000603073
0.000625087
0.000665292
0.000443498
0.000533199
0.000637637
0.000784214
0.000430357
0.000453842
0.000566192
0.000561757
0.000430313
0.000517483
0.000463727
0.0003671
0.000468653
0.000449172
0.000297887
0.000527359
0.000364919
0.000361057
0.000593145
0.000428312
0.000394541
0.000360558
0.000452457
0.000422405
0.000259925
0.000501662
0.000543587
0.00041076
0.000346561
0.000422109
0.000353233
0.000392978
0.000349216
0.000261379
0.000324262
0.00037574
0.000321917
0.000428488
0.00042075
0.000234462
0.000310968
0.000344458
0.000330835
0.000408509
0.000442554
0.000347722
0.000281462
0.000254567
0.000261886
0.000517243
0.000288652
0.000414266
0.000233802
0.000184601
0.000242993
0.000166375
0.000298191
0.000287419
0.000296422
0.000230342
0.000255898
0.000229386
0.000273727
0.000318357
0.00033258
0.000247309
0.000281094
0.000241753
0.000366741
0.000220977
0.00022044
0.000241644
0.000307663
0.00017862
0.000263962
0.000207173
0.000198504
0.000244047
0.000170521
0.000230119
0.00025742
0.000199754
0.00024387
0.000208168
0.0002395
0.00025507
0.000238656
0.000214614
0.000216779
0.000225287
0.000179892
0.000176967
0.00015943
0.000189679
0.000144818
0.000185061
0.00015067
0.000182408
0.000173629
0.000197039
0.000161933
0.000151304
0.000130982
0.00021623
0.000145147
0.000144061
0.000138263
0.000157477
0.000136221
0.00015593
0.000175467
0.000113863
0.000118993
0.000130769
8.51807e-05
