n=32
J=0.707107
eta=1.03797
mu=0.0632911
beta-optimal=0
max-overlap=0
4.1412e-11
6.0464e-11
3.32197e-11
4.07464e-11
1.58103e-11
2.39217e-11
2.85478e-11
3.13913e-11
5.10947e-11
3.44691e-11
3.08115e-11
2.41242e-11
7.40334e-12
1.6396e-11
6.07399e-12
2.22181e-11
1.37026e-11
1.80329e-11
1.68138e-11
9.42301e-12
2.47075e-12
2.22352e-11
3.49057e-11
2.34941e-11
1.85094e-11
4.14401e-12
2.15763e-11
1.81192e-11
9.17421e-12
1.14719e-11
8.93351e-12
7.78862e-12
6.44527e-12
2.00212e-12
2.67144e-12
3.22998e-12
7.05709e-12
1.63372e-12
6.83843e-12
9.05371e-13
5.4737e-12
2.7883e-12
3.6188e-12
4.42046e-12
2.10425e-12
7.26019e-12
6.13325e-12
8.92167e-12
8.33418e-12
8.88995e-12
7.55449e-12
8.20741e-12
5.99923e-12
8.41288e-12
3.72799e-12
6.81726e-12
4.96773e-12
1.91332e-12
4.0128e-12
5.94738e-12
4.75063e-12
3.33733e-12
2.48436e-12
3.01879e-12
1.59292e-12
7.89267e-12
4.99321e-12
4.2135e-12
4.49349e-12
4.24443e-12
4.8292e-12
3.97368e-12
1.97691e-12
4.24718e-12
4.86688e-12
1.76029e-12
2.77904e-12
6.08681e-12
3.6514e-12
1.89534e-12
8.39137e-13
2.43867e-12
3.28208e-12
3.87298e-12
4.17127e-12
4.65978e-12
6.19315e-12
2.43923e-12
3.37853e-12
1.52366e-12
2.62995e-12
4.14604e-12
2.69815e-12
3.07818e-12
2.29816e-12
3.10241e-12
3.4543e-12
3.05636e-12
3.99061e-12
3.82309e-12
1.82547e-12
2.14175e-12
2.19226e-12
3.02372e-12
3.31882e-12
1.00625e-12
2.30648e-12
3.97413e-12
1.70617e-12
5.00964e-12
4.34736e-12
1.16256e-12
2.89409e-12
1.50096e-12
1.05652e-12
2.48894e-12
3.49383e-12
2.52944e-12
6.83149e-13
3.17672e-12
2.68485e-12
1.02434e-12
1.44929e-12
1.53249e-12
1.50184e-12
2.42501e-12
1.15206e-12
6.07079e-12
1.88681e-12
9.42118e-13
7.67046e-13
2.26058e-12
2.00325e-12
2.67819e-12
1.09888e-12
1.4171e-12
1.62036e-12
1.52402e-12
1.68881e-12
1.08186e-12
1.13792e-12
1.09579e-12
7.02403e-13
2.25414e-12
3.80884e-12
1.25579e-12
9.31654e-13
1.49258e-12
8.69849e-13
2.96453e-12
1.66475e-12
1.90033e-12
8.92968e-13
2.42993e-12
3.21356e-12
1.57156e-12
9.47449e-13
6.98247e-13
3.49974e-13
1.74252e-12
7.32892e-13
1.55777e-12
4.4481e-12
8.25207e-13
7.24165e-13
9.08661e-13
2.15365e-12
8.54759e-13
1.72797e-12
1.38359e-12
9.77645e-13
6.9097e-13
6.92847e-13
2.59141e-13
1.87259e-12
2.44657e-13
1.68276e-12
1.37906e-12
1.12539e-12
1.31456e-12
1.04127e-12
3.0156e-14
4.42861e-13
3.4258e-13
1.73498e-12
1.96272e-12
1.4231e-12
6.89713e-13
2.48991e-12
1.28163e-12
9.2098e-13
9.47753e-13
1.73966e-12
1.19823e-12
1.33945e-12
3.70069e-13
7.88764e-13
6.06347e-13
7.96989e-13
1.32212e-12
7.01151e-13
8.53884e-13
1.00224e-12
1.6933e-12
2.23494e-12
1.03282e-12
1.51554e-12
8.47157e-13
8.13169e-13
6.63655e-13
6.29509e-13
4.61143e-13
1.44339e-12
1.2884e-12
1.34394e-12
9.53899e-13
6.07974e-13
2.80609e-13
1.45323e-13
9.42396e-13
6.46582e-13
1.73245e-12
4.53122e-13
5.40936e-13
8.28368e-13
1.02552e-12
1.64319e-12
1.31486e-13
1.526e-12
6.76677e-13
3.33901e-13
4.81328e-13
7.67225e-13
2.50908e-13
6.12888e-13
1.36429e-12
4.53348e-13
1.75797e-13
8.64668e-13
1.49647e-12
8.10761e-13
1.61919e-12
9.7762e-13
1.34672e-12
9.62902e-13
4.41946e-13
1.40934e-12
7.32282e-13
6.36867e-13
2.14672e-13
6.10208e-13
5.67456e-13
2.45698e-13
2.52605e-13
4.18682e-13
4.77927e-13
