n=32
J=0.707107
eta=1.06329
mu=0.035443
beta-optimal=0
max-overlap=0
3.22662e-11
1.9956e-11
1.89761e-11
1.51431e-11
2.24549e-11
9.47205e-12
2.8177e-11
1.29262e-11
1.89956e-12
1.57339e-11
1.69556e-11
3.72031e-12
1.06076e-11
3.86852e-11
1.0102e-11
1.57642e-11
1.06245e-11
1.0181e-11
2.30464e-12
5.03882e-12
6.32582e-12
8.11989e-12
1.1494e-11
3.27878e-12
2.0857e-12
2.32006e-12
8.41078e-12
5.53879e-12
6.87509e-12
4.29489e-12
2.41957e-12
8.33186e-13
7.43256e-12
1.87866e-12
4.10492e-12
6.75005e-12
2.27509e-12
3.6877e-12
3.02052e-12
2.27286e-12
1.89361e-12
8.56882e-13
2.0179e-12
3.35738e-12
5.40882e-12
1.87364e-12
5.65643e-13
2.10395e-12
1.24e-12
2.22206e-12
1.01047e-12
7.06173e-12
1.75544e-12
3.46962e-12
3.52222e-12
1.55e-12
2.83194e-12
2.66907e-12
5.91885e-12
4.33556e-12
1.66651e-12
2.02584e-12
1.92069e-12
1.52356e-12
2.44612e-12
4.72248e-12
6.25639e-13
2.94956e-12
9.27505e-13
2.15456e-12
2.24145e-12
1.04686e-12
2.03015e-12
2.15698e-12
2.08188e-12
4.13248e-12
2.44792e-12
1.24636e-12
2.04634e-13
4.15173e-13
1.00604e-12
3.00091e-12
7.99088e-13
6.49693e-13
1.16603e-12
4.559e-13
1.34596e-13
1.77582e-12
7.23264e-13
1.33382e-12
1.35858e-12
6.1714e-13
2.83237e-12
2.19208e-12
2.81641e-13
8.00439e-14
1.60385e-12
6.81332e-13
4.12578e-12
3.33219e-12
3.99724e-12
2.02777e-12
4.4063e-13
1.39849e-12
2.41744e-13
5.57328e-13
1.85903e-12
1.08458e-12
1.26841e-12
1.85902e-12
1.71878e-12
2.79037e-13
6.10459e-13
6.87326e-13
4.08832e-13
3.90406e-13
8.4568e-13
2.34915e-12
1.30466e-12
4.8876e-13
3.03004e-13
8.26812e-13
1.90355e-13
9.14414e-13
2.26365e-12
4.90526e-13
9.10694e-13
1.85482e-12
4.966e-13
1.27798e-13
1.23589e-12
1.60085e-13
2.85708e-13
2.56738e-13
1.46503e-12
3.89148e-13
4.47722e-13
2.20109e-13
1.08807e-12
1.24007e-12
1.10558e-12
5.52337e-13
7.47589e-13
1.9336e-12
4.237e-13
2.19402e-12
2.31575e-13
1.96915e-12
5.08845e-13
1.09296e-12
3.23923e-13
9.34214e-13
1.58547e-12
5.961e-13
9.48544e-13
1.8079e-12
1.8685e-13
3.9997e-13
6.97148e-13
9.7785e-13
9.3025e-13
1.10242e-12
5.26935e-13
2.40325e-12
1.01864e-12
6.22912e-13
7.66932e-13
4.52067e-13
1.29777e-12
1.77617e-12
1.27937e-12
1.07238e-12
3.11029e-13
6.08005e-13
1.30868e-12
5.99094e-13
1.43844e-12
3.08254e-13
1.28297e-12
1.06453e-12
2.91952e-13
4.85293e-13
3.06619e-13
2.82184e-13
5.72366e-13
1.06235e-13
2.47105e-13
2.01101e-12
2.80651e-13
3.50385e-14
1.19033e-12
1.52791e-12
1.22687e-13
8.4763e-14
8.91255e-13
1.97784e-13
4.79438e-13
1.65279e-13
4.33545e-13
1.19667e-12
5.19417e-13
5.15858e-13
1.32381e-12
8.36582e-13
9.5508e-13
7.85728e-13
7.79839e-13
1.91223e-13
3.08425e-13
5.44375e-13
1.20878e-12
1.12713e-12
4.07127e-13
1.13982e-12
6.2755e-13
1.9218e-12
2.42797e-13
6.92389e-13
1.41359e-12
4.24923e-13
1.79748e-13
7.84163e-13
1.08809e-12
3.47549e-13
1.82931e-13
7.50502e-13
8.03661e-14
1.09548e-13
6.53744e-13
3.87852e-13
4.19928e-13
2.6533e-13
6.29045e-13
7.56378e-13
4.87777e-13
2.9861e-13
7.63667e-13
1.82909e-13
7.50739e-13
3.08518e-14
6.3514e-13
4.68527e-13
5.94844e-13
1.07081e-12
5.09608e-13
1.34716e-12
1.40642e-12
2.80829e-13
2.61852e-13
2.03262e-12
9.70653e-13
1.71602e-12
4.31116e-13
5.75212e-13
3.97716e-13
6.64228e-13
