n=32
J=0.707107
eta=1.08861
mu=0.0734177
beta-optimal=0
max-overlap=0
0.00305883
0.00356556
0.00147255
0.00367982
0.00112415
0.00244076
0.0024184
0.00264299
0.000426682
0.00243652
0.00233509
0.00341813
0.00162687
0.00137081
0.00268859
9.69728e-05
0.000126759
0.00171593
0.00027059
0.00241103
0.00106232
0.00149083
0.000913652
0.00158722
0.00132852
0.00103682
0.000961256
0.00106194
0.000294204
0.00100938
0.000756043
0.00296056
5.60296e-05
0.00119902
0.00123402
0.00123284
0.00186667
0.00194179
0.00048102
0.000577998
0.00137584
0.000711551
0.000855881
0.00196881
0.000813421
0.000927466
0.000457573
0.000102295
0.00137649
0.000324131
0.000280171
7.62935e-05
0.00042903
4.81944e-05
0.000315306
5.62164e-06
6.26411e-05
0.000914581
0.000153696
5.05514e-05
0.00138907
0.000107833
7.42527e-05
0.000826872
0.000918513
0.000772251
0.000539314
0.000297035
0.000313615
0.000595284
0.000803716
1.23557e-05
0.000112397
0.000265291
0.000211408
0.000408715
0.000618208
0.00146022
0.000491487
0.000649521
0.000161467
0.000652867
0.000322469
0.000246668
0.00028206
4.31172e-05
3.49417e-05
0.000386403
0.000489179
0.00040635
0.000107649
0.000829603
0.00064262
7.85469e-05
0.000311961
0.000314921
0.000186762
0.000129982
9.27852e-05
0.000806881
0.000224183
0.00043601
0.000316134
0.000395454
0.000119432
0.000119422
1.92103e-05
0.000210938
0.000708373
0.000573501
0.000150955
0.000236196
0.000206184
0.000283762
0.000734741
0.000163123
9.25428e-05
0.000632059
2.43058e-05
0.000410792
0.000177466
0.000395414
0.000222761
0.000192587
0.000768135
0.000407141
0.000398356
0.000433738
0.000265773
0.000380382
0.000742424
0.000790055
6.50288e-05
0.000533364
0.000281217
7.25564e-05
0.000154108
0.000202708
0.000608728
0.000342991
0.000361938
0.000662659
0.000144053
0.000232735
7.8752e-05
0.00037999
0.000381579
0.000250791
0.000211903
9.57625e-06
4.83361e-05
7.06117e-05
3.91799e-05
0.000200829
3.46336e-05
1.26158e-06
0.00056061
0.000202476
0.000418841
0.000390133
5.09283e-05
6.99483e-05
9.26878e-05
0.000215115
0.000116156
0.000167045
9.22386e-05
5.17177e-05
0.000456351
8.17726e-05
0.000277644
7.02563e-05
1.03395e-05
0.000221678
0.000348844
8.362e-06
4.73665e-05
0.000127814
7.04481e-05
0.000716367
0.000320563
0.000292365
2.96351e-05
0.000281122
0.000390829
1.74972e-05
7.38316e-06
0.000232887
0.000235569
0.000169893
0.000420129
8.31613e-05
1.24579e-05
0.000185805
1.15014e-05
2.86745e-06
0.000203746
0.00030481
0.000531411
0.00021995
3.19954e-05
6.96184e-05
0.000115207
0.000187458
0.000195443
5.65298e-05
0.000414988
0.000237035
1.92665e-05
0.000182916
0.000106727
1.22677e-06
0.000149927
0.000141439
0.000511428
0.000111388
8.84391e-06
0.000118189
0.000336339
0.000560503
0.000254222
0.000456739
0.000150534
0.000478959
0.000315425
0.000307319
0.000107774
6.23967e-05
0.000224428
0.00022723
0.000232672
0.00027851
0.000178204
7.0449e-05
2.4786e-05
1.60318e-05
0.00023928
0.000153782
9.58012e-05
4.93272e-05
0.000225121
0.000275363
0.000227288
0.000417759
4.24323e-05
4.9038e-05
0.000246811
0.000165347
0.000214967
0.000114754
7.33388e-05
0.000132795
1.14981e-05
0.000159048
9.107e-05
4.79551e-05
