n=32
J=0.707107
eta=1.11392
mu=0.0253165
beta-optimal=0
max-overlap=0
6.30636e-12
5.08418e-12
1.29395e-11
2.03103e-12
5.57812e-12
2.61683e-12
2.48098e-12
1.28936e-12
8.00441e-13
4.58947e-13
3.19934e-12
6.59096e-12
2.63426e-12
2.11645e-12
3.79608e-12
4.21888e-12
3.39273e-13
1.75662e-12
3.63605e-12
1.66992e-12
3.00153e-12
4.87674e-13
2.66355e-12
3.2332e-12
5.38457e-12
2.8817e-12
1.37436e-12
2.85594e-12
1.02295e-12
6.99319e-13
2.42775e-12
1.79218e-12
4.52177e-12
1.19579e-13
6.7617e-13
3.74701e-12
1.27578e-13
1.14044e-12
1.67654e-12
2.04982e-12
2.3497e-12
2.33819e-13
7.70552e-13
4.51486e-12
1.46015e-12
2.4323e-12
3.78187e-12
1.59781e-12
4.675e-13
1.5167e-12
3.36386e-13
2.0907e-12
1.63707e-12
3.18001e-13
6.25916e-13
2.94686e-12
1.49909e-12
1.74054e-12
5.37832e-13
2.92559e-12
1.55956e-13
6.15741e-13
3.69817e-13
8.31217e-13
1.23901e-12
9.56411e-13
2.03528e-12
6.76808e-13
2.07149e-12
6.48241e-13
1.77064e-12
7.19415e-13
1.50452e-12
7.90957e-13
2.82175e-12
2.88304e-12
1.18284e-12
7.78173e-13
7.68332e-13
1.26782e-12
1.37412e-12
1.61372e-13
3.19333e-13
2.39322e-13
1.404e-12
1.65107e-13
5.68732e-13
9.46204e-13
6.40358e-13
2.09003e-13
9.15053e-13
1.75798e-12
5.69722e-13
8.17324e-13
8.52627e-13
1.65597e-12
1.39552e-12
6.00992e-14
1.63177e-13
1.36441e-12
1.49214e-12
2.10469e-12
1.18247e-12
2.46119e-12
6.60049e-13
4.27334e-13
1.58433e-12
6.64707e-13
1.50352e-13
5.34748e-13
3.78455e-13
1.40612e-12
3.64047e-13
6.38531e-13
1.97464e-13
7.81198e-13
1.39461e-12
2.17078e-13
7.11488e-13
3.4891e-13
1.61292e-13
5.59273e-13
2.51297e-13
3.4068e-13
1.5387e-13
2.15932e-13
1.45241e-13
8.301e-13
1.45472e-13
7.47584e-13
8.51824e-13
1.28394e-12
6.93646e-13
4.63891e-13
8.17652e-13
7.61366e-13
1.05729e-12
1.29512e-12
5.38286e-13
1.72022e-13
1.18893e-12
2.83914e-13
6.87868e-13
3.34966e-13
4.04071e-13
2.05089e-13
4.30194e-13
3.16306e-13
7.37719e-13
9.07684e-13
5.00165e-13
3.78207e-13
2.10855e-13
8.27107e-13
2.89308e-13
1.62425e-13
4.18194e-13
2.93608e-13
1.17011e-12
8.73985e-13
1.01272e-12
5.64449e-13
4.20338e-13
6.37387e-13
5.69467e-13
1.04472e-12
2.52078e-13
8.43673e-13
1.63823e-13
4.67136e-13
3.73061e-13
2.16067e-13
4.24598e-13
1.45739e-13
2.40988e-13
5.65123e-13
1.80047e-13
3.94977e-13
9.1346e-13
8.57611e-13
1.56911e-13
2.93351e-13
9.28959e-14
4.52951e-13
4.06999e-13
6.16144e-13
3.78392e-13
1.32549e-13
1.24115e-12
1.77508e-13
1.0718e-12
1.18579e-12
1.08831e-13
1.95097e-13
2.34981e-13
1.78787e-13
6.98118e-14
2.55077e-13
4.17362e-13
5.84856e-13
4.32641e-13
1.77257e-13
1.72278e-13
1.55496e-13
1.08152e-13
2.01911e-13
5.20285e-13
2.60186e-13
3.22485e-13
7.14493e-14
5.04039e-13
2.71333e-13
9.7832e-13
6.22367e-13
3.91124e-13
2.20157e-13
1.77686e-13
6.0872e-13
1.12381e-12
6.54196e-13
2.07441e-13
7.00075e-14
1.55172e-13
1.34563e-13
2.81723e-13
1.87172e-13
8.02627e-13
8.69247e-14
6.96497e-14
4.25002e-13
8.36969e-13
2.53688e-13
7.2605e-14
6.13657e-13
9.55097e-13
8.35318e-13
5.52608e-13
5.8982e-13
3.26982e-13
6.07817e-14
3.22542e-13
4.63059e-13
5.88031e-13
6.61564e-13
5.88128e-13
4.22451e-13
1.42961e-13
3.70697e-13
2.7296e-13
4.95574e-13
7.75082e-13
5.78731e-13
5.73061e-13
1.72351e-13
1.92609e-13
2.17391e-13
