n=32
J=0.707107
eta=1
mu=0.0860759
beta-optimal=0
max-overlap=0
0.449841
0.339604
0.229032
0.210469
0.190389
0.185787
0.175788
0.160497
0.153895
0.149399
0.149563
0.143289
0.126807
0.123081
0.119029
0.115428
0.110253
0.100012
0.0993237
0.102165
0.0895544
0.0966891
0.0930615
0.0873107
0.0808799
0.0903916
0.0867907
0.0768333
0.0741186
0.0652402
0.0718616
0.0686152
0.0680896
0.0588563
0.0620226
0.0575859
0.0598253
0.060992
0.0599926
0.049673
0.0555266
0.0487797
0.0518684
0.0497393
0.0476841
0.0513993
0.0453829
0.0486425
0.0448087
0.0408339
0.0494747
0.0396659
0.0392843
0.0425397
0.038952
0.0376695
0.0361316
0.0364922
0.0335065
0.0339232
0.0336269
0.0345784
0.0362328
0.0319289
0.0295926
0.0314837
0.03058
0.0306681
0.030169
0.0299522
0.0289874
0.0294283
0.0288762
0.0284632
0.0292206
0.0237178
0.0270841
0.0264343
0.0260908
0.026086
0.0285799
0.0248791
0.023585
0.0251436
0.0234593
0.0246907
0.023143
0.022959
0.0217978
0.0210488
0.0203444
0.0223506
0.0228227
0.0193026
0.020764
0.0199396
0.0187789
0.0187371
0.0192272
0.0187401
0.017302
0.0188617
0.0174753
0.0170883
0.0164228
0.0188067
0.016692
0.0180398
0.016664
0.0156488
0.0149954
0.015565
0.0149828
0.0172414
0.0155437
0.0158939
0.0141384
0.0138925
0.0151445
0.0159236
0.0141893
0.0142915
0.0130213
0.0140959
0.0133049
0.0143439
0.0133842
0.0130662
0.0135212
0.0126358
0.0140647
0.0132798
0.0119921
0.012038
0.0119911
0.0121927
0.012224
0.0110961
0.0118255
0.0114864
0.0118994
0.0114472
0.0118823
0.0101418
0.0108876
0.0106987
0.0109133
0.0108511
0.0104676
0.010303
0.0105854
0.0102617
0.0102528
0.0104148
0.0099963
0.0107924
0.00936368
0.010145
0.00965366
0.00924796
0.0098814
0.00923381
0.00869285
0.00898171
0.00888136
0.00869981
0.00835668
0.00912912
0.00974019
0.00893452
0.00855356
0.00857328
0.00798388
0.00783504
0.00809616
0.00809821
0.00725524
0.00751682
0.00793891
0.00781222
0.00774406
0.00824864
0.0076259
0.00795287
0.00753466
0.00711808
0.00694977
0.00678158
0.00726155
0.00722682
0.00660575
0.0070343
0.00717354
0.00686152
0.00724844
0.00687768
0.00659054
0.00615275
0.00668335
0.00693193
0.00647495
0.00668758
0.00682315
0.00634656
0.00646125
0.00641399
0.00609678
0.00588257
0.00564513
0.00592885
0.00621756
0.0055109
0.00586012
0.00555077
0.00582157
0.00550817
0.00581943
0.00522819
0.00566818
0.00527051
0.00539432
0.00510104
0.00505064
0.00532061
0.00508445
0.00516586
0.00506277
0.00503416
0.00497897
0.00488113
0.00486692
0.00494254
0.00505151
0.00499364
0.00474403
0.00467121
0.00455977
0.00456167
0.00452509
0.00445736
0.00442363
0.0044592
0.0043589
0.00435107
0.00401457
0.00421234
0.00395378
0.00410924
0.00394844
0.00389437
0.00378586
0.00375257
0.00366726
0.00360417
0.00357495
0.00331759
