n=32
J=0.707107
eta=1.03797
mu=0.00759494
beta-optimal=0
max-overlap=0
1.72511e-12
1.53564e-11
1.52453e-11
2.53001e-12
2.15216e-12
8.88871e-13
1.44875e-12
1.91479e-12
2.15029e-12
5.38276e-13
3.63698e-12
8.20989e-13
7.89565e-13
3.91795e-13
9.28094e-13
3.14887e-13
8.6177e-13
4.67481e-12
2.61072e-12
7.38157e-13
2.12211e-12
3.09226e-12
6.99776e-13
8.24457e-13
1.58921e-12
4.9835e-13
3.13738e-13
1.87113e-13
1.22978e-12
5.54292e-13
1.2127e-13
8.69044e-13
4.30215e-13
3.19662e-13
1.92208e-12
3.90104e-13
4.44105e-13
5.16989e-13
3.95939e-13
4.53912e-13
8.74041e-13
1.75798e-13
9.45486e-13
6.53219e-14
7.27e-13
2.74173e-13
2.08307e-13
4.70349e-13
4.81613e-13
1.90913e-13
4.0602e-13
1.9746e-13
2.57356e-13
3.40592e-12
2.10018e-13
1.33451e-12
4.72398e-13
4.50768e-13
6.49371e-13
2.87648e-13
4.02116e-13
3.94411e-13
2.9015e-13
1.30423e-13
2.25178e-13
5.55818e-13
4.83347e-13
9.15017e-14
2.44212e-13
9.60397e-14
2.60567e-13
1.44909e-13
3.48345e-13
2.55646e-13
4.22691e-13
2.59252e-13
1.78417e-13
2.5709e-13
3.09503e-13
3.46124e-13
2.46945e-13
5.55464e-14
3.2012e-13
3.11895e-13
3.97575e-13
2.44849e-14
2.81529e-13
2.90303e-13
3.45675e-13
3.25416e-13
9.69615e-13
1.27024e-13
4.89425e-13
4.47541e-13
9.4741e-14
3.6316e-13
2.09665e-13
5.32796e-14
3.49646e-13
1.96644e-13
3.67749e-13
6.58218e-13
1.38792e-12
1.29548e-12
1.02973e-12
1.39178e-12
7.13156e-13
1.05509e-13
1.1051e-13
3.78129e-13
4.81827e-13
1.54098e-13
2.22068e-14
1.78634e-13
2.26862e-13
1.72189e-13
1.19733e-13
1.23573e-13
1.57712e-13
2.36904e-13
7.47903e-14
2.76896e-13
4.48811e-13
7.60143e-14
2.73284e-13
6.1246e-14
9.901e-14
1.80304e-13
1.5786e-13
1.34144e-13
1.47083e-13
1.77249e-13
7.60095e-14
1.68024e-13
3.71287e-13
2.46233e-13
5.19531e-14
1.66972e-13
1.36302e-13
3.50862e-13
1.10642e-13
2.17913e-13
6.61488e-14
2.70575e-13
2.60259e-13
1.55929e-14
2.44957e-14
2.91376e-13
2.27319e-13
1.73547e-14
4.80992e-14
6.46576e-14
7.46058e-14
3.35344e-13
1.86358e-13
6.94154e-14
8.98836e-14
3.15968e-13
8.49201e-14
3.33912e-13
2.92371e-13
3.47847e-13
2.48092e-13
1.26925e-13
1.0861e-13
8.07482e-14
1.298e-13
8.87341e-14
1.01739e-13
3.39826e-13
1.68965e-13
1.15735e-13
4.42918e-14
8.18667e-14
1.49446e-13
1.88878e-13
6.46202e-14
7.36704e-14
1.40836e-13
1.40484e-13
7.43025e-14
9.83353e-14
5.1696e-14
1.36516e-13
4.31997e-14
1.80603e-13
6.72077e-14
5.66051e-14
1.19998e-13
1.05942e-13
7.86027e-14
2.36723e-13
1.09075e-13
2.25792e-14
5.43175e-14
9.45006e-14
8.28581e-14
1.14976e-13
7.76069e-14
2.79249e-13
9.73451e-14
1.83475e-14
1.7579e-13
1.19289e-13
2.55506e-13
5.63249e-14
4.53784e-13
2.24025e-13
5.09071e-14
6.20586e-13
1.02943e-13
1.63951e-13
4.7037e-14
1.97821e-13
8.90841e-14
1.37596e-13
3.00816e-13
3.02227e-13
4.16728e-13
1.466e-13
1.39051e-14
1.9545e-13
7.08976e-14
9.13813e-14
2.61836e-13
4.7434e-14
1.5636e-13
1.51548e-13
9.01514e-14
2.70879e-14
2.97644e-14
2.57318e-14
3.78408e-14
1.11956e-13
8.76967e-14
2.41531e-14
2.62148e-14
9.051e-14
5.8268e-13
9.14823e-13
1.29914e-13
2.84177e-13
2.90825e-13
1.40253e-13
1.20938e-13
1.22357e-13
5.26981e-14
9.43157e-14
5.06493e-14
1.10531e-13
1.8868e-13
1.22593e-13
1.11372e-13
1.16417e-13
1.22454e-13
2.40899e-13
