n=32
J=0.707107
eta=1.03797
mu=0.0835443
beta-optimal=0
max-overlap=0
8.94387e-11
1.10913e-10
9.49283e-11
7.24285e-11
7.88722e-11
8.93032e-11
5.14331e-11
6.76233e-11
4.08985e-11
3.1349e-11
2.90243e-11
3.88964e-11
5.42225e-11
3.67206e-11
4.03617e-11
4.68315e-11
3.82909e-11
4.61027e-11
4.95813e-11
2.98332e-11
3.27017e-11
3.64293e-11
3.18958e-11
2.72248e-11
2.33255e-11
2.76777e-11
2.60351e-11
2.31787e-11
2.41498e-11
1.84261e-11
2.94955e-11
2.90554e-11
2.34996e-11
1.48894e-11
2.9636e-11
2.75031e-11
1.9186e-11
1.42984e-11
2.41963e-11
1.73026e-11
1.81624e-11
1.21981e-11
1.36831e-11
1.24955e-11
2.06051e-11
1.81267e-11
1.47522e-11
1.58083e-11
1.22522e-11
9.10859e-12
1.71276e-11
9.96127e-12
8.75618e-12
1.7679e-11
1.20111e-11
1.33818e-11
7.42268e-12
7.08054e-12
9.89476e-12
1.60284e-11
1.32151e-11
7.27661e-12
1.66387e-11
9.99534e-12
5.61964e-12
1.41975e-11
6.06104e-12
7.81837e-12
8.16125e-12
1.00057e-11
5.91477e-12
8.99509e-12
8.60009e-12
1.03148e-11
5.35583e-12
1.99021e-11
8.80508e-12
9.15917e-12
8.50521e-12
6.35855e-12
8.97307e-12
8.19126e-12
6.19202e-12
1.11273e-11
5.79938e-12
4.47871e-12
6.34104e-12
6.28547e-12
5.78874e-12
9.37843e-12
5.23449e-12
4.91428e-12
1.18863e-11
8.00192e-12
6.26355e-12
8.02091e-12
7.65679e-12
7.06524e-12
6.45946e-12
7.39941e-12
4.85419e-12
4.2882e-12
9.93964e-12
7.58874e-12
4.20754e-12
7.42371e-12
5.06761e-12
4.44466e-12
5.92541e-12
3.56202e-12
4.37469e-12
7.51367e-12
3.74525e-12
6.88726e-12
5.9065e-12
5.84233e-12
4.2317e-12
4.97315e-12
3.09521e-12
4.92359e-12
4.90029e-12
3.9662e-12
4.62138e-12
3.81743e-12
6.30806e-12
5.32879e-12
6.52285e-12
3.5497e-12
3.75338e-12
4.84764e-12
5.83052e-12
4.40609e-12
5.99095e-12
3.94658e-12
5.38157e-12
5.45637e-12
4.17298e-12
3.79953e-12
4.38337e-12
2.90505e-12
2.41046e-12
2.66869e-12
3.54538e-12
4.67777e-12
3.99846e-12
6.62096e-12
3.29795e-12
4.33556e-12
2.20893e-12
3.48265e-12
3.42982e-12
2.31513e-12
3.679e-12
1.41912e-12
2.26255e-12
2.30342e-12
3.93572e-12
2.61316e-12
2.30067e-12
2.42313e-12
2.56844e-12
2.16916e-12
2.45547e-12
1.95688e-12
3.10646e-12
2.75017e-12
2.28838e-12
4.00253e-12
3.29647e-12
4.08634e-12
3.13445e-12
3.97763e-12
1.58481e-12
3.32638e-12
3.63386e-12
1.54346e-12
3.01745e-12
3.88069e-12
1.73144e-12
3.17113e-12
2.38071e-12
2.57121e-12
2.78513e-12
2.17415e-12
1.61381e-12
1.51092e-12
1.29853e-12
3.23045e-12
2.44801e-12
2.65011e-12
2.4705e-12
4.59141e-12
2.78911e-12
3.60962e-12
2.24161e-12
1.70319e-12
2.05419e-12
3.77845e-12
2.07661e-12
2.35932e-12
1.05467e-12
2.34477e-12
2.17069e-12
3.03548e-12
2.02546e-12
2.8998e-12
2.72855e-12
3.39815e-12
1.161e-12
2.34331e-12
2.90433e-12
1.78256e-12
2.57552e-12
2.24257e-12
1.05155e-12
6.29701e-13
2.2204e-12
1.11206e-12
2.18986e-12
2.30265e-12
1.16473e-12
1.37044e-12
1.69165e-12
1.7019e-12
3.14391e-12
1.97244e-12
5.7788e-13
1.22572e-12
1.02114e-12
1.47483e-12
2.1607e-12
2.04185e-12
2.11326e-12
1.67386e-12
1.80713e-12
7.79402e-13
2.49907e-12
1.33658e-12
1.17141e-12
1.17604e-12
1.87912e-12
1.21875e-12
1.94153e-12
6.76338e-13
2.11494e-12
5.92783e-13
1.20253e-12
2.613e-12
1.75156e-12
1.62285e-12
9.18183e-13
1.88519e-12
6.59093e-13
1.66923e-12
7.95947e-13
2.67738e-13
