n=32
J=0.707107
eta=1.01266
mu=0.00506329
beta-optimal=0
max-overlap=0
1.39339e-11
7.30996e-11
1.21665e-10
2.18575e-10
8.89143e-12
1.64621e-11
8.53318e-12
8.92482e-12
1.46127e-11
1.5689e-12
9.20936e-12
4.64301e-12
4.22509e-12
4.56371e-12
3.71587e-12
3.23522e-12
6.59634e-12
6.54973e-12
6.61386e-12
3.22144e-12
1.24903e-11
9.01559e-12
1.60854e-12
4.63411e-12
5.47529e-12
4.5231e-13
2.49819e-12
1.55316e-12
1.6862e-12
3.7833e-12
1.08875e-12
4.04228e-12
1.01526e-12
2.86486e-13
6.6115e-12
1.08187e-12
5.29862e-12
2.38702e-12
1.33178e-12
1.56373e-12
2.04749e-12
1.37675e-12
5.27082e-12
1.01926e-12
4.66399e-12
5.94581e-13
4.52194e-13
4.38643e-12
1.51561e-12
1.20365e-12
4.60131e-13
1.01621e-12
1.91696e-12
1.32369e-12
1.49654e-12
5.96477e-12
2.04239e-12
1.87018e-12
2.15762e-12
1.92367e-12
1.63044e-12
9.73717e-13
1.34421e-12
2.36106e-13
4.62509e-13
2.12708e-12
1.35494e-12
6.55708e-13
1.05968e-12
2.32783e-13
1.24457e-12
7.81141e-13
2.36929e-12
9.32678e-13
2.22477e-12
2.26516e-12
1.16481e-12
1.61049e-12
1.43149e-12
1.99133e-12
6.40529e-13
6.93206e-13
5.03249e-13
2.17188e-12
9.68799e-13
3.93597e-13
1.23377e-12
8.96669e-13
1.06822e-12
1.2652e-12
2.89481e-12
4.12313e-13
1.32457e-12
1.28836e-12
2.25494e-13
1.89459e-12
5.60797e-13
3.01093e-13
1.63732e-12
3.48819e-13
1.80902e-12
2.88688e-13
1.44485e-12
2.13478e-12
1.49374e-12
1.53173e-12
1.20412e-12
1.7318e-13
7.63066e-13
1.11484e-12
1.27849e-12
3.67792e-13
6.7838e-13
7.66225e-13
4.93968e-13
8.68422e-13
2.48061e-13
1.72737e-13
5.35306e-13
1.0262e-12
1.03292e-13
1.09438e-12
2.04669e-12
1.75935e-13
1.22764e-12
7.37222e-13
3.65289e-13
3.45669e-13
5.98758e-13
5.09624e-13
4.60058e-13
5.8187e-13
8.66299e-14
3.01782e-13
7.2179e-13
1.41824e-12
1.28686e-13
6.00183e-13
5.3664e-13
1.2032e-12
4.44004e-13
6.32699e-13
4.8918e-13
1.27939e-12
1.07746e-12
2.69601e-13
1.76312e-13
5.3917e-13
8.50713e-14
1.77239e-13
1.24097e-13
5.7051e-14
5.04066e-13
7.25966e-13
3.81895e-13
1.421e-13
6.68799e-13
7.06717e-13
4.28402e-13
3.04603e-13
6.10922e-13
2.81687e-13
2.63753e-13
4.77793e-13
2.34303e-13
3.09686e-13
6.25604e-13
8.40093e-14
3.2229e-13
5.82788e-13
1.4627e-12
4.43955e-13
1.65375e-13
1.28975e-13
4.69269e-13
7.23521e-13
1.12316e-13
2.90846e-13
5.43859e-13
2.19446e-13
9.66146e-13
2.39351e-13
8.24546e-14
4.01632e-13
3.54031e-13
5.62606e-13
4.06972e-13
1.70733e-13
2.18126e-13
7.3657e-13
2.6249e-13
5.77395e-13
4.03538e-13
7.61927e-14
1.30074e-13
5.26563e-13
4.46637e-13
4.66384e-13
4.02161e-13
6.66663e-13
2.60331e-13
3.04318e-13
4.0187e-13
1.56239e-13
5.61415e-13
3.38622e-13
1.61611e-13
2.44136e-13
1.38408e-13
1.29165e-12
3.26948e-13
5.92592e-13
1.84457e-13
4.72007e-13
2.69586e-13
1.69976e-13
4.60311e-13
5.35951e-13
7.5173e-13
2.14597e-13
6.94482e-14
7.67086e-13
1.35507e-13
2.24554e-13
5.08973e-13
1.86393e-13
4.62923e-13
4.58238e-13
2.81137e-13
2.45662e-13
6.24014e-14
3.44667e-13
1.68011e-13
2.81868e-13
3.38551e-14
3.8973e-14
2.21016e-13
3.13126e-13
1.8053e-13
4.86013e-13
2.67502e-13
4.64443e-13
9.03607e-13
5.21881e-13
3.93316e-13
2.44898e-13
3.25785e-13
3.40408e-13
2.28953e-13
5.31561e-13
4.48302e-13
3.45966e-13
5.6658e-13
1.57987e-13
8.22899e-14
6.62354e-13
