n=32
J=0.707107
eta=1.11392
mu=0.0683544
beta-optimal=0
max-overlap=0
1.03945e-11
2.62246e-11
1.80004e-11
2.22202e-11
1.07777e-11
2.25721e-11
4.42963e-12
7.40091e-12
7.98486e-12
2.30045e-12
1.78409e-11
4.86251e-12
1.14331e-11
3.22301e-12
3.51848e-11
1.10082e-11
1.93139e-12
1.40639e-11
1.23204e-11
3.41727e-12
7.50155e-12
6.83322e-12
4.10733e-12
2.54884e-13
1.18069e-11
2.68992e-12
5.3798e-12
1.34922e-11
6.33659e-12
1.02115e-12
1.99938e-12
5.38098e-12
7.49711e-12
1.14452e-11
4.68549e-12
4.6168e-12
4.07864e-12
4.69685e-12
8.00637e-12
5.79326e-13
1.24829e-11
2.25803e-14
3.37921e-12
5.80487e-12
5.56813e-12
5.47326e-12
6.02334e-12
3.0634e-12
6.37578e-12
1.15403e-12
1.82813e-12
1.14532e-12
5.40945e-13
6.84838e-12
1.17205e-12
2.52971e-12
1.93251e-12
3.14852e-12
2.83902e-12
5.17218e-12
5.6269e-12
1.67493e-12
1.37103e-12
1.10138e-12
6.4457e-13
5.52154e-12
5.27716e-12
1.09126e-12
3.25234e-12
5.23181e-12
3.22926e-13
1.21335e-12
6.10576e-13
2.00183e-12
2.18176e-13
2.89763e-12
9.84878e-13
2.18082e-12
7.97258e-13
2.82338e-12
1.30583e-12
2.49175e-13
1.43667e-12
4.45101e-12
7.13116e-13
2.82338e-12
1.84817e-12
2.65355e-12
2.08691e-12
2.6666e-12
1.54435e-12
6.87517e-13
4.1632e-12
2.29914e-12
8.71764e-13
2.53049e-12
1.36673e-12
4.45203e-13
5.37523e-12
3.11645e-12
9.51375e-13
8.86637e-13
9.9449e-13
4.08398e-12
9.67166e-13
1.16162e-12
6.81152e-13
1.78943e-12
2.38265e-13
1.99634e-12
3.34262e-13
1.89e-12
1.54758e-13
2.37264e-12
1.20353e-12
4.41441e-12
2.10036e-12
3.05552e-13
1.19422e-12
2.24675e-12
3.10405e-12
1.9855e-12
6.07208e-13
2.12651e-12
1.45182e-12
9.63633e-13
2.30004e-12
7.40016e-13
9.7469e-13
6.60875e-13
2.24535e-12
2.36872e-12
3.40566e-12
2.86424e-12
1.85846e-12
1.15881e-12
2.22228e-12
1.57787e-12
3.53175e-12
3.27097e-13
7.3268e-13
2.54032e-12
6.14169e-13
3.08478e-13
4.65519e-13
1.10475e-12
2.90442e-13
5.91275e-13
1.2008e-12
2.54681e-13
1.89911e-12
3.19086e-12
7.23431e-13
1.53049e-12
1.36983e-12
1.4259e-12
1.66469e-12
1.20935e-12
1.68259e-12
2.10647e-13
4.53621e-13
1.7135e-12
1.86992e-12
1.22562e-13
1.4562e-12
1.6477e-12
7.15715e-13
2.31178e-13
7.08735e-13
4.9147e-13
1.79106e-12
1.29988e-12
6.28343e-13
4.37346e-13
1.48185e-12
8.09853e-13
2.08817e-12
6.47685e-13
8.17969e-13
1.32361e-12
7.58739e-13
2.15822e-12
4.4652e-13
3.40784e-12
1.82292e-13
4.32913e-13
1.09467e-12
5.21806e-13
7.5747e-13
1.72629e-12
1.3048e-12
5.42586e-13
1.36598e-12
1.74256e-12
2.47856e-13
2.82806e-13
8.51664e-13
1.81226e-13
1.97384e-12
2.16728e-12
4.01305e-13
3.62258e-13
6.33334e-13
1.53068e-12
1.65406e-12
1.05321e-12
1.12065e-12
1.00193e-12
4.12063e-13
2.10096e-13
7.41361e-13
5.22922e-13
4.19155e-13
5.06917e-13
8.57154e-13
1.09784e-12
1.89972e-12
5.81396e-13
8.30738e-13
1.63401e-13
1.82747e-12
1.18297e-12
1.38986e-12
2.03037e-12
5.48926e-14
1.23106e-12
2.0298e-13
1.01627e-12
1.13535e-12
4.23889e-13
2.76023e-13
4.37315e-13
2.92063e-12
6.92928e-13
8.95709e-13
1.36578e-12
1.29083e-12
5.203e-14
1.24067e-12
1.76311e-12
5.24427e-13
3.35995e-13
7.86199e-13
1.14431e-12
9.72333e-13
3.37012e-13
1.42671e-12
6.23785e-13
4.21102e-13
9.96224e-13
1.2761e-12
1.38839e-12
1.60011e-12
1.57863e-12
1.0989e-13
2.7743e-13
