n=32
J=0.707107
eta=1
mu=0.0379747
beta-optimal=0
max-overlap=0
0.761353
0.330571
0.199821
0.143452
0.121505
0.124203
0.120147
0.0583663
0.0820547
0.0755983
0.0830152
0.0627314
0.0445995
0.0481775
0.0628495
0.0465572
0.0306576
0.0391545
0.0396546
0.0269147
0.0360655
0.0259775
0.0260426
0.0193235
0.0273873
0.0262487
0.0206539
0.018632
0.0205802
0.0202106
0.0202667
0.0160685
0.0145734
0.018671
0.0254723
0.0145347
0.0132127
0.0168887
0.0139806
0.0094583
0.0111271
0.0112134
0.0154395
0.0122466
0.0139922
0.0118192
0.00965146
0.00952933
0.00904393
0.0130643
0.0113765
0.00992516
0.00897182
0.0103495
0.00871373
0.00905262
0.0102049
0.00695463
0.00922145
0.00688088
0.0091985
0.00666168
0.00714966
0.00931817
0.00655888
0.00890075
0.00743518
0.00496441
0.00471
0.00546974
0.00524993
0.00693413
0.00632212
0.00545491
0.00578674
0.00518085
0.00655302
0.00463053
0.00510798
0.0049709
0.00536773
0.00490925
0.00474628
0.00605458
0.00565251
0.0041723
0.00392793
0.00429495
0.0040873
0.00406288
0.0037963
0.00407911
0.00385475
0.00361408
0.00413632
0.00418259
0.00417644
0.00327714
0.00331589
0.00365747
0.00303812
0.00384747
0.0031505
0.00334354
0.00319078
0.00317009
0.00266646
0.00307637
0.00309158
0.00307076
0.0038258
0.00256796
0.00254915
0.00256441
0.00233676
0.00281206
0.00231007
0.00298392
0.00322125
0.00284977
0.00234532
0.00242553
0.00210473
0.0032076
0.00203614
0.00260334
0.00253671
0.00239734
0.00216306
0.00224553
0.00243013
0.00229763
0.00197994
0.00240251
0.00209767
0.00187236
0.00217524
0.00182096
0.00168486
0.0016699
0.00240393
0.0017154
0.0019499
0.00190292
0.00214952
0.00178393
0.0015443
0.00161664
0.00168671
0.00180388
0.00189563
0.00177875
0.00159313
0.00208181
0.00169761
0.00143751
0.0016293
0.00203912
0.00140262
0.00152104
0.00148741
0.0016903
0.00163806
0.0017436
0.00145042
0.00133537
0.0015965
0.00120242
0.00118738
0.00148182
0.00130368
0.0015145
0.00131319
0.00131363
0.00148903
0.00150579
0.00115862
0.00119513
0.00147417
0.00117662
0.00119004
0.0012131
0.00126379
0.00134879
0.00115157
0.00103059
0.00100914
0.00116633
0.00111441
0.00123506
0.00132818
0.0010813
0.00120361
0.00107373
0.00123521
0.000922546
0.00100893
0.0011588
0.00112004
0.000781708
0.00102834
0.000896875
0.00104053
0.000891579
0.00104098
0.000972459
0.00100755
0.000903165
0.000824596
0.000959057
0.00100445
0.000761591
0.0008112
0.000839545
0.00078508
0.000837136
0.000802607
0.000758819
0.000872479
0.000807285
0.000770695
0.000769544
0.000826664
0.000703515
0.000800795
0.000849619
0.000751
0.000641129
0.000789426
0.000605757
0.000729239
0.000722299
0.000736359
0.000701945
0.000614068
0.000562449
0.000708475
0.000613332
0.000732455
0.000663131
0.00055042
0.000645984
0.000695807
0.000604788
0.000593108
0.000596341
0.000551608
0.000487116
0.000639666
0.000459636
0.000544741
0.000552623
0.000555781
0.000601235
0.000461076
0.000443519
