n=32
J=0.707107
eta=1.13924
mu=0.0886076
beta-optimal=0
max-overlap=0
0.00753807
0.00022615
0.00568852
0.00193643
0.000262601
0.00152248
0.00637022
0.00276493
0.00462896
0.00171094
0.00356333
0.00246569
0.00132809
0.00123265
0.00152205
0.000571866
0.00353115
0.00144738
0.00341204
0.00123126
0.0032601
0.000695843
0.00276195
0.00100127
0.000300579
0.000903503
0.001573
0.000381568
0.00104683
0.000548898
0.00113733
0.000381146
0.000807297
0.000777426
5.90373e-05
0.000283608
0.000619263
0.000212293
0.00105923
0.000658208
0.000412107
0.000148932
0.00056389
0.00105805
0.0012972
0.000229891
0.00173543
0.000970945
0.000887574
1.11733e-05
9.14273e-05
0.000460952
0.00182183
0.000325752
0.00131749
0.000562536
0.000196255
0.000792192
0.000728497
0.000423416
0.00129634
0.00034636
0.000840622
2.22516e-05
0.000479599
0.000256952
0.000229006
0.000900634
0.00176359
0.000579117
0.000428861
0.000465959
0.00034635
0.000882998
0.000885576
0.000668554
0.000137225
0.000231987
0.00188442
0.000536483
0.000386729
0.000167501
0.000557169
0.000449337
0.000340757
0.00089936
0.000485837
0.00149956
0.000715716
0.000797964
0.000504724
0.000457483
0.00032211
3.59588e-05
0.000228533
0.00017199
0.000252355
0.000236594
0.000323958
0.00011332
0.00054079
5.8599e-05
0.000793532
0.00015855
0.000161219
0.000334997
0.000811611
0.000196546
0.000464754
0.000261827
0.000122874
2.64899e-05
9.00795e-05
0.000840073
0.000295097
0.000940209
0.00027788
0.00048703
0.000389716
0.00116067
0.000558964
0.000540659
0.000635899
3.95659e-06
4.40948e-05
0.000384675
0.000335581
0.000129525
1.83531e-05
0.000171803
0.0004621
0.000550813
0.000314708
0.000251076
0.000334183
0.000293077
0.000333528
0.000509824
0.000329728
8.34482e-05
0.000170726
0.000886153
0.000120897
0.000576102
0.00010851
0.000300295
0.000242251
0.000228629
0.000336208
0.000193935
0.000338259
0.000413728
0.000302273
0.000456378
0.000456522
0.00034392
0.000299861
3.19268e-05
0.00010393
0.000153358
2.88567e-05
0.000689232
6.6433e-05
0.000309369
0.000116811
4.18306e-05
2.2326e-05
0.000456186
0.000214778
5.16486e-05
9.2527e-05
0.000294755
0.000225894
0.000155022
0.00044187
0.00042476
0.000217757
1.44369e-05
0.000273391
0.000316208
0.000418886
9.7019e-05
0.000414675
8.34446e-05
0.000171001
0.000176426
0.000211427
0.00022966
0.000523183
3.38138e-05
5.55632e-05
8.34706e-05
0.000489383
0.000190328
0.000442669
0.000147625
9.73628e-06
0.000346236
0.000118473
8.68942e-05
0.000114867
2.39082e-05
0.000204922
9.82267e-05
0.000200824
5.88857e-05
0.00052917
6.49231e-05
0.000252033
9.06677e-05
0.00031378
0.000488442
3.26441e-05
0.000177689
7.13906e-05
5.83475e-06
0.000282492
0.000594138
0.000147721
0.000140194
0.000209727
0.000114395
0.000309651
5.5292e-05
4.57355e-06
3.84719e-05
0.000280203
0.000155698
0.000260702
0.000161595
0.000530428
4.02145e-05
4.87948e-05
0.000101155
5.61462e-05
8.24256e-06
0.000145732
0.00019382
0.00020247
0.000244283
0.000107947
0.000215884
0.00030532
0.000388146
0.000605888
0.000509302
0.000750673
0.000174329
0.000595577
0.000193658
0.000402944
6.83031e-05
0.000160001
0.000285439
2.93165e-05
7.46274e-05
