n=32
J=0.707107
eta=1
mu=0.172152
beta-optimal=0
max-overlap=0
0.221951
0.201481
0.174012
0.168804
0.162177
0.161498
0.154287
0.149918
0.144974
0.145211
0.143441
0.140487
0.13582
0.133683
0.131057
0.126365
0.123809
0.119617
0.119547
0.119881
0.113545
0.114946
0.112746
0.110061
0.106859
0.109052
0.108373
0.102433
0.0996851
0.0962007
0.0995741
0.0965167
0.0939754
0.0905416
0.0912301
0.0880568
0.0895985
0.090844
0.0876911
0.0821988
0.0851055
0.0805835
0.0832728
0.0808798
0.0788779
0.0793414
0.0772651
0.0785732
0.0756132
0.0724829
0.075759
0.070622
0.0710254
0.0714655
0.0695997
0.0675914
0.0668306
0.0669751
0.0645452
0.0639047
0.0636369
0.064292
0.065073
0.0624686
0.0606845
0.0606151
0.0602508
0.0599389
0.0592109
0.0584581
0.0579997
0.0573795
0.0572642
0.0566792
0.0566394
0.0527776
0.0552498
0.0539084
0.0536787
0.0536132
0.0549669
0.0517413
0.0504403
0.0518175
0.0499915
0.0511784
0.0494914
0.0481136
0.0477943
0.0470958
0.0458979
0.0476891
0.0480627
0.0445831
0.0457431
0.0446275
0.0437431
0.0432061
0.0433564
0.0426194
0.0416291
0.0422622
0.0413499
0.0409136
0.0399476
0.0411286
0.0398141
0.0408377
0.0395449
0.0390271
0.0377664
0.038585
0.0371993
0.0392428
0.037444
0.0378078
0.0362926
0.0355376
0.0363563
0.03731
0.0354882
0.0352689
0.0343358
0.0348921
0.0343813
0.0351711
0.0339868
0.03381
0.0337526
0.0330012
0.034413
0.0333468
0.0320224
0.0318681
0.0314185
0.0317662
0.0314097
0.030336
0.0312169
0.0309187
0.0305911
0.0301628
0.0306534
0.0287872
0.0292626
0.0288216
0.0290541
0.0289304
0.02845
0.0282427
0.0284506
0.0281606
0.0281234
0.0277567
0.0275402
0.0279249
0.0266972
0.0273342
0.026656
0.0262975
0.0265381
0.0257591
0.0255064
0.025694
0.0254258
0.0251855
0.0247129
0.0250518
0.0258095
0.0249571
0.0247063
0.0245023
0.0237861
0.0234551
0.0238246
0.0238681
0.022804
0.022865
0.0233519
0.0230891
0.0227685
0.023125
0.0226076
0.0227108
0.0222659
0.0215554
0.0213861
0.0213844
0.0217491
0.0215815
0.0208958
0.021202
0.0212795
0.0207375
0.0211652
0.0207359
0.0203394
0.0197113
0.0204675
0.020656
0.0199552
0.0203277
0.0203755
0.0196262
0.0197834
0.0196325
0.0191788
0.0189015
0.0184705
0.0185701
0.0192052
0.0179293
0.0184338
0.0180455
0.0183364
0.0177708
0.0178782
0.0172427
0.0177464
0.0173005
0.0172718
0.0166761
0.0167327
0.0168689
0.0165775
0.0164229
0.0164989
0.0162284
0.0161015
0.0160414
0.0159889
0.0158615
0.0159025
0.0158931
0.0156029
0.0155303
0.0153186
0.0151516
0.0150816
0.0148261
0.014991
0.0146664
0.014613
0.0143935
0.013853
0.0140992
0.0136946
0.0138392
0.013558
0.0134941
0.0132497
0.0130237
0.0127764
0.0125456
0.0124932
0.0120873
