n=32
J=0.707107
eta=1.24051
mu=0.129114
beta-optimal=0
max-overlap=0
0.00127932
0.00228304
0.00104858
0.00204474
0.00158388
0.00115051
0.000267549
0.00205864
0.000340013
0.00259044
0.00190177
0.00142074
0.00200002
0.000238739
0.00199178
0.000428311
0.000252772
0.000737765
0.000959211
0.00210561
0.000904641
0.00177062
0.000396326
0.00128588
0.0015315
0.000555459
0.00105437
0.000690895
7.66368e-05
0.00148088
0.000499338
0.00212856
0.00067664
0.00104207
0.00127299
0.000871969
0.00194613
0.00190955
9.58627e-06
0.000446051
0.00174215
0.000443931
0.000523007
0.00155814
0.00057974
0.00114774
0.000356333
0.000403758
0.00145284
4.6461e-05
0.000482233
0.000109396
0.000133477
0.000194843
0.000149955
6.77695e-05
0.00064417
0.00112888
4.84175e-06
0.0003019
0.00188041
0.000196566
0.000330998
0.000758493
0.000622152
0.00115807
0.000631314
0.000323214
0.000151462
0.000583557
0.00085226
0.000310418
0.0001874
0.00057096
2.9296e-06
0.000988323
0.000799888
0.00148822
0.000682335
0.000657414
0.000203338
0.000152127
0.000680655
7.91101e-05
0.000123041
2.5168e-05
0.000175687
0.000189765
0.000444923
0.000884421
0.000186591
0.000811082
0.000729723
0.000469467
0.000920031
0.000413568
0.000573017
0.000623356
0.000147914
0.000878176
0.000239867
0.000356331
0.000394992
9.82032e-05
0.000331568
0.000294511
0.000191543
0.000266096
0.000617371
0.00098556
0.000298147
0.00017632
0.000273252
0.000369512
0.000804025
0.000230666
8.44614e-05
0.000744248
0.000238658
0.00028336
0.000398781
0.000696353
0.000149642
0.000391987
0.000855746
0.000522385
0.000936187
0.000236634
0.000280248
0.000575301
0.000635494
0.00072253
0.000225159
0.000437823
3.17996e-05
7.11617e-07
7.91746e-05
0.000494536
0.000851576
0.000584936
0.000404614
0.00090402
6.85926e-05
0.000421722
2.50442e-05
0.000595493
0.000498009
0.000337903
0.000280371
8.91824e-05
4.11438e-05
2.87949e-05
0.000131682
0.000162559
0.000137082
0.000221148
0.000804486
0.000489041
0.000493586
0.000576256
1.2407e-05
5.72232e-05
0.000262198
0.000235566
0.000414645
0.000383847
1.30727e-05
3.84061e-05
0.000665547
7.60987e-05
0.000233435
4.58014e-05
8.55024e-05
0.0003496
0.000427922
0.000185969
2.70679e-05
2.73718e-05
0.000272943
0.000752655
0.000343441
0.000275217
0.000155401
0.00020834
0.000626509
8.07036e-05
0.000396621
0.000106236
0.000118625
0.000273352
0.000340706
0.000139319
0.000201939
0.000468692
0.000106688
3.82458e-05
0.000339963
0.000390311
0.000790442
0.000425945
2.56058e-05
0.000224337
6.3987e-05
0.000308639
0.000221834
0.000386854
0.000437115
0.000401239
4.34858e-05
0.000196641
0.000230264
1.75736e-05
0.000327039
0.000212226
0.000769943
0.000137369
3.37846e-05
0.000226212
0.000296003
0.000368493
0.000287802
0.000487407
0.000244592
0.000466318
0.000463204
0.000264108
1.59377e-05
0.000201182
0.000223111
0.000321989
0.000383873
0.000513146
4.04733e-05
7.04775e-05
0.000155649
0.00015936
0.000386952
0.000225087
1.37772e-05
0.000189384
0.000395125
0.000309686
0.000100523
0.000368912
0.00016665
0.000140981
0.000268757
4.98516e-05
0.000211096
0.000178229
3.24494e-05
0.000173824
4.28989e-05
0.000154309
5.42206e-05
6.89583e-06
