n=32
J=0.707107
eta=1.03797
mu=0.0405063
beta-optimal=0
max-overlap=0
0.00728594
0.00115019
0.00942529
0.00126716
0.000781897
0.00600065
0.00418975
0.00322646
0.000348698
0.000803145
0.00020249
0.00215508
0.00130308
0.00185256
0.00142202
0.00209815
0.000980797
0.00094376
0.000421573
0.00085861
0.000305518
0.000239832
0.00117371
0.000462295
0.000630586
0.000447915
0.00081784
0.000594136
0.000918824
0.000332808
0.000829991
0.000596682
9.34421e-05
0.000668551
2.79363e-05
0.000528195
2.28805e-06
0.000231967
0.000247863
0.000463062
0.000480452
4.90099e-05
0.00183288
0.000364468
0.000770058
0.000629369
0.00026183
0.000387596
0.000325168
0.000348427
0.000245834
0.000939647
0.000115636
0.000184879
0.000367885
0.000247709
0.000399092
0.000191224
0.000153401
4.20398e-05
6.38055e-05
0.000521579
0.000180226
0.000315555
5.49202e-06
0.00118248
0.00126627
0.000140226
0.000378793
0.000517575
0.00033162
0.000181698
0.000971044
0.000246013
0.000539492
0.00021163
0.000174063
0.000177148
0.000480299
0.000425187
0.000178607
0.000183156
0.00039473
0.000655375
0.000225048
0.00018967
0.000171629
0.000131063
1.57423e-05
3.29874e-05
9.13362e-06
0.000320684
0.000369005
0.000121505
0.000297519
0.000160236
0.000484414
2.72762e-05
0.000345243
0.000244864
0.000196101
0.000163534
2.34214e-05
0.000574466
0.000115389
0.000138687
0.000133717
1.20725e-05
0.000212171
0.000170409
5.48355e-05
0.000164191
5.55567e-05
0.000352162
8.43196e-05
4.35342e-05
0.000144062
8.14619e-05
0.000231675
0.00011995
0.000403532
3.07707e-05
0.000189967
0.000169855
0.00014949
0.000141993
0.000176186
0.000173219
7.61554e-05
0.000254205
0.000169394
0.000373868
3.09852e-05
0.000293199
8.10937e-05
0.000223036
5.04349e-05
0.000349664
2.89114e-05
0.000193206
8.37487e-06
0.000130237
5.24446e-05
5.77287e-05
0.000216956
9.38371e-05
0.000223575
8.21753e-05
7.07848e-06
0.000311162
9.03914e-05
0.000210298
0.000220367
5.76603e-05
0.000145279
7.82757e-05
7.7325e-06
3.15103e-05
9.49542e-06
0.000172983
0.000105164
8.65783e-05
0.000253349
7.42277e-07
8.91136e-05
0.000235104
0.000179902
1.08743e-05
0.00016697
0.000308488
0.000256659
0.000231788
0.00014104
0.000226827
0.000100947
0.000385303
0.000273675
0.00019713
5.42232e-05
0.000127361
0.000148037
9.69127e-05
0.00026506
9.13811e-05
1.14858e-05
7.00292e-05
9.24964e-05
1.43429e-05
4.6328e-05
6.71583e-05
0.000481397
5.08977e-05
1.92687e-05
5.81494e-05
0.000215921
0.000132326
4.8449e-05
6.35556e-05
0.000179263
0.000237581
4.41815e-05
0.000156861
0.000119561
0.000204523
3.95463e-05
3.04104e-06
9.39126e-05
0.00023233
3.39304e-05
0.000288293
4.38734e-05
7.41822e-05
0.000244934
0.000113063
0.000169395
0.00027887
5.85228e-05
2.78667e-05
0.000204881
3.37846e-05
0.000101205
0.000240462
8.50346e-06
0.000120899
3.63141e-06
8.59657e-05
3.03935e-05
2.70251e-05
0.000140893
0.000258675
8.20813e-05
0.000122541
0.00014899
0.000170443
2.52336e-05
0.000236159
6.75572e-05
6.14133e-05
3.41218e-05
4.94031e-05
0.000114825
0.000124912
0.000114734
9.54311e-05
0.000146398
8.6951e-05
1.81863e-05
4.69514e-05
0.000161105
2.77867e-05
6.00929e-05
3.04896e-05
0.000198594
3.47982e-05
0.00013204
5.21547e-05
