n=32
J=0.707107
eta=1
mu=0.144304
beta-optimal=0
max-overlap=0
0.239829
0.219354
0.214195
0.212223
0.200433
0.190442
0.166671
0.165746
0.164967
0.155469
0.144431
0.146337
0.147118
0.137631
0.131587
0.13292
0.132803
0.123886
0.120004
0.112372
0.104118
0.106081
0.109215
0.106985
0.103687
0.101998
0.0908538
0.0980612
0.0985868
0.0942624
0.0957796
0.0908008
0.0879993
0.0905833
0.0854644
0.0870206
0.0823909
0.0760797
0.0823628
0.0776038
0.077392
0.0774433
0.0757437
0.0723873
0.0706807
0.0713471
0.0657488
0.068438
0.0658393
0.0623873
0.064249
0.0618679
0.0618836
0.0663343
0.0587417
0.0603827
0.0616662
0.0566361
0.0587192
0.0587132
0.0563664
0.056332
0.0559157
0.0544358
0.0563122
0.0492034
0.0492756
0.049021
0.0536219
0.050962
0.0505996
0.0497281
0.0470821
0.0484145
0.0487984
0.0460599
0.0472411
0.0443188
0.0457106
0.0456283
0.044486
0.0435368
0.0424612
0.041959
0.0415544
0.0401681
0.0416602
0.0410453
0.0399247
0.0406068
0.0403776
0.0377526
0.0379043
0.0389354
0.0368623
0.039295
0.0356777
0.0370714
0.034922
0.0345514
0.0366608
0.0339356
0.0358678
0.0344975
0.0346657
0.0340924
0.0332526
0.0329748
0.0335473
0.0329456
0.0315674
0.0326506
0.0306649
0.0311894
0.0325965
0.030268
0.0290263
0.0302846
0.0286812
0.0299698
0.0292571
0.0290275
0.0290066
0.0284268
0.0288634
0.0283946
0.0270581
0.0283256
0.0274079
0.0277582
0.0276676
0.0267565
0.0255913
0.0259717
0.025673
0.0255618
0.0259381
0.0259728
0.0247797
0.0243095
0.0253217
0.0233988
0.0255942
0.0241606
0.0244144
0.0236395
0.0235225
0.0238546
0.0227772
0.0237298
0.0233483
0.0218507
0.0220569
0.0219737
0.0215928
0.0219527
0.0211899
0.0213814
0.0215245
0.0213927
0.0214215
0.0212241
0.0206863
0.0206667
0.0199471
0.0201937
0.0198245
0.0201941
0.0196962
0.0195063
0.0188226
0.0200915
0.0187931
0.0184367
0.0188528
0.0184668
0.0181537
0.0188959
0.0180476
0.018123
0.0178211
0.0175
0.0180617
0.0175082
0.0173768
0.0176217
0.0171871
0.0173387
0.0172044
0.016098
0.0166621
0.0167011
0.0167761
0.0166036
0.0157287
0.0163889
0.0161301
0.0158328
0.0158384
0.0154981
0.014981
0.0152002
0.0145939
0.014648
0.0151332
0.0145341
0.0142101
0.0147185
0.0141789
0.01412
0.0139753
0.0138297
0.0143304
0.0143415
0.0132645
0.0137941
0.0137466
0.0135896
0.0134868
0.0134186
0.0129713
0.012626
0.0129958
0.0125291
0.0125219
0.0128685
0.0125686
0.0126233
0.0121111
0.0121581
0.0118915
0.0121641
0.0120335
0.0117684
0.0113447
0.0119397
0.0118113
0.01123
0.0112928
0.0109729
0.0110503
0.0107683
0.010979
0.0106448
0.0105963
0.0102877
0.00971109
0.00987298
0.0105042
0.00993809
0.00986824
0.00959871
0.00969074
0.00965076
0.0094468
0.00923121
