n=32
J=0.707107
eta=1.01266
mu=0.0531646
beta-optimal=0
max-overlap=0
2.27992e-09
1.40134e-09
7.1204e-10
5.85478e-10
4.72075e-10
4.88528e-10
4.88644e-10
3.51401e-10
3.60286e-10
3.54019e-10
3.99033e-10
3.59006e-10
2.9001e-10
2.57432e-10
1.92842e-10
2.61039e-10
2.34744e-10
1.77701e-10
1.91267e-10
1.77917e-10
1.60782e-10
1.89196e-10
1.88415e-10
1.72056e-10
1.44705e-10
1.87107e-10
1.91686e-10
1.25237e-10
1.5055e-10
9.91958e-11
1.26048e-10
1.2183e-10
1.17211e-10
7.2502e-11
1.02687e-10
9.28627e-11
1.01238e-10
1.15065e-10
9.51046e-11
7.46981e-11
8.08932e-11
8.40155e-11
6.95382e-11
8.5595e-11
6.8433e-11
9.87017e-11
8.70264e-11
7.16617e-11
7.61225e-11
6.67186e-11
1.0333e-10
4.4784e-11
5.37041e-11
6.61332e-11
5.53217e-11
5.80699e-11
5.12833e-11
6.11694e-11
4.43285e-11
4.40904e-11
4.74985e-11
5.32562e-11
5.63549e-11
4.03887e-11
3.45083e-11
4.29845e-11
5.66017e-11
4.27805e-11
4.12137e-11
3.35671e-11
3.43991e-11
4.906e-11
3.9714e-11
4.05291e-11
4.98117e-11
2.37874e-11
3.89736e-11
3.33323e-11
4.65316e-11
4.11216e-11
4.94169e-11
3.29766e-11
3.1539e-11
3.33394e-11
2.75081e-11
3.64564e-11
3.34197e-11
2.92476e-11
3.39202e-11
3.37278e-11
2.60277e-11
3.04997e-11
2.93775e-11
2.41807e-11
2.94303e-11
2.95135e-11
1.4158e-11
2.26987e-11
2.56379e-11
2.4814e-11
2.29575e-11
2.50208e-11
1.91663e-11
2.1902e-11
1.93007e-11
2.13278e-11
2.10267e-11
2.70057e-11
2.07094e-11
1.64515e-11
2.04799e-11
2.10928e-11
2.06943e-11
3.07661e-11
1.74713e-11
1.61377e-11
2.21467e-11
1.57298e-11
1.81166e-11
1.70621e-11
1.52242e-11
1.68529e-11
1.28057e-11
1.92664e-11
1.7771e-11
1.67849e-11
1.30636e-11
1.24163e-11
1.63166e-11
1.2918e-11
1.82088e-11
1.88809e-11
1.2957e-11
1.4881e-11
1.70688e-11
1.71587e-11
1.43933e-11
1.05359e-11
1.60525e-11
1.76175e-11
1.08243e-11
1.25841e-11
1.4499e-11
1.25238e-11
1.40835e-11
1.1254e-11
1.50887e-11
9.51494e-12
1.60723e-11
1.21736e-11
1.33133e-11
1.47168e-11
1.00972e-11
1.37017e-11
1.26679e-11
1.52091e-11
6.40435e-12
1.75538e-11
1.29036e-11
1.13187e-11
9.70736e-12
1.04802e-11
8.51866e-12
1.21589e-11
1.07637e-11
1.03135e-11
1.00851e-11
9.13462e-12
1.12197e-11
1.43367e-11
7.58219e-12
9.63862e-12
8.49907e-12
6.37785e-12
7.79685e-12
8.68052e-12
7.30285e-12
6.36362e-12
8.95721e-12
9.03225e-12
1.10586e-11
1.13022e-11
1.27002e-11
1.22557e-11
7.04435e-12
1.04515e-11
6.92465e-12
8.72582e-12
9.83849e-12
1.0206e-11
3.37374e-12
7.22845e-12
8.16819e-12
9.10417e-12
1.00686e-11
8.67607e-12
9.71615e-12
5.80182e-12
8.65562e-12
8.12648e-12
5.48491e-12
9.33317e-12
7.90694e-12
6.25858e-12
8.73776e-12
6.21712e-12
6.75872e-12
4.69331e-12
6.77607e-12
7.96122e-12
6.19596e-12
7.7677e-12
6.909e-12
5.59142e-12
7.79622e-12
5.01796e-12
1.19505e-11
4.98322e-12
3.66483e-12
7.43678e-12
5.20628e-12
6.43913e-12
5.18237e-12
6.53471e-12
6.36026e-12
8.53056e-12
3.74852e-12
6.17727e-12
5.0466e-12
5.00135e-12
5.80243e-12
5.37926e-12
8.12573e-12
7.41231e-12
5.46935e-12
5.41764e-12
4.78757e-12
4.60976e-12
5.27553e-12
8.69079e-12
5.90227e-12
6.71122e-12
7.21552e-12
5.75059e-12
4.99546e-12
3.85402e-12
4.60711e-12
3.36839e-12
5.59717e-12
2.41695e-12
5.24165e-12
4.31982e-12
4.31569e-12
5.42571e-12
4.69264e-12
3.16996e-12
