n=32
J=0.707107
eta=1.34177
mu=0.113924
beta-optimal=0
max-overlap=0
2.87717e-12
1.17195e-12
1.34326e-12
9.18647e-13
3.15359e-12
1.4065e-12
2.96511e-12
1.13097e-12
1.70721e-14
6.48546e-13
2.40211e-12
1.12972e-12
3.16858e-12
1.82392e-13
5.73769e-12
3.04123e-12
4.08015e-12
1.19636e-12
2.5476e-12
1.63877e-12
1.76053e-12
1.05036e-12
1.48583e-12
1.6636e-12
1.86856e-12
2.12944e-12
3.01009e-13
1.60331e-12
2.42574e-12
7.37034e-13
1.19454e-12
1.92921e-12
4.56455e-13
1.39105e-12
1.4139e-12
2.49712e-12
8.49413e-13
1.88335e-12
1.72582e-12
1.9766e-13
1.18036e-12
2.86304e-12
1.95094e-12
2.69914e-12
2.32546e-13
7.70021e-13
1.98112e-13
5.51523e-13
4.99806e-13
3.63457e-13
1.79577e-12
9.83888e-14
3.86977e-13
2.02696e-12
7.13312e-13
6.17737e-13
1.79432e-12
3.43823e-13
1.17064e-12
1.68217e-12
1.23572e-12
4.42219e-13
7.09471e-13
3.63788e-13
6.84864e-13
4.40618e-13
2.01681e-12
3.21617e-13
7.70847e-13
8.82855e-13
1.55312e-12
8.17802e-13
1.26811e-12
1.40304e-13
8.61439e-13
8.12431e-13
1.32917e-12
1.31278e-12
2.58956e-13
3.786e-13
1.08186e-12
3.84947e-13
1.41304e-12
1.1148e-13
7.39853e-13
2.64585e-13
2.16129e-14
1.05243e-12
6.98934e-13
1.55672e-12
5.46216e-13
6.30185e-13
4.66575e-13
5.34204e-13
4.75292e-13
5.64698e-13
3.16565e-13
3.46737e-13
1.47954e-13
7.7381e-13
7.8778e-14
1.16003e-12
7.32182e-13
1.05223e-13
5.35948e-13
8.4377e-13
3.17602e-13
8.7695e-13
3.49074e-13
3.39121e-13
8.74517e-13
5.79733e-13
1.56961e-13
4.41295e-13
2.91804e-13
8.82638e-13
4.72505e-13
9.94553e-13
4.0195e-13
6.46526e-13
4.91834e-13
3.68881e-13
1.63153e-13
9.40935e-13
9.79381e-14
3.81783e-13
4.99954e-13
2.93779e-13
1.84918e-13
2.93884e-13
3.85567e-13
7.21882e-13
7.95331e-13
6.18864e-13
4.04562e-13
3.72217e-13
9.88343e-13
1.12539e-12
4.68599e-13
4.81341e-13
9.12065e-13
7.23248e-13
2.37588e-13
8.16909e-14
1.2756e-12
9.15158e-13
3.18132e-13
4.22793e-13
4.32267e-13
6.65224e-13
6.47016e-13
3.39922e-13
8.33552e-13
8.53751e-13
3.31602e-13
7.71205e-13
1.16327e-12
5.70206e-13
5.39239e-13
4.19466e-13
5.70473e-13
9.62221e-13
5.8695e-13
2.64752e-13
2.53756e-13
1.70937e-13
5.73486e-13
3.56711e-13
6.60881e-13
2.97701e-13
8.32669e-13
2.86863e-13
3.56669e-13
6.73141e-13
4.57829e-13
1.64856e-13
3.44444e-13
3.60169e-13
7.82959e-13
2.37802e-13
2.68648e-13
1.93029e-13
1.9005e-13
7.29526e-13
4.07646e-13
1.08907e-12
6.36406e-14
1.70959e-13
7.39402e-13
6.10852e-13
3.33561e-13
5.70531e-15
3.3923e-13
6.05235e-14
6.79642e-13
5.8077e-13
1.5928e-13
2.86761e-13
3.16458e-13
8.42934e-13
2.43565e-13
3.63075e-13
1.04171e-12
1.27614e-13
2.26501e-13
6.3582e-13
3.99554e-13
2.17032e-13
4.27047e-13
6.35056e-14
2.08217e-13
9.27171e-13
3.75445e-13
3.60828e-13
7.0442e-13
1.02097e-12
4.1405e-13
5.2848e-13
2.81109e-13
7.90124e-13
4.01542e-13
1.92934e-13
4.12344e-13
7.61191e-14
2.8401e-13
5.76464e-13
9.78848e-14
3.39735e-13
8.25505e-13
5.34218e-13
6.49393e-13
4.79595e-13
5.16308e-13
1.6045e-13
4.12588e-13
2.52801e-13
6.14055e-13
3.30865e-13
1.21639e-13
3.69788e-13
1.78122e-13
9.59016e-13
1.6188e-13
2.01807e-13
3.40243e-13
8.92585e-13
6.65976e-13
6.7767e-13
1.19747e-12
2.64327e-13
8.24893e-14
3.03301e-13
8.95242e-13
7.8273e-13
1.91603e-13
9.30043e-14
