n=32
J=0.707107
eta=1.8481
mu=0.139241
beta-optimal=0
max-overlap=0
0.000780502
0.000825008
0.000284342
0.00164499
0.00215243
0.0007604
0.000919283
0.000851022
0.00107055
0.000931052
0.0013951
0.00171459
0.000636148
0.000140879
0.00129812
0.0016805
0.000159058
0.00139328
0.00130912
0.00247511
2.72804e-05
0.000444241
0.000383215
6.66917e-05
0.000516011
3.53386e-05
0.000145597
0.000933428
8.32555e-05
0.000552318
0.00104762
0.00114295
0.000436371
0.00061062
0.000234849
0.000577651
0.00148867
0.000196251
0.000625554
0.000138306
0.000158655
0.000685197
0.00115036
0.00101453
0.000788562
0.000363509
0.00011013
0.00101453
0.000274397
0.00043489
0.000410597
0.000257817
0.000169921
0.000581348
0.000388386
0.000797121
0.000473728
0.00118847
0.00104228
0.00120413
0.000456612
0.00139641
0.000514526
0.000282119
0.000965073
0.000696354
0.000200424
0.000820226
0.000678703
0.000136467
0.000774183
7.83686e-05
0.000499561
0.000578052
0.000719236
0.000707326
9.96849e-05
0.000522101
0.000262147
0.00128109
0.000409481
0.000579188
0.000407028
7.58379e-05
0.000505944
0.000249712
0.000973329
0.000774363
0.000752135
0.000525103
0.000482214
6.04791e-05
0.000282966
0.000712431
0.000723192
0.000571367
0.0001263
0.00040558
8.0839e-05
0.000676876
0.000231567
0.000131258
0.000214743
0.000199398
0.000909719
0.000368704
0.000406887
0.00013544
0.000544645
9.62146e-05
7.91699e-05
0.000638389
0.000189058
0.000126283
0.000414406
0.000105163
0.000300923
0.000365298
4.0881e-05
2.07356e-06
3.83146e-05
0.00038315
0.00028543
0.00034655
0.000524062
9.95171e-05
0.000334537
0.000219927
0.000436403
0.000474775
6.61178e-05
0.00032638
0.000275737
7.11801e-05
3.35373e-05
0.000735818
0.000475667
0.000261546
4.46857e-05
0.000812394
0.00120019
0.0001163
0.000519182
0.00042624
0.000281935
0.000228267
0.00103051
0.000814406
0.000263661
0.000713517
5.9296e-05
0.000234504
0.000447335
7.21716e-05
0.00036108
0.00132165
0.000329095
4.30336e-05
5.58882e-06
0.000564254
0.000462733
0.000187767
0.000544127
5.46793e-06
0.000176163
0.000174432
6.2679e-05
0.00054467
0.000103968
0.000382061
2.95036e-05
6.11294e-06
0.000225983
0.000155274
0.000164899
0.000160662
1.81815e-05
0.000740275
0.000409235
0.000157222
7.32165e-05
0.000504122
0.000301112
0.000255812
4.32766e-05
7.45497e-05
0.000104904
0.000343181
0.000150633
0.000540237
0.00041714
0.000218574
0.000561294
0.000449157
0.000313862
0.00021082
0.000737661
0.000562708
0.000204871
0.000395579
0.000252987
2.09213e-05
3.56237e-05
0.000415149
0.00011222
0.000798171
8.52591e-05
0.000140878
0.000237635
0.000431759
0.000303993
0.000292075
6.93045e-05
0.000248439
0.000198172
0.000230326
0.000376002
6.41696e-05
0.000201682
8.11909e-05
0.000523372
5.54269e-05
0.000393767
0.000544069
0.000874768
3.23891e-05
7.38848e-05
3.48653e-05
4.26798e-05
7.37119e-05
0.0008339
0.000191235
0.000656045
8.17919e-05
0.000365551
0.000136912
0.000242165
0.000305027
0.000432054
0.000851522
0.000556115
0.000591302
0.000171304
0.00053059
0.000551647
0.000134099
0.00050833
0.000158595
0.000335788
0.000696486
0.000400993
0.000107512
0.000335734
0.000186836
0.00022464
0.000185515
