n=32
J=0.707107
eta=1.03797
mu=0.0151899
beta-optimal=0
max-overlap=0
4.88504e-12
2.38763e-11
3.09884e-12
2.43274e-11
9.67146e-12
2.51748e-12
2.75613e-12
7.11385e-12
3.67503e-12
5.67685e-12
1.50523e-12
1.6558e-12
1.9612e-12
1.52642e-12
4.21857e-12
1.20781e-12
3.61139e-12
4.53269e-13
6.9127e-12
2.98654e-12
6.9349e-13
1.83888e-12
3.38691e-12
1.38596e-12
3.49454e-12
6.90442e-13
1.17588e-12
8.68447e-13
3.21201e-12
2.51811e-12
2.18373e-12
6.55342e-13
1.93921e-12
1.79769e-12
3.39578e-13
4.72488e-13
1.55893e-12
1.44058e-12
2.73808e-12
5.47865e-13
1.50532e-12
7.86443e-13
8.66056e-13
6.73706e-13
9.86554e-13
1.98067e-12
2.20806e-13
1.75424e-12
9.8207e-13
8.42417e-14
9.38928e-13
1.61008e-12
1.35322e-12
3.978e-13
1.72607e-12
2.01671e-12
9.59664e-13
3.83249e-13
6.01406e-13
2.30125e-13
1.25866e-12
9.44042e-13
6.54138e-13
3.26894e-13
5.55198e-13
3.21863e-13
2.55826e-13
7.06801e-13
5.42147e-13
5.59302e-13
2.39444e-13
9.35083e-13
5.43761e-13
7.67662e-13
1.23594e-12
1.45336e-13
5.49452e-13
4.5841e-13
1.24318e-13
1.43695e-12
7.32953e-14
3.44175e-13
2.57776e-13
4.2518e-13
5.70611e-13
1.11737e-12
4.9795e-13
6.93185e-13
1.0943e-13
4.61785e-13
3.55201e-13
5.14232e-13
7.47766e-13
4.85368e-14
6.13804e-13
3.53142e-13
5.73724e-13
3.99904e-13
2.80376e-13
7.62828e-13
1.51793e-13
7.57243e-13
6.07076e-13
1.2766e-12
1.91634e-12
1.62301e-12
7.11404e-13
5.56121e-13
3.13048e-13
2.84906e-13
2.61443e-13
4.64115e-13
3.9925e-13
3.45458e-13
9.97595e-14
8.56053e-14
1.61036e-13
1.4413e-13
2.08595e-13
3.48782e-13
1.38714e-13
5.51907e-13
1.85739e-13
2.98601e-13
3.27456e-13
3.10102e-13
1.59628e-13
5.07482e-13
2.18451e-13
9.64791e-14
1.33005e-13
1.16181e-13
4.61764e-14
3.63253e-13
4.08253e-13
9.69127e-14
3.52372e-13
8.49477e-14
2.77409e-13
4.13194e-13
7.43377e-13
7.20006e-14
9.59258e-14
1.01075e-13
7.7678e-13
4.30425e-13
4.62832e-13
3.41424e-13
3.34197e-13
2.26105e-13
6.14325e-13
3.66387e-13
2.20458e-13
2.63664e-13
4.0681e-13
3.34037e-13
3.16019e-13
1.45033e-13
5.23157e-13
1.6445e-12
9.64566e-13
5.30198e-13
3.45695e-13
3.61015e-13
3.65951e-13
6.31344e-14
2.35063e-13
5.91618e-13
3.86464e-13
1.50224e-13
5.09214e-13
1.80923e-13
6.03316e-13
1.8582e-13
1.59563e-13
1.47656e-13
1.88775e-13
2.90488e-13
1.0763e-13
6.31718e-13
1.46036e-13
1.01452e-13
6.25886e-13
8.10158e-14
1.93202e-13
4.79638e-14
3.43044e-13
2.24595e-13
3.85419e-13
1.21886e-13
3.03018e-14
8.25765e-14
6.44547e-13
1.24735e-13
1.65561e-13
1.19429e-13
1.94259e-13
1.89793e-13
1.31719e-13
1.19478e-13
5.26415e-13
1.07163e-13
2.34564e-14
7.30271e-14
1.03436e-13
9.05394e-14
1.6422e-13
4.36691e-13
2.92072e-13
5.0791e-13
9.98213e-13
2.91621e-13
2.49187e-13
4.90946e-13
7.00086e-14
1.36754e-13
1.16544e-13
7.86868e-14
1.55044e-13
2.30289e-13
3.23015e-13
4.67853e-13
9.03994e-14
1.01278e-13
2.62979e-13
1.67639e-13
3.23535e-13
5.7814e-14
9.70629e-14
1.91774e-13
1.25995e-13
1.03789e-13
7.87478e-14
1.31735e-13
2.72581e-13
1.08862e-13
1.80886e-13
1.11129e-13
1.99031e-13
2.72163e-13
4.70277e-13
4.91222e-13
5.25943e-13
6.48466e-13
6.87431e-13
3.16917e-13
1.34981e-13
2.01475e-13
1.70863e-13
1.36938e-13
1.85731e-13
1.67934e-13
2.6847e-13
2.33946e-13
2.03914e-13
5.73912e-13
