n=32
J=0.707107
eta=1.08861
mu=0.0506329
beta-optimal=0
max-overlap=0
8.32117e-12
6.30344e-12
1.20171e-11
1.14493e-11
2.15636e-12
7.17214e-12
2.41454e-12
8.93135e-12
4.98534e-12
6.49461e-12
3.18442e-12
1.29122e-12
1.26165e-12
6.22369e-12
2.33646e-12
7.37186e-12
2.63809e-12
3.38598e-12
5.3274e-12
1.0267e-12
2.87411e-12
3.53146e-12
3.6545e-12
1.68485e-12
1.8608e-12
1.01871e-12
4.03939e-12
2.69157e-12
1.32716e-12
3.45655e-12
7.00552e-12
6.15355e-12
3.84223e-12
2.33049e-12
3.47636e-12
2.06425e-12
6.95283e-13
5.27395e-13
2.12031e-12
1.47698e-12
1.53871e-12
2.17307e-12
3.99413e-12
4.16987e-12
2.21625e-12
1.05374e-12
1.60104e-12
2.60014e-12
2.22382e-12
3.03591e-12
9.13052e-13
4.00604e-12
4.28274e-13
2.18705e-12
9.55303e-13
5.35471e-13
1.99206e-12
5.45189e-13
1.26004e-12
1.07799e-12
2.28599e-12
1.70537e-13
1.37811e-12
7.78643e-13
6.22958e-13
1.04205e-12
1.29201e-12
3.45687e-13
9.30983e-13
1.80731e-12
3.30191e-13
1.47166e-13
9.84323e-13
1.22261e-12
9.46989e-13
1.51692e-12
4.00925e-13
2.04228e-12
4.16458e-13
1.05758e-12
1.55618e-12
1.02901e-12
8.66284e-13
2.27106e-12
7.09394e-13
1.15261e-12
8.14299e-13
5.42996e-13
3.58945e-13
4.10353e-13
5.36987e-13
1.06491e-12
1.58498e-13
1.40411e-12
7.62985e-13
8.62585e-13
6.41722e-13
6.9992e-13
5.40201e-13
3.48363e-13
1.42763e-12
1.33107e-12
1.10687e-12
1.07376e-12
1.0338e-12
5.23577e-13
1.00759e-12
4.96258e-13
1.43244e-12
6.25108e-13
6.61533e-13
8.28855e-13
1.00231e-13
5.05576e-13
6.51168e-13
1.56559e-12
1.34622e-13
1.28001e-12
6.38386e-13
1.59141e-12
2.00288e-13
1.39486e-12
6.12606e-13
3.66922e-13
4.07893e-13
1.47918e-12
6.45217e-13
1.03207e-12
8.82045e-13
6.74392e-13
1.37831e-12
2.9317e-13
2.43185e-13
2.89739e-13
1.22054e-12
1.97141e-13
1.03863e-12
8.78711e-13
5.96363e-14
2.88663e-13
6.88532e-13
5.81674e-13
3.65501e-13
3.55518e-13
1.21903e-12
4.96218e-13
6.27721e-13
2.25476e-13
4.7762e-13
4.90094e-13
4.08897e-13
8.54523e-13
8.92724e-13
5.7656e-13
2.33784e-13
1.27878e-12
1.05623e-12
9.1165e-13
7.17494e-13
5.34118e-13
8.01048e-13
2.12393e-13
7.78436e-13
3.78067e-13
1.06195e-12
2.99988e-13
3.95784e-13
6.23837e-13
5.17461e-13
6.40651e-13
9.94662e-13
9.50426e-13
1.26277e-13
5.23825e-13
2.9743e-13
3.0803e-13
6.28129e-13
2.28281e-13
7.36642e-13
3.45589e-14
5.58992e-13
1.10387e-12
1.25444e-12
3.03128e-13
8.75164e-13
5.32713e-13
3.26873e-13
4.60272e-13
4.03912e-13
2.32745e-13
3.69069e-13
6.69913e-13
5.56695e-13
3.17582e-13
4.98729e-13
2.38794e-13
3.73195e-13
4.90713e-13
6.67086e-13
3.31872e-13
6.86232e-13
5.1392e-13
2.17361e-13
5.48424e-13
1.87745e-13
1.03945e-12
7.32796e-13
1.06207e-12
8.50035e-13
1.25417e-12
6.37313e-13
5.19918e-13
4.32743e-13
6.68166e-13
2.3371e-13
1.81496e-13
1.79959e-13
1.48936e-13
2.74311e-13
6.71523e-13
1.19821e-13
1.88047e-13
6.09855e-13
4.55592e-13
6.13606e-13
9.19473e-14
1.15465e-13
3.22916e-13
1.40062e-13
6.91993e-14
3.83427e-13
3.09501e-13
7.86589e-13
1.6164e-13
5.15371e-13
2.21942e-13
3.79434e-13
1.05198e-13
3.93626e-13
4.36389e-13
4.46944e-14
4.50469e-13
8.48935e-13
1.09576e-12
5.49633e-13
1.31842e-12
6.06267e-13
2.6773e-13
3.20387e-13
2.03703e-13
4.5251e-13
5.18078e-13
6.29649e-13
4.64238e-13
6.18317e-13
4.96691e-13
