n=32
J=0.707107
eta=1
mu=0.0658228
beta-optimal=0
max-overlap=0
0.593206
0.378689
0.215893
0.188237
0.167929
0.157627
0.155056
0.1337
0.131816
0.120837
0.127524
0.120954
0.0984276
0.0944174
0.0914322
0.0922858
0.0854043
0.075976
0.0740125
0.0778783
0.0666734
0.0754172
0.070487
0.0642836
0.059751
0.0697937
0.065945
0.0561136
0.0555289
0.0448301
0.0514123
0.0483036
0.0514172
0.0399185
0.0431112
0.0399598
0.0410537
0.0417516
0.0437817
0.0327966
0.0383279
0.0327288
0.0345198
0.0334059
0.0316803
0.0367714
0.0298188
0.0329096
0.0297541
0.0268908
0.0364734
0.0259792
0.0250612
0.0289591
0.0253692
0.0245732
0.0230278
0.0233508
0.0210488
0.0220662
0.0215051
0.0221794
0.0243435
0.0198809
0.0178058
0.0199997
0.0192223
0.0192273
0.0189289
0.0194093
0.018216
0.0188228
0.018101
0.0180378
0.0187568
0.0139064
0.0164891
0.0168405
0.0163817
0.0160085
0.0184892
0.0154366
0.0145016
0.0156761
0.0141723
0.0153495
0.0143454
0.0148032
0.0131221
0.0125856
0.0123159
0.0138086
0.0140309
0.0114658
0.0126673
0.0121598
0.0112134
0.011233
0.0117446
0.0113715
0.0100766
0.011787
0.0104187
0.0100728
0.00957021
0.0120407
0.00986911
0.0111109
0.0100146
0.00893595
0.00868661
0.00900315
0.00885107
0.0106033
0.00922039
0.00952231
0.00814558
0.00802059
0.00907928
0.00959299
0.00821562
0.00838797
0.00735169
0.00839596
0.00761158
0.0085771
0.00783099
0.00752973
0.00797316
0.00719556
0.00832991
0.00776671
0.00681198
0.00690109
0.00697875
0.00706336
0.00720276
0.00629059
0.0067615
0.00651144
0.00707234
0.00670005
0.00694482
0.00558216
0.00623714
0.00612433
0.00633584
0.00629319
0.00603156
0.00582273
0.00609175
0.00577225
0.00582045
0.00608023
0.0057378
0.00642675
0.00517062
0.00586427
0.00551375
0.00513707
0.00573976
0.00531916
0.00478145
0.00499529
0.00501301
0.00479167
0.00459412
0.00534762
0.00576605
0.00512842
0.00477504
0.00482576
0.00434104
0.00430448
0.00445351
0.00445106
0.00382405
0.00409195
0.00434565
0.00430623
0.00432939
0.00472878
0.00424308
0.00464184
0.00420993
0.00399482
0.00379923
0.00360199
0.00399295
0.00400749
0.00350072
0.00386296
0.00399914
0.00384325
0.00413755
0.00383602
0.00365195
0.003315
0.00363527
0.00383096
0.0035773
0.00369453
0.00378837
0.00347659
0.00358206
0.0035557
0.00335326
0.00315703
0.00299954
0.00327185
0.00338069
0.00295916
0.00321653
0.00293746
0.0031661
0.0029648
0.00329798
0.00280798
0.00312265
0.00281705
0.00293259
0.0027683
0.00267126
0.00291952
0.00274249
0.00289536
0.00273852
0.00278926
0.00275342
0.00263137
0.00260773
0.00275044
0.00283685
0.00276318
0.00258119
0.00250187
0.00242433
0.00245335
0.00243058
0.00243618
0.00234645
0.00245223
0.00238413
0.00235387
0.00213932
0.0022915
0.00210461
0.00222181
0.00214407
0.00204821
0.00200143
0.00203124
0.0019903
0.00194499
0.00193262
0.00174209
