n=32
J=0.707107
eta=1
mu=0.108861
beta-optimal=0
max-overlap=0
0.349211
0.288772
0.217947
0.205732
0.190475
0.188339
0.177238
0.166743
0.15943
0.158133
0.156048
0.150859
0.139379
0.136207
0.132229
0.126827
0.122684
0.114132
0.113862
0.115766
0.104413
0.109393
0.106229
0.101516
0.0955002
0.102471
0.100084
0.0908488
0.0874492
0.0805572
0.0864678
0.0830017
0.0807414
0.0737924
0.0761581
0.0716327
0.0740775
0.0755248
0.0728113
0.0638379
0.0690115
0.0624007
0.0659742
0.0633725
0.0610956
0.0634546
0.0588397
0.0615964
0.0576789
0.0534985
0.0604344
0.051963
0.052082
0.0542351
0.051139
0.0494358
0.0481306
0.0484162
0.0453144
0.045224
0.0449577
0.0459917
0.0472788
0.0434192
0.0411072
0.0423546
0.0415503
0.041561
0.0409066
0.0402731
0.0395143
0.0396097
0.0392291
0.0386836
0.0391861
0.0338262
0.0373157
0.0360765
0.0358219
0.0359532
0.0381543
0.0342941
0.0328195
0.0345238
0.0326846
0.03399
0.0321257
0.0314175
0.0306601
0.0298435
0.0288079
0.031002
0.0315774
0.0276223
0.0291678
0.028084
0.0269245
0.0267229
0.027135
0.0265136
0.0251363
0.0264185
0.025146
0.0247083
0.0238898
0.0259768
0.0240645
0.0253868
0.0239223
0.0230478
0.0220484
0.0228077
0.0218318
0.0242956
0.022432
0.0228168
0.0209456
0.0205139
0.0217507
0.0227089
0.0207844
0.0207797
0.0194909
0.020446
0.0197344
0.0207657
0.0196452
0.0193467
0.0196886
0.0188021
0.0203695
0.0194163
0.0179748
0.0179551
0.0177409
0.0180544
0.0179309
0.0167274
0.0176059
0.0172443
0.0174271
0.0169314
0.0174849
0.0155409
0.0162701
0.0159963
0.0162146
0.0161191
0.0156752
0.0155216
0.0157888
0.0154847
0.0154423
0.0154256
0.0150308
0.0157834
0.0143306
0.0151258
0.014523
0.0141237
0.0146733
0.0138906
0.0134242
0.0137289
0.0135283
0.0133676
0.0129245
0.0136036
0.0143483
0.0134561
0.0131024
0.013057
0.0123929
0.0121505
0.0124825
0.012505
0.011525
0.0117314
0.0122497
0.0120529
0.0118903
0.0124063
0.0117512
0.0119928
0.0115724
0.0110058
0.0108615
0.0107453
0.0112431
0.0111609
0.0104687
0.0109024
0.0110392
0.0105921
0.0110348
0.0106334
0.0102734
0.0097426
0.0104271
0.010687
0.0100801
0.0103777
0.0105168
0.00990484
0.0100382
0.00995444
0.00956023
0.00932752
0.00901404
0.00926101
0.00971279
0.0087608
0.00918414
0.00884398
0.00914839
0.00872616
0.00898224
0.00833472
0.00885196
0.00840573
0.00850159
0.0080817
0.00808159
0.00833579
0.00806141
0.00805918
0.0080214
0.00790024
0.00783232
0.00775954
0.00774262
0.00774
0.00784412
0.00780906
0.00751814
0.0074537
0.00731096
0.00726157
0.00721861
0.0070761
0.0071164
0.00703634
0.0069325
0.00690179
0.00646835
0.00669983
0.00638051
0.00655381
0.00632822
0.00629511
0.00613588
0.00603441
0.00590231
0.00579604
0.00575866
0.00544277
