n=32
J=0.707107
eta=1.6962
mu=0.103797
beta-optimal=0
max-overlap=0
2.02023e-12
1.2501e-12
2.49632e-12
2.69847e-12
1.27557e-12
1.26366e-12
1.25311e-12
1.89169e-12
2.95368e-12
5.2096e-12
5.56406e-13
8.82905e-13
1.40407e-12
2.65804e-13
1.5612e-12
2.20783e-13
3.2144e-12
4.68357e-13
7.31639e-13
1.93506e-13
8.29712e-13
4.9483e-13
7.59125e-13
3.87081e-13
8.2368e-13
6.03914e-13
5.85398e-13
1.34279e-12
2.41168e-12
5.24593e-13
1.21011e-12
4.79025e-13
1.50569e-12
6.78986e-13
8.31151e-13
2.19078e-13
1.63975e-12
5.59529e-13
2.11793e-13
1.17175e-12
3.63442e-13
8.0735e-13
8.35381e-13
1.07033e-12
1.80224e-13
1.25785e-12
2.19242e-12
2.97327e-13
1.12936e-12
2.5099e-13
1.12249e-12
3.23788e-13
2.75846e-13
9.00475e-13
9.34039e-13
8.6833e-13
2.05341e-13
6.6219e-13
4.94083e-13
5.21427e-13
1.92329e-12
3.70147e-13
6.63667e-13
4.27816e-13
8.61806e-13
3.09433e-13
2.14739e-13
6.99572e-13
5.31544e-13
3.65517e-13
1.51278e-12
1.46091e-13
4.72335e-13
3.41886e-13
9.67876e-13
1.0009e-12
1.46625e-12
2.70151e-13
2.28238e-12
2.2084e-13
1.57549e-12
5.64446e-13
1.01206e-12
6.41361e-13
2.72875e-13
5.00504e-13
3.57254e-13
4.16952e-13
9.43457e-13
8.09167e-13
3.93441e-13
1.30223e-12
4.51059e-13
8.13175e-13
1.85336e-13
8.38097e-14
3.51001e-13
5.99247e-13
7.75102e-14
1.56144e-13
1.01948e-12
9.8849e-13
2.42413e-13
8.13159e-13
3.84508e-13
1.49286e-13
1.32925e-12
7.88898e-14
1.00711e-12
4.37739e-13
3.958e-13
6.30924e-13
7.86673e-13
2.657e-13
6.12442e-13
1.51629e-13
2.35009e-13
2.81805e-13
2.05254e-13
5.43599e-14
4.31126e-13
2.72897e-13
6.56909e-13
4.23026e-13
2.35748e-13
3.76742e-13
1.24039e-12
4.1471e-13
2.00544e-13
5.71581e-13
6.42964e-13
5.94214e-13
2.0347e-13
3.52179e-13
8.3447e-13
2.67058e-13
2.88273e-13
1.85318e-13
1.98594e-13
4.39019e-13
3.02237e-13
4.60638e-13
6.16663e-13
3.19565e-13
5.26604e-13
3.62007e-13
2.3243e-13
1.14542e-13
1.56876e-13
2.42655e-13
7.89378e-13
3.32525e-13
7.87676e-13
4.31027e-13
6.43571e-13
6.4772e-13
2.87315e-13
4.71193e-13
2.46301e-13
8.60892e-13
2.50338e-13
3.92702e-13
1.5192e-13
9.21307e-13
2.34597e-13
3.02566e-13
1.38511e-13
2.58941e-13
4.03423e-13
6.63481e-13
3.57238e-13
5.39731e-13
2.28412e-13
5.55732e-13
5.19539e-13
6.7309e-13
6.98683e-14
5.38036e-13
2.39147e-13
1.0152e-12
5.81658e-13
9.03626e-14
3.28617e-13
5.2523e-13
3.2521e-13
4.65875e-13
9.05142e-13
4.18256e-13
1.13345e-12
2.47544e-13
1.33844e-13
3.63629e-13
3.53025e-13
8.59143e-13
5.81256e-13
8.62893e-13
4.06371e-13
4.62767e-13
5.28055e-13
3.2174e-13
2.47905e-13
2.49604e-13
1.87942e-13
6.82594e-13
7.22332e-13
3.98764e-13
2.67161e-13
2.85792e-13
2.38934e-13
3.99842e-13
5.84353e-13
5.09843e-13
1.75827e-13
3.54564e-13
5.83649e-13
2.44449e-13
1.42775e-13
4.86021e-13
5.3417e-13
1.43976e-13
2.98373e-13
4.04314e-13
3.57483e-13
3.19748e-13
3.64544e-13
7.31024e-14
1.62873e-13
2.50343e-13
4.39322e-13
4.02831e-13
2.24528e-13
1.58374e-13
1.63506e-13
2.87447e-13
3.19359e-14
3.01126e-13
2.14593e-13
3.09885e-13
2.25592e-13
3.96347e-13
4.08758e-13
2.96296e-13
2.61884e-13
4.47678e-13
2.47806e-13
3.97281e-13
3.44053e-13
4.05044e-13
6.51678e-13
1.22819e-12
1.73893e-13
4.99453e-13
2.24486e-13
3.55472e-13
7.29306e-13
4.7582e-13
