n=32
J=0.707107
eta=1
mu=0.0379747
beta-optimal=0
max-overlap=0
0.600891
0.373226
0.269508
0.273386
0.207041
0.17932
0.113324
0.101307
0.107748
0.0850342
0.0683673
0.0678229
0.0797852
0.0542202
0.0537016
0.06324
0.0635555
0.0469922
0.0493315
0.0322878
0.0285997
0.0341868
0.034255
0.039881
0.0282198
0.029401
0.0182948
0.028451
0.0324167
0.024736
0.0282895
0.022538
0.0206758
0.0241047
0.0231701
0.0227355
0.0197838
0.0135571
0.0220276
0.0157689
0.01763
0.0188548
0.0160926
0.0150011
0.0147613
0.013113
0.0124369
0.0140048
0.0123063
0.00884959
0.0113166
0.0097965
0.0111464
0.0136988
0.00902539
0.0108147
0.0144683
0.00880977
0.0106019
0.00914033
0.0104999
0.0107489
0.00981299
0.00891824
0.0102433
0.00606491
0.00720027
0.00609199
0.0102995
0.00760258
0.00758343
0.0073291
0.00589363
0.00698424
0.00740223
0.00574617
0.00795028
0.00536388
0.00695016
0.00660809
0.00588029
0.0072667
0.00512187
0.00534188
0.00507885
0.0051423
0.00564446
0.00466303
0.00482037
0.00654343
0.00512525
0.0039338
0.0041695
0.004509
0.0039302
0.00491628
0.00394812
0.00472808
0.00422693
0.00327201
0.00425209
0.0035276
0.00477951
0.00392039
0.00397177
0.00401935
0.00382228
0.00368965
0.00387478
0.00354852
0.00344337
0.00368323
0.00312761
0.00315703
0.003738
0.00273178
0.0027061
0.00386969
0.00257955
0.00390209
0.00317759
0.00311697
0.00323712
0.00276818
0.00353795
0.00301749
0.00221675
0.00332514
0.0027272
0.00301497
0.00320593
0.00255124
0.00249383
0.00229385
0.00281044
0.00245133
0.00265546
0.00281395
0.00246827
0.00232681
0.00322243
0.00188594
0.00339212
0.00211855
0.00237837
0.00217937
0.00212522
0.00224106
0.00190768
0.00260738
0.00247701
0.00191541
0.0019474
0.00203909
0.00228157
0.00198309
0.00185473
0.00186972
0.00181699
0.00196889
0.00196617
0.00210621
0.00210734
0.00159789
0.001433
0.00166409
0.00171714
0.00191615
0.00186597
0.00198746
0.0016379
0.00181952
0.00144596
0.00151307
0.00165404
0.00140973
0.00172922
0.00181186
0.00138257
0.00169349
0.00170523
0.00139171
0.00175146
0.00132662
0.00149955
0.00152476
0.00141558
0.00153483
0.00145557
0.00105804
0.00130069
0.00143674
0.00139464
0.00135288
0.00122796
0.00148761
0.00137635
0.00120345
0.00143756
0.00126523
0.0010763
0.00110483
0.00107595
0.00117724
0.00120978
0.000901329
0.00117473
0.00118397
0.000948628
0.00106856
0.00101829
0.00108976
0.00105056
0.00120285
0.000801106
0.00105235
0.00120972
0.00113752
0.00115877
0.00102966
0.000945501
0.000827516
0.000903779
0.000902203
0.000897799
0.000957783
0.0010293
0.00102539
0.000950108
0.000857462
0.00083249
0.000929032
0.000811021
0.000875801
0.000784663
0.0010835
0.000919497
0.000925927
0.000850082
0.000692387
0.000747099
0.000834068
0.000806651
0.00073194
0.000771601
0.000649627
0.000555584
0.000586453
0.000789711
0.000648283
0.000628933
0.00065757
0.000705605
0.000729813
0.000616292
0.000617553
