n=32
J=0.707107
eta=1
mu=0.0405063
beta-optimal=0
max-overlap=0
0.465736
0.49407
0.291473
0.243134
0.190212
0.153122
0.16997
0.134076
0.0970345
0.106973
0.111916
0.0734369
0.0966755
0.0762306
0.052617
0.0748866
0.056809
0.0597568
0.0635883
0.0523278
0.0386332
0.0494203
0.0405222
0.0474374
0.0423334
0.040782
0.0390681
0.031523
0.0369672
0.0312417
0.0333527
0.0292951
0.0344673
0.0235339
0.0246676
0.0280628
0.0199964
0.0203073
0.0170496
0.0199282
0.016176
0.0200035
0.0181945
0.020729
0.0173565
0.0184547
0.0211297
0.0159913
0.0146441
0.0181789
0.0154672
0.016008
0.0131935
0.0172567
0.0136614
0.0153711
0.0130062
0.0156537
0.0138428
0.0127846
0.0129752
0.0107709
0.0105938
0.0115956
0.00957092
0.0101842
0.0104613
0.00922792
0.00976179
0.0113989
0.0101166
0.0079205
0.00818268
0.0113082
0.00901159
0.0110567
0.00631385
0.0083395
0.00919922
0.00697596
0.00696014
0.00789386
0.0057608
0.00650234
0.00795008
0.0058866
0.00717147
0.00769801
0.00594624
0.00645563
0.00570323
0.00608376
0.00672306
0.00597531
0.00588476
0.00569352
0.00522566
0.00494114
0.00614489
0.00614
0.00641926
0.00457976
0.00569869
0.00552354
0.00547884
0.00492744
0.00439852
0.00501767
0.00497017
0.00502108
0.00468741
0.00476622
0.00431343
0.00418152
0.0037832
0.00522526
0.00488697
0.00405041
0.00408348
0.00384299
0.00410813
0.00335628
0.00395026
0.00337014
0.00351943
0.0035357
0.00324357
0.00382892
0.00325252
0.00387915
0.00379665
0.0041083
0.00330453
0.00409923
0.00388225
0.00375433
0.00363325
0.00409718
0.00314235
0.0027305
0.00275919
0.00300438
0.00328049
0.00320461
0.00355185
0.00277463
0.00268652
0.00319807
0.00287679
0.00355003
0.00275635
0.00270435
0.00264322
0.00226347
0.00243045
0.00275002
0.00251289
0.00244963
0.00219409
0.00273399
0.00249114
0.00209166
0.00251425
0.0022505
0.00221817
0.00214802
0.0020231
0.00237522
0.00196413
0.00228235
0.00214963
0.00216822
0.00205476
0.00224133
0.00176003
0.0018266
0.00190348
0.00201375
0.00203824
0.00189702
0.00198035
0.00174933
0.00161059
0.00190382
0.00188071
0.00180252
0.00164922
0.00218927
0.00169453
0.00171394
0.00179722
0.00193421
0.00144248
0.00161086
0.0016358
0.0013448
0.00152902
0.00137707
0.0013444
0.0016334
0.00149236
0.00172111
0.00168427
0.00151628
0.00183136
0.00149285
0.00157102
0.00147126
0.00140536
0.00121236
0.00125407
0.00143309
0.0012563
0.00126912
0.0013952
0.00132467
0.00116103
0.00123019
0.00133215
0.00127377
0.00103958
0.00123298
0.00123385
0.00128748
0.00102013
0.00120406
0.00116992
0.000997182
0.00110664
0.00137086
0.00101569
0.0011262
0.00100611
0.00105229
0.000928828
0.0011064
0.000907599
0.00101036
0.000972812
0.000982511
0.00106017
0.00106257
0.00101966
0.000980868
0.00088127
0.00082469
0.000972951
0.000926573
0.000890866
0.000960982
0.000907494
0.00096081
0.000828443
0.000696652
0.000735632
0.000759214
