n=32
J=0.707107
eta=1.01266
mu=0.0177215
beta-optimal=0
max-overlap=0
0.00104352
0.00216833
0.00170713
0.00138304
0.00298251
0.00160966
0.00244425
0.00114039
0.000578489
0.000788559
0.00180379
0.00153051
0.000513079
0.00134542
0.000116347
0.000347732
0.0009565
1.49922e-05
0.0013385
0.00022788
0.000942494
0.000163481
1.77881e-05
0.000601204
0.000143157
7.24185e-05
0.00124458
0.000421407
0.000504094
0.000495191
0.000342245
8.56961e-05
0.00046654
0.000193191
0.000343507
0.00035403
0.000144815
0.000422658
8.83763e-05
0.000836389
0.000100371
0.000339903
0.000263609
0.000238166
0.000406902
0.000192718
0.000106099
0.000272196
3.21035e-05
5.72892e-05
0.000363816
0.000117233
0.000330618
0.00010186
2.83982e-05
0.000251122
0.000164966
0.000342925
0.000189018
7.26188e-08
0.000350757
0.000199863
0.000242731
0.000101203
9.19553e-05
0.000133884
1.3584e-05
2.3041e-05
7.65842e-05
8.96143e-05
0.000236288
0.000177274
0.000276504
0.000193526
5.7987e-05
0.000361032
0.000193607
6.54293e-05
0.000191709
0.000152141
0.000255091
2.84622e-05
3.10933e-05
0.000110348
4.24478e-05
6.04328e-06
1.06562e-05
2.85766e-05
5.50697e-05
0.000143982
0.000146759
8.68203e-05
1.12317e-05
9.82931e-05
2.32901e-05
1.49709e-05
0.000205796
0.000260775
0.00016365
7.27317e-05
4.08196e-06
3.34904e-05
7.04677e-05
5.45038e-05
0.000252559
0.000109576
7.94813e-05
1.74521e-06
0.000204773
1.84345e-05
6.04256e-05
6.1905e-05
0.000100284
5.9579e-05
8.34954e-05
2.74497e-05
0.000107824
6.8357e-05
0.000178795
0.000196593
1.09752e-05
0.00017273
0.00017942
4.57396e-05
8.04209e-05
2.9771e-05
1.25127e-05
0.000124503
3.16593e-05
7.86645e-05
8.14271e-05
0.000150772
8.63545e-05
6.25123e-05
0.000160843
0.000207405
2.47815e-06
0.00015104
8.85888e-05
3.74615e-05
9.02858e-05
0.000165284
1.80759e-05
6.18071e-05
0.000113171
1.11206e-05
7.77951e-05
2.21129e-05
9.795e-05
5.13363e-05
0.000223504
0.000109272
5.40074e-05
3.72557e-05
1.47258e-05
5.84614e-05
5.76509e-05
0.000105223
1.59469e-05
2.02824e-05
4.17756e-05
3.25887e-06
6.35105e-05
3.9624e-05
4.35328e-05
7.22826e-05
9.23793e-05
2.73782e-05
2.71067e-05
0.000127796
3.43984e-05
4.75104e-05
0.000105243
2.55085e-05
1.0667e-05
1.1211e-05
3.72981e-06
1.66296e-05
0.000148279
2.04157e-05
9.94182e-06
4.14068e-05
4.30182e-05
1.74454e-05
9.10603e-05
8.91916e-05
4.61282e-05
1.43688e-05
2.42914e-05
2.06752e-05
7.14412e-05
3.64676e-05
0.000122959
2.97397e-05
0.000103233
4.74184e-05
9.64684e-06
9.12639e-06
3.19696e-05
0.000243583
4.06179e-05
1.31763e-05
6.71927e-06
3.01188e-05
7.09732e-05
4.56485e-06
3.42824e-05
2.75497e-05
1.15752e-05
6.5564e-06
0.000120285
0.000121087
5.34681e-06
1.35414e-05
1.51522e-05
9.46132e-05
1.99679e-05
2.64935e-05
6.36276e-05
1.43847e-05
1.76928e-05
4.31134e-05
6.90263e-05
9.91703e-06
7.21774e-06
0.000164859
1.37364e-05
1.82479e-05
6.68174e-05
5.06864e-05
2.04367e-05
5.01995e-05
7.46647e-05
6.72299e-05
4.97049e-05
4.63257e-06
2.0901e-05
3.36096e-05
5.98667e-06
6.0306e-05
2.0161e-05
3.79165e-05
8.63647e-06
1.03274e-05
8.11316e-05
2.62117e-05
6.00502e-05
2.04861e-05
4.66667e-05
1.98221e-05
9.9613e-05
2.25965e-05
1.33366e-05
6.83199e-05
5.33457e-05
1.02596e-05
