n=32
J=0.707107
eta=1.11392
mu=0.0582278
beta-optimal=0
max-overlap=0
0.0050378
0.00332665
0.00253902
0.00289625
0.00214691
0.0030448
0.00378561
5.88167e-07
0.00138021
0.00159836
0.00235512
0.00147825
0.00069126
0.00145293
0.00209957
0.000510516
0.00185064
0.00085818
0.000900159
0.00222662
0.000898398
0.000497364
0.00139397
3.39464e-05
0.0020198
0.000248465
0.0020093
0.000693408
0.000320824
0.0025529
0.000396511
0.00157991
0.001693
0.000339216
0.00135577
0.000512575
0.000910075
0.00112715
0.000202255
0.000343065
0.000820922
0.000581606
0.000182251
0.00128921
0.00153431
0.000757566
0.00054129
0.00135269
4.31298e-05
0.000429362
0.00100643
0.000172821
0.000884791
0.000116308
7.40171e-05
0.000294956
0.000919902
0.00107282
0.000965888
0.000269002
0.000554473
0.000528339
0.000117852
0.00061925
0.000109961
0.000877497
0.000267446
0.00103954
3.1044e-05
0.000926077
0.00091281
0.000344537
0.000122168
0.000131987
0.000130462
0.000602276
0.000408994
0.00131121
3.79676e-05
0.000504177
0.000273434
0.000658792
0.000845776
4.00096e-05
0.000301433
9.07737e-05
0.000174359
0.000293975
7.77384e-05
0.0010747
0.000104994
0.000651214
5.74386e-05
0.000165399
2.46165e-05
0.000640099
0.000523847
0.000461368
0.000656552
0.000500661
1.53093e-07
0.000492723
0.00019522
0.000287074
8.50039e-05
1.7161e-05
2.36438e-05
0.000225211
0.000383829
0.000679389
1.34587e-05
5.2463e-05
0.000300483
4.28242e-05
0.000957317
0.000148288
0.000362649
0.000532191
0.000322159
0.000181694
9.11849e-06
0.000283732
0.000566374
7.86794e-05
0.000733024
0.000409462
0.000170787
0.000218209
9.63948e-05
0.000269876
0.000396006
0.000284338
0.00012862
0.000178158
0.000289414
0.000773681
0.000101122
0.000552684
0.000449592
0.000311002
9.83786e-05
0.000445825
0.000223293
0.000282922
3.77393e-05
0.000315244
0.000279558
0.000124374
0.000237619
0.000125424
9.86067e-05
7.19924e-05
0.000110253
0.000285687
7.65789e-05
9.38209e-05
0.000441274
0.000188796
5.9851e-05
0.000147125
0.000127745
0.000102522
0.000315662
1.57464e-05
2.56316e-05
0.000229188
0.000357739
0.000278547
0.000164799
0.000177109
6.49314e-05
3.3184e-05
0.000274231
0.000247696
0.000464712
2.65769e-05
0.000208605
1.94949e-05
3.36297e-06
0.000372675
0.000324845
0.000101391
0.000242955
0.000529655
0.000112302
8.96418e-05
8.39231e-06
4.00211e-05
5.77892e-05
6.29204e-05
0.000115751
9.89013e-05
0.000126143
0.000228515
4.5964e-05
6.3805e-05
2.0899e-05
0.000273564
0.000286375
4.64279e-05
2.66517e-06
0.000241008
0.00026849
0.000359633
0.000174308
0.000334009
0.000115599
0.000102963
0.00027696
0.000256127
0.000300765
7.43923e-05
8.76003e-05
0.000150577
0.000354721
7.15011e-05
0.000238011
0.000301826
0.000256174
0.000434322
2.32509e-05
0.000418924
0.000157459
0.000264422
0.000448876
0.000149169
0.000181577
0.000259913
0.000173558
0.000244986
0.000136871
0.00029409
0.000230449
2.33223e-05
0.000231636
0.000111186
0.000285979
4.32559e-05
0.000156545
0.000272786
7.65431e-05
1.76092e-05
0.000306974
0.000489941
0.000114972
0.000126824
0.000342263
0.00015237
0.000250369
0.000224641
0.000312344
1.75416e-06
7.65215e-06
5.90415e-05
0.000141506
3.27158e-05
