n=32
J=0.707107
eta=1.49367
mu=0.0987342
beta-optimal=0
max-overlap=0
1.54905e-12
1.4356e-12
9.58016e-13
1.14759e-12
2.51145e-12
7.12318e-13
1.87174e-12
2.75409e-12
1.47425e-12
2.70545e-12
2.29543e-12
6.42908e-13
1.67465e-13
5.80683e-13
1.38151e-12
7.47771e-13
1.79295e-12
8.46094e-13
2.66132e-12
5.21075e-13
8.17708e-13
1.08895e-12
3.92907e-13
1.55868e-12
8.24541e-13
4.20069e-13
6.98627e-13
5.61284e-13
7.70574e-13
3.93745e-13
9.03431e-13
7.731e-13
7.82348e-13
6.05117e-13
5.29798e-13
9.58687e-14
1.21831e-12
6.76228e-13
1.36858e-13
5.66209e-13
1.27387e-12
2.00266e-13
3.76889e-13
6.96384e-13
2.41251e-14
5.18089e-13
1.43942e-12
1.36718e-13
5.90028e-13
5.54383e-14
1.87418e-13
2.40118e-13
1.58373e-13
9.57692e-14
2.39222e-13
5.30066e-13
9.14231e-14
8.98581e-13
4.11715e-13
7.31567e-13
1.11006e-12
3.21659e-13
2.69262e-13
3.1682e-13
2.44558e-13
2.85369e-13
1.36902e-13
4.56424e-13
4.53266e-13
3.82813e-13
7.81003e-13
1.16798e-13
5.74964e-13
4.16287e-13
2.17511e-13
6.78797e-13
8.62103e-13
3.41936e-13
3.56719e-13
1.86003e-13
1.33584e-13
2.80724e-13
2.22089e-13
8.08627e-13
4.72852e-13
2.79251e-13
6.43826e-13
1.03713e-12
3.42205e-13
5.81638e-13
2.80943e-13
3.41193e-13
4.99714e-13
3.64736e-13
5.05746e-13
2.50895e-13
4.46161e-13
4.21857e-13
2.39312e-13
1.11404e-13
4.44171e-13
5.77766e-13
1.90167e-13
4.98977e-13
1.26032e-13
2.02632e-13
6.24822e-13
1.78393e-13
3.66269e-13
1.02244e-13
3.54519e-13
5.62655e-13
3.16898e-13
1.15005e-13
4.89877e-13
1.50817e-13
6.28052e-14
2.30584e-13
9.03323e-14
4.75913e-13
2.572e-13
1.81208e-13
7.39347e-13
2.95465e-13
2.67382e-13
2.36155e-13
4.66329e-13
9.47361e-14
1.95269e-13
8.57235e-14
1.24829e-13
5.23151e-14
1.51021e-13
8.65992e-14
6.05031e-13
2.32255e-13
1.25701e-13
2.20121e-13
2.85779e-13
3.68775e-13
1.86293e-13
1.6379e-13
3.79529e-13
1.53446e-13
1.77954e-13
2.2417e-13
2.50178e-13
2.48624e-13
4.14323e-14
1.21475e-13
9.77169e-15
2.66987e-13
2.62482e-13
1.4352e-13
4.92665e-13
1.19917e-13
1.60745e-13
2.63506e-13
5.78127e-14
3.02623e-13
2.061e-13
4.26737e-13
3.61249e-13
6.32806e-13
2.47765e-13
2.25469e-13
3.39736e-13
1.33493e-13
2.17347e-13
4.02084e-13
3.82656e-13
2.58034e-13
2.73973e-13
4.01241e-13
3.54537e-14
3.0983e-13
1.08705e-13
3.39643e-13
2.50845e-13
2.40185e-13
2.60582e-13
1.7677e-13
3.75027e-13
1.52816e-13
7.81151e-14
8.99083e-14
5.25497e-13
2.93908e-13
1.40253e-13
2.71727e-13
4.62564e-14
1.3517e-13
3.02287e-13
5.37645e-13
1.93995e-13
1.40826e-13
2.78369e-13
3.16444e-13
2.50589e-13
1.73508e-13
3.63518e-13
5.89413e-14
2.62292e-13
2.50974e-13
5.11611e-13
1.62222e-13
1.7251e-13
4.56877e-14
5.27143e-14
8.31689e-14
2.33373e-13
2.19387e-13
1.96446e-13
1.53409e-13
1.96071e-13
2.44297e-13
2.52644e-13
2.44583e-13
1.14685e-13
1.45104e-13
1.72654e-13
1.62744e-13
1.84872e-13
2.19443e-13
1.93012e-13
2.45607e-13
1.61545e-13
2.8508e-13
9.11964e-14
3.01004e-13
6.85588e-14
1.91686e-13
1.04253e-13
1.75774e-13
2.0991e-13
2.02609e-13
2.98226e-13
2.86037e-13
4.707e-13
7.06462e-14
4.28913e-13
3.05919e-13
9.97742e-14
2.11434e-13
2.20183e-14
2.84061e-13
8.91139e-14
7.64344e-14
3.40629e-13
3.22233e-13
1.98572e-13
4.45673e-13
2.17996e-13
2.5401e-13
1.31149e-13
2.49293e-13
