n=32
J=0.707107
eta=1.56962
mu=0.0987342
beta-optimal=0
max-overlap=0
2.50288e-12
1.31887e-12
1.21148e-12
2.28101e-12
9.22841e-13
2.4557e-12
1.1496e-12
1.21887e-12
2.02434e-12
4.00672e-12
1.27839e-12
1.3354e-12
7.28886e-13
1.76787e-12
1.9381e-12
6.43381e-13
2.93577e-12
8.67848e-13
6.2407e-13
5.11948e-13
8.41563e-13
8.71332e-13
1.10531e-12
3.99638e-13
1.19315e-12
9.35546e-14
6.86229e-13
1.56031e-12
1.52266e-12
9.58296e-13
1.75129e-12
9.45844e-13
1.66811e-12
4.52328e-13
3.44794e-13
2.57768e-13
1.06585e-12
7.52455e-13
1.31433e-13
4.92767e-13
7.78226e-13
7.10587e-13
7.12827e-13
7.49657e-13
1.44558e-13
9.59351e-13
2.03689e-12
2.68508e-14
1.12552e-12
6.09067e-13
6.36162e-13
4.63741e-13
2.14046e-13
8.52255e-13
8.22372e-13
8.56275e-13
2.62276e-13
5.51934e-13
8.63786e-13
7.76012e-13
1.53421e-12
3.81581e-13
7.98332e-13
2.2558e-13
9.8343e-13
3.24834e-13
4.47135e-13
3.00636e-13
4.00024e-13
6.03405e-14
8.67163e-13
1.23539e-13
2.29738e-13
5.33753e-13
9.51183e-13
6.084e-13
8.10945e-13
1.69433e-13
1.96774e-12
1.87735e-13
1.3314e-12
3.64599e-13
5.28436e-13
4.9522e-13
5.75028e-13
3.2356e-13
4.05834e-13
2.43937e-13
9.61057e-13
4.99843e-13
4.3452e-13
1.06287e-12
1.97975e-13
7.11551e-13
2.70949e-13
3.63526e-13
2.72551e-13
6.18334e-13
2.96556e-13
1.60157e-13
8.48616e-13
7.13494e-13
4.05506e-13
4.27348e-13
1.77233e-13
2.51487e-13
9.34022e-13
2.21316e-13
8.2703e-13
4.40759e-13
1.68391e-13
5.56536e-13
5.46679e-13
1.06098e-13
3.97051e-13
3.12082e-13
2.29583e-13
1.17391e-13
2.14581e-13
9.07798e-14
2.41144e-13
2.84274e-13
6.42394e-13
2.21885e-13
9.01752e-14
3.64157e-13
7.44472e-13
3.96008e-13
2.02145e-13
5.05945e-13
5.23627e-13
3.73302e-13
1.01497e-13
4.0745e-13
6.73481e-13
1.2197e-13
3.00897e-13
1.27801e-13
2.30208e-13
2.32653e-13
4.1841e-13
4.68034e-13
5.32829e-13
1.06126e-13
5.53562e-13
4.52862e-13
1.51378e-13
1.95951e-13
1.46791e-13
9.93922e-14
5.63089e-13
4.5029e-13
5.36978e-13
3.71274e-13
5.97445e-13
4.45441e-13
2.44668e-13
3.20843e-13
2.12649e-13
6.28959e-13
3.21646e-13
5.47844e-13
1.06587e-13
7.13637e-13
1.76987e-13
2.536e-13
3.71312e-13
9.7635e-14
5.92722e-13
5.48184e-13
3.53359e-13
5.30291e-13
1.81902e-13
5.04555e-13
4.29095e-13
4.9037e-13
1.624e-13
2.18142e-13
3.47509e-13
5.67781e-13
5.97253e-13
1.12529e-13
1.48255e-13
2.67585e-13
4.04665e-13
3.24027e-13
5.21919e-13
2.10212e-13
6.97035e-13
1.65647e-13
7.84057e-14
4.38102e-13
3.53222e-13
7.09092e-13
3.62566e-13
6.08915e-13
3.50615e-13
3.62688e-13
2.27903e-13
1.03315e-13
2.73639e-13
2.00312e-13
1.26097e-13
6.01269e-13
7.48315e-13
2.54537e-13
2.42591e-13
1.98581e-13
2.20286e-13
2.28176e-13
3.81247e-13
2.22715e-13
2.66007e-13
1.39244e-13
6.23889e-13
1.59034e-13
2.3191e-13
3.41476e-13
3.18716e-13
5.32136e-14
1.97018e-13
2.45949e-13
1.41269e-13
1.43847e-13
2.78145e-13
1.48608e-13
2.76742e-13
2.10597e-13
3.02658e-13
4.80524e-13
3.32558e-13
2.26738e-13
2.22883e-13
2.28551e-13
1.71665e-13
3.32399e-13
2.12789e-13
4.1622e-13
2.87167e-13
3.55804e-13
3.40717e-13
4.94755e-13
2.01695e-13
2.40127e-13
3.54996e-13
3.67259e-13
1.31904e-13
2.56239e-13
4.92234e-13
8.16761e-13
2.39861e-13
3.33685e-13
3.53147e-13
3.39836e-13
5.28071e-13
4.09225e-13
