n=32
J=0.707107
eta=1
mu=0.0506329
beta-optimal=0
max-overlap=0
0.564423
0.301172
0.300606
0.233554
0.271895
0.206974
0.143627
0.164784
0.136804
0.0902024
0.0858003
0.0993132
0.0918821
0.0752885
0.0664384
0.0708419
0.0733332
0.0601071
0.0675502
0.049612
0.0502254
0.0421469
0.0508723
0.0476575
0.0460428
0.0451657
0.042911
0.0462381
0.0326222
0.0354014
0.0355383
0.0331296
0.0248091
0.0302292
0.0286379
0.0292103
0.0248437
0.0340207
0.0296044
0.0256831
0.0229061
0.0195268
0.0184833
0.0232126
0.0174755
0.0196685
0.0212468
0.0203469
0.019625
0.01829
0.0173123
0.0171126
0.0165294
0.0133884
0.0170411
0.0152056
0.0152764
0.015534
0.0145161
0.0151696
0.0132545
0.0138413
0.0140304
0.0150234
0.0109988
0.0112903
0.0142688
0.0117264
0.0144794
0.0140151
0.010869
0.012568
0.010442
0.0105934
0.00960759
0.00931376
0.0105306
0.00932977
0.00991157
0.0120083
0.0101899
0.00871777
0.00891167
0.00884811
0.00700409
0.00844035
0.00829181
0.0093811
0.00880363
0.0072348
0.00763861
0.00688426
0.00786341
0.0084571
0.00577593
0.0074417
0.00879583
0.00779307
0.00794043
0.00750854
0.00689704
0.00581825
0.00589209
0.00640547
0.00647457
0.00734375
0.00725087
0.0054055
0.00626703
0.00598343
0.00490504
0.00691243
0.00664107
0.00622149
0.00512868
0.00604812
0.00545273
0.0049174
0.00553759
0.00516716
0.00532651
0.00473288
0.00468506
0.00444536
0.0040748
0.00448651
0.00514857
0.00456308
0.00444427
0.00472951
0.00507347
0.0042369
0.0043565
0.00476902
0.00436738
0.00469491
0.00407408
0.00396034
0.00372004
0.00377915
0.00398917
0.00315308
0.00398947
0.00396872
0.0040155
0.00361367
0.00405682
0.00387785
0.00360287
0.00316823
0.00340645
0.0035403
0.00327985
0.00297587
0.00338892
0.00316243
0.00302745
0.00324989
0.00335693
0.00344525
0.00272159
0.00296099
0.00289591
0.0028266
0.00276343
0.00298552
0.00331928
0.00283534
0.00296642
0.00306136
0.00284641
0.0024746
0.00257646
0.00263547
0.0024765
0.00257026
0.00288941
0.0026452
0.00254834
0.00250489
0.00278431
0.00253091
0.00232395
0.00253807
0.00241869
0.00229523
0.00229129
0.00205758
0.00228843
0.00218243
0.00217439
0.00204067
0.00265494
0.00216101
0.00232007
0.00186903
0.00221463
0.0022058
0.00201851
0.002014
0.00186986
0.0019955
0.0023327
0.00203126
0.00185351
0.0019149
0.00189435
0.00180998
0.00207443
0.00166321
0.00181491
0.00175648
0.00162246
0.00169799
0.00171241
0.00180386
0.00170492
0.00151667
0.00157452
0.00165497
0.00174851
0.00152507
0.00128852
0.00142106
0.00155871
0.0016617
0.00134436
0.00137353
0.0014399
0.0013763
0.00141658
0.00161425
0.00136748
0.00139877
0.00155839
0.00133721
0.00131498
0.00137485
0.00120852
0.00121135
0.00146023
0.00137574
0.00125284
0.00139768
0.00144577
0.0013311
0.00131858
0.00114661
0.00127739
0.00119798
0.00108967
0.00128401
0.00106622
0.0010637
0.000991938
0.00109133
