n=32
J=0.707107
eta=1.89873
mu=0.116456
beta-optimal=0
max-overlap=0
0.000611714
0.00158864
0.00019955
0.00180266
0.00109848
0.00019827
0.000823105
0.00015539
0.00121108
0.0010115
0.000154668
0.000135113
0.000611424
0.000507429
0.0018262
0.000927129
0.00288064
0.000528786
0.000519006
0.00154559
0.000236951
0.00064466
5.19919e-05
4.79168e-05
0.000241373
1.94667e-05
0.000464392
0.00108412
0.000380488
0.00102802
0.00063788
0.000903524
0.0002301
0.000272591
0.000390225
5.23044e-05
0.000581999
0.000483175
0.00103414
0.000389612
0.00014492
0.00103331
0.000516822
0.00094531
0.000228943
0.000220668
0.00047613
0.000945746
6.60328e-05
0.000201821
0.000567615
0.000703955
0.000131166
0.000139916
0.000598211
0.000383842
0.000710944
0.00105343
0.00127613
0.00108175
4.70482e-05
0.00115572
0.0006519
4.4853e-05
0.000968798
0.000427958
0.000444675
0.000423299
0.000244147
4.57943e-05
9.64422e-05
0.000618896
9.14955e-05
0.000357027
0.000623461
0.000591818
0.00066005
0.00031635
0.00031896
0.00129891
9.38334e-05
0.000430802
0.00020032
0.000199003
0.000288845
2.10778e-05
0.000867756
0.000255213
0.000539254
2.6893e-05
0.000333482
0.000334103
4.67118e-05
0.00050382
0.000471363
0.000649594
0.000330885
0.000156667
0.000262313
4.01543e-05
0.000279162
0.000286858
0.00013526
8.05308e-05
0.00081622
0.000190769
0.000654071
0.000299349
0.000259939
0.00036444
0.000120347
0.000677678
0.00019983
6.48779e-06
0.000179239
1.85237e-05
0.000255514
0.000289155
0.000155812
2.40072e-05
0.000399468
0.00019375
0.000383889
0.000580098
0.000143717
0.000254409
2.09048e-05
0.000117463
0.00053091
0.000473813
0.000436309
1.44495e-05
0.000277067
1.55662e-05
0.000321117
0.000153647
0.000151826
0.000495468
0.000276387
0.000809648
0.000429449
0.000136566
0.000584597
8.78935e-05
2.04357e-07
0.000358708
0.00104742
0.000793906
2.55897e-05
0.000695002
0.000112596
0.000308793
0.000310799
7.771e-05
0.000434557
0.00071516
0.00045427
0.000334761
0.000325831
0.000831735
0.000498397
5.92358e-05
0.000889622
0.000182742
0.000205253
0.000195209
0.000498859
0.000207634
0.000269847
0.0010026
5.12732e-05
0.000307744
0.00024549
0.000325135
4.45378e-05
0.000208862
0.00027192
0.000232342
0.000261497
0.000321916
0.000157593
0.000362965
0.000206504
0.000215314
0.000106641
0.000223798
0.000185972
0.000193197
2.15326e-05
0.00024751
0.000413768
0.000433202
0.000372373
0.00038416
0.00014102
0.000171821
0.000840065
0.000445178
0.000940903
0.000561299
1.28158e-05
3.07952e-05
0.000112068
0.000466506
6.69508e-05
0.000602823
0.000250032
0.000231419
6.3888e-05
0.000200645
0.000241596
0.000704339
5.40863e-05
0.000227191
0.000268917
0.000261002
0.000223138
0.000139758
0.000225089
7.16257e-05
0.00020878
1.58983e-05
0.000264603
0.000230448
0.000866847
6.1969e-05
0.000273607
0.000384982
3.5541e-05
4.93409e-05
0.000810497
0.000161214
0.000670037
0.000192541
3.44907e-05
0.000115213
0.000118959
0.000189554
0.000372931
0.000612003
0.000511775
0.000361491
0.000198339
2.09499e-05
0.000576074
0.000398251
0.000635442
6.00167e-05
0.000568348
0.000706602
0.000486381
0.000331203
8.20929e-05
0.000497384
0.000549746
0.000301168
