n=32
J=0.707107
eta=1.94937
mu=0.121519
beta-optimal=0
max-overlap=0
0.000573646
0.00155966
0.00020088
0.00178808
0.00112742
0.000219181
0.000817653
0.000184223
0.00120129
0.00102067
9.73765e-05
0.000181222
0.000594131
0.000492595
0.00181236
0.000951255
0.00278745
0.000488739
0.000538713
0.00157949
0.00021511
0.000646868
3.29502e-05
4.05698e-05
0.00025156
1.13776e-05
0.000449967
0.00108009
0.000384568
0.00102387
0.000647595
0.000909923
0.000237843
0.000268214
0.000389357
3.89528e-05
0.000610934
0.000469206
0.00103376
0.000383919
0.000133169
0.00104283
0.000532888
0.000948918
0.000251567
0.000207186
0.000466291
0.000962114
6.22282e-05
0.00021299
0.000567142
0.000696094
0.000130994
0.000160051
0.000585945
0.000392738
0.000713908
0.00106754
0.00128854
0.00109008
3.4508e-05
0.0011711
0.000651471
5.46122e-05
0.000986383
0.000443055
0.000441877
0.000445104
0.000258373
4.88463e-05
0.000120781
0.000615175
8.01353e-05
0.000357605
0.00062778
0.000598274
0.000657406
0.000325029
0.000315123
0.0013083
0.000104507
0.000445849
0.000215256
0.000202231
0.000307509
3.13749e-05
0.000896419
0.000277997
0.000552252
1.57607e-05
0.000343931
0.000329676
4.66551e-05
0.000520023
0.000488143
0.000667328
0.000329318
0.000165722
0.000254562
2.06894e-05
0.000285703
0.000285005
0.00014139
7.29463e-05
0.000831559
0.000202941
0.000660935
0.000303089
0.000278952
0.000358281
0.000120167
0.000684801
0.000194292
1.09968e-05
0.000189534
1.85366e-05
0.000260328
0.000300997
0.000155368
2.27779e-05
0.00040227
0.000199053
0.000385299
0.000586519
0.000156896
0.000251733
2.78851e-05
0.00012515
0.000542629
0.000481246
0.000433139
2.64282e-05
0.000282859
1.36699e-05
0.000317026
0.000175457
0.000160354
0.000484643
0.000276405
0.000824867
0.000457547
0.00013913
0.000591418
9.80924e-05
1.0075e-05
0.000353245
0.00106277
0.000812676
2.23013e-05
0.000706546
0.000116733
0.000314274
0.000316652
7.30735e-05
0.000446891
0.00075335
0.000469234
0.000329876
0.000323362
0.000842345
0.000512155
6.44341e-05
0.000896015
0.000178147
0.000207113
0.000188371
0.000500341
0.000223838
0.000274715
0.00100741
5.34942e-05
0.000304847
0.000244724
0.000331627
4.6298e-05
0.000213317
0.000271826
0.000260407
0.000278916
0.000327902
0.000156222
0.000378793
0.000217303
0.000203517
0.000107006
0.000230793
0.000182098
0.000200453
2.59445e-05
0.000261191
0.000424443
0.000439464
0.000391695
0.000398621
0.000147176
0.0001762
0.000859247
0.00045822
0.00094452
0.000573804
1.42844e-05
2.85133e-05
0.000113411
0.00047444
6.69017e-05
0.00062565
0.000253924
0.000227931
5.68206e-05
0.000212944
0.000250951
0.000715536
5.765e-05
0.000240513
0.000271264
0.000265056
0.000226953
0.000139334
0.000232061
7.18544e-05
0.000225802
1.18779e-05
0.000276618
0.000245701
0.00088792
6.45389e-05
0.000274137
0.000384943
3.45211e-05
5.11353e-05
0.000837574
0.000166876
0.000688278
0.00019199
4.32378e-05
0.000116768
0.000109547
0.000199673
0.000390326
0.000638261
0.000525016
0.000375883
0.00019901
3.5029e-05
0.000591416
0.000404746
0.000651576
5.72417e-05
0.000576716
0.00072364
0.000499552
0.000332669
9.02663e-05
0.000499093
0.000561578
0.000302957
