n=32
J=0.707107
eta=1.31646
mu=0.0734177
beta-optimal=0
max-overlap=0
8.50153e-13
3.68671e-12
6.82669e-12
6.73077e-12
1.86776e-12
1.86508e-12
2.4897e-12
4.24869e-12
4.53807e-12
6.96793e-12
2.7729e-12
1.47951e-13
1.69794e-12
2.48291e-13
2.434e-12
7.45839e-13
5.43813e-12
8.90299e-13
1.37285e-12
1.11741e-12
6.1762e-13
2.09045e-12
7.6475e-13
2.65498e-12
8.16603e-13
6.10042e-13
1.50647e-12
1.1394e-12
4.1621e-12
8.9787e-13
2.63548e-12
7.58112e-13
2.75643e-12
8.008e-13
1.59565e-12
2.85287e-13
1.60995e-12
8.12474e-13
2.81835e-13
1.36258e-12
1.77106e-12
9.58554e-13
7.48091e-13
9.34749e-13
5.99842e-13
2.50535e-12
4.39985e-12
1.21444e-12
1.24666e-12
5.56835e-13
9.03114e-13
4.99544e-13
3.67581e-13
1.89918e-12
1.8006e-12
4.70172e-13
1.11569e-12
1.62277e-12
9.91326e-13
5.23983e-13
2.78324e-12
1.21169e-12
6.04803e-13
5.34435e-13
5.58454e-13
3.39473e-13
2.87622e-13
5.98324e-13
1.04213e-12
1.1453e-13
1.72082e-12
4.09385e-13
3.8972e-13
1.23016e-12
9.47369e-13
1.36697e-12
1.10443e-12
7.53338e-14
3.33648e-12
8.32916e-14
2.10249e-12
6.882e-13
8.88808e-13
1.04256e-12
4.41176e-13
9.24505e-13
6.84062e-13
9.90871e-13
1.82067e-12
1.03303e-12
7.62123e-13
1.7019e-12
3.83527e-13
1.5254e-12
3.52055e-13
3.60356e-13
4.11412e-13
1.11394e-12
4.11074e-13
4.47982e-13
2.00507e-12
7.20944e-13
5.00531e-13
8.8764e-13
2.08676e-13
6.46275e-14
1.50775e-12
2.08498e-13
1.07582e-12
4.81048e-13
3.89035e-13
1.42396e-12
1.21697e-12
1.5624e-13
7.74547e-13
4.24145e-13
4.10621e-13
2.67186e-13
2.81458e-13
5.35087e-13
4.30162e-13
3.70634e-13
6.26368e-13
6.61789e-13
4.83081e-13
2.83068e-13
9.59053e-13
3.18824e-13
1.10357e-13
5.33002e-13
7.01276e-13
6.01456e-13
3.5323e-13
2.599e-13
2.73193e-13
5.31926e-13
4.30206e-13
2.35866e-13
2.11639e-14
2.85846e-13
1.13966e-12
7.80165e-13
5.9556e-13
4.2786e-13
8.77424e-13
6.89749e-13
1.91738e-13
1.84094e-13
1.0899e-13
4.17545e-13
6.36108e-13
3.47318e-13
7.465e-13
1.29773e-13
7.75805e-13
6.23864e-13
5.85324e-13
3.23384e-13
1.57518e-13
8.03167e-13
8.60825e-13
5.26352e-13
5.43824e-13
9.06465e-13
1.15292e-13
1.6491e-13
8.22949e-13
1.49979e-13
3.86852e-13
9.60823e-13
5.08178e-13
1.98993e-13
3.20666e-13
3.33809e-13
2.9607e-13
5.3075e-13
1.88608e-13
5.39541e-13
2.03119e-13
6.77125e-13
2.27307e-13
1.08374e-13
1.55049e-12
5.15295e-13
7.90383e-13
3.2928e-13
1.44266e-12
3.40945e-13
9.53559e-13
2.79147e-13
2.61853e-13
6.0838e-13
2.08718e-13
8.26329e-13
8.45246e-13
6.05695e-13
8.36406e-13
2.55453e-13
2.88221e-13
1.86069e-13
6.80155e-13
1.12322e-13
1.57964e-13
6.25056e-13
7.25456e-13
6.20161e-13
2.67504e-13
5.92355e-14
2.17241e-13
2.33447e-13
9.7002e-13
1.24294e-13
1.52984e-13
4.04058e-13
6.36136e-13
1.42182e-13
9.62917e-14
7.44335e-13
6.33521e-13
1.09697e-13
4.98224e-13
1.53288e-13
4.09985e-13
2.65605e-13
1.02851e-12
2.64429e-13
1.8893e-13
6.03925e-13
1.28533e-13
5.28851e-13
1.4989e-13
1.19351e-13
1.43514e-13
2.30153e-13
9.85094e-14
6.73223e-13
2.31724e-13
6.15475e-13
4.66799e-13
2.27687e-13
4.08886e-13
6.98061e-14
8.63969e-14
2.82081e-13
1.95184e-13
3.63249e-13
8.53737e-14
2.62676e-13
3.89907e-13
1.32224e-12
2.54514e-13
4.26282e-13
3.80901e-13
4.14694e-13
7.85356e-13
6.67629e-13
