n=32
J=0.707107
eta=1.67089
mu=0.0962025
beta-optimal=0
max-overlap=0
0.00072981
0.00175212
0.00012709
0.00188639
0.000924081
1.17793e-05
0.000862506
0.000123437
0.00127549
0.00100629
0.000387879
6.71714e-05
0.000600265
0.00062019
0.0019438
0.000857668
0.00333594
0.000654991
0.000448879
0.00141062
0.00037711
0.000608953
0.000138988
0.000112494
0.000227559
5.78083e-05
0.000526472
0.00113454
0.000305762
0.00104031
0.00067968
0.00089901
0.000199198
0.00030327
0.000430216
6.80947e-05
0.000536352
0.000504167
0.00102707
0.000445707
0.000179933
0.000984753
0.000476709
0.000957785
0.000191212
0.000281726
0.000541335
0.000924824
7.36798e-05
0.000155401
0.000598848
0.000699033
0.000159547
2.25118e-05
0.000648101
0.000349957
0.000674208
0.00104316
0.00122243
0.00103987
0.000106515
0.00108891
0.000663369
1.24391e-05
0.00089814
0.000379904
0.000451225
0.00032102
0.000232899
9.2838e-07
1.71169e-06
0.000608178
8.68415e-05
0.000386866
0.000629309
0.000564286
0.00067172
0.000288798
0.000327926
0.00127432
2.68924e-05
0.000352897
0.000153116
0.000236015
0.000204964
3.36956e-05
0.000750832
0.000194493
0.000498921
9.287e-05
0.000321888
0.000345766
5.62787e-05
0.00044002
0.0003986
0.000584827
0.000338071
0.000135349
0.000299445
0.000105544
0.000264713
0.000316829
0.000128873
0.000104549
0.000761866
0.000168516
0.000616254
0.00026291
0.000185661
0.000403249
0.000143612
0.00063552
0.000220528
2.0663e-05
0.000116778
4.26547e-06
0.000256053
0.00025156
0.000151843
3.7372e-05
0.000388869
0.000174733
0.000357142
0.000536512
0.000108113
0.000243889
1.30672e-05
7.71051e-05
0.000469721
0.000426958
0.000435389
4.6274e-05
0.000271966
2.16329e-05
0.00033559
8.44577e-05
0.000128901
0.000524562
0.000267074
0.000744101
0.000314437
0.000120603
0.000573058
6.61848e-05
3.17115e-05
0.000375538
0.00100414
0.000707683
2.78882e-05
0.000639374
7.96675e-05
0.000270796
0.000284884
0.000109515
0.000388013
0.000598788
0.000394469
0.000340432
0.000328812
0.000769392
0.000458615
5.5992e-05
0.00086139
0.000196123
0.000196946
0.000220005
0.000476219
0.000162693
0.000233861
0.000969609
6.00181e-05
0.000314212
0.000241353
0.000305579
3.42861e-05
0.000208197
0.000243462
0.000112813
0.000188414
0.000312918
0.000153406
0.000309967
0.000160457
0.000241212
8.46214e-05
0.000177004
0.000190651
0.000178657
1.01809e-05
0.000206546
0.000354146
0.000391042
0.000294219
0.000332942
0.000128853
0.000159481
0.000737981
0.000392809
0.000910191
0.000499855
1.30252e-05
5.12509e-05
0.00010568
0.000438366
7.60679e-05
0.00049645
0.000228854
0.000241675
7.87829e-05
0.000157984
0.000203812
0.000635941
6.08596e-05
0.000152305
0.000251404
0.000234463
0.000203247
0.000116093
0.000193995
6.63979e-05
0.000144006
3.23636e-05
0.000212098
0.000177214
0.000806754
3.63528e-05
0.000268341
0.000368338
4.70681e-05
5.39377e-05
0.000701954
0.000149189
0.000579373
0.000170282
1.32738e-06
9.57019e-05
0.000151246
0.000148846
0.000283436
0.000524166
0.00045617
0.000322065
0.000161933
2.35985e-05
0.000506017
0.000363423
0.000550814
5.55631e-05
0.000526228
0.00064731
0.000410348
0.000318567
4.31101e-05
0.000484807
0.000484399
0.000296134
