n=32
J=0.707107
eta=1.03797
mu=0.0759494
beta-optimal=0
max-overlap=0
1.09599e-10
1.5294e-10
8.2171e-11
1.25482e-10
9.60075e-11
1.13282e-10
9.93183e-11
6.2001e-11
6.73225e-11
5.39318e-11
7.26255e-11
7.65921e-11
6.34003e-11
3.23654e-11
1.53753e-11
2.86855e-11
5.34526e-11
5.19262e-11
4.40293e-11
3.18031e-11
3.94343e-11
3.64743e-11
5.67456e-11
4.54933e-11
2.86091e-11
3.24553e-11
4.63372e-11
2.39114e-11
2.29652e-11
3.1063e-11
3.27512e-11
3.16241e-11
2.37067e-11
1.32809e-11
1.90534e-11
1.74262e-11
1.32465e-11
2.4242e-11
3.47292e-11
1.70899e-11
1.1289e-11
1.44897e-11
4.56438e-12
5.76462e-12
2.66293e-11
1.60292e-11
8.98324e-12
1.69344e-11
1.50371e-11
9.86319e-12
2.2209e-11
4.48053e-12
2.18191e-11
1.1949e-11
1.77171e-11
8.54349e-12
9.58607e-12
1.21255e-11
1.19478e-11
1.43422e-11
1.60589e-11
5.19719e-12
1.16562e-11
1.0507e-11
7.54031e-12
7.95673e-12
4.75942e-12
9.82278e-12
2.45843e-11
8.0782e-12
1.30606e-11
1.28693e-11
5.78659e-12
1.11441e-11
9.89803e-12
1.14238e-11
8.46497e-12
9.50507e-12
4.41234e-12
6.34862e-12
8.32102e-12
9.91553e-12
1.01121e-11
9.20073e-12
4.196e-12
9.3921e-12
9.1784e-12
2.4326e-12
1.05242e-11
1.58944e-12
5.65126e-12
3.4148e-12
7.44666e-12
5.52077e-12
4.14558e-12
8.80268e-12
2.27376e-13
7.14574e-12
5.35648e-12
6.79344e-12
5.49589e-12
5.55833e-12
4.81535e-12
4.77517e-12
3.66421e-12
4.38306e-12
1.27565e-11
8.35119e-12
8.66125e-12
3.58229e-12
3.83411e-12
2.44597e-12
9.15734e-12
2.45346e-12
5.32191e-12
3.59404e-12
3.22477e-12
3.0786e-12
5.59683e-12
5.05134e-12
5.14197e-13
3.96907e-12
2.79319e-12
1.52148e-12
4.53811e-12
8.96396e-12
2.64385e-12
3.54241e-12
4.80852e-12
8.08632e-12
5.85474e-12
1.97285e-12
4.48751e-12
3.55987e-12
4.15497e-12
5.0785e-12
5.00868e-12
4.51937e-12
1.61563e-12
1.84271e-12
1.41995e-12
3.69488e-12
5.58588e-12
6.85573e-13
6.06635e-12
2.29668e-12
1.00549e-12
4.75495e-12
3.99284e-12
2.49658e-12
2.10757e-12
1.7882e-12
3.4851e-12
5.45945e-12
5.46779e-12
3.43981e-12
3.30928e-12
2.98497e-12
1.39716e-12
4.13063e-12
1.56565e-12
2.67957e-12
1.92092e-12
3.20317e-12
3.08519e-12
3.91142e-12
2.73648e-12
7.96399e-12
1.49202e-12
2.5007e-12
4.69481e-12
1.08188e-12
1.18981e-12
3.65968e-12
3.24835e-12
2.4355e-12
1.08983e-12
8.38762e-13
2.07259e-12
1.37774e-12
2.46865e-12
1.6493e-12
2.81953e-12
1.52416e-12
3.22783e-12
2.39771e-12
4.71684e-12
3.24028e-12
2.27397e-12
1.44292e-12
3.33267e-12
9.45599e-13
5.13022e-13
2.26889e-12
1.8536e-12
1.57458e-12
2.56754e-12
3.09888e-12
2.09285e-12
3.28688e-12
1.80585e-12
1.09408e-12
4.14742e-12
9.04895e-13
1.64355e-12
1.51667e-12
3.66422e-12
2.5906e-12
1.29408e-12
7.28952e-13
1.79159e-12
4.35423e-13
4.51868e-12
2.6948e-12
2.2265e-12
2.20841e-12
2.57563e-12
2.39034e-12
2.02074e-12
1.09731e-12
3.30859e-12
1.0095e-12
1.8103e-12
1.56156e-12
1.16421e-12
1.95299e-12
2.8636e-12
1.78265e-12
1.33623e-12
1.59906e-12
2.4597e-12
2.96016e-12
1.67182e-12
1.43358e-12
2.59541e-12
2.18291e-12
2.62023e-12
9.71835e-13
1.92662e-12
2.89235e-12
2.8119e-12
2.0213e-12
9.24355e-13
2.82046e-12
3.1585e-12
2.45074e-12
2.36202e-12
1.02652e-12
6.65727e-13
1.69018e-12
2.1589e-12
2.84898e-12
9.15518e-13
3.83408e-13
2.05488e-12
8.79029e-13
