n=32
J=0.707107
eta=1.06329
mu=0.0708861
beta-optimal=0
max-overlap=0
0.00464493
0.0164989
0.00852859
0.0112661
0.010036
0.00500602
0.00230248
0.00076037
0.000315867
0.00146899
0.00239552
0.0031868
0.00473921
0.00432965
6.25383e-05
0.00327771
0.00233664
0.00467921
0.00348057
0.00119984
0.000770237
0.00321452
0.00308088
0.000406471
0.00202622
0.00292161
0.00109858
0.00195492
0.00181545
0.000683088
0.00437034
0.0015787
0.0006777
0.00143818
0.00229487
0.00169122
0.000646376
0.00021256
0.000279363
0.000575826
0.000800977
0.000226595
0.00247101
0.00108767
0.000876846
0.000249102
0.000827879
0.000394571
0.000666113
0.0012676
0.00145894
0.00119987
0.000885898
0.00260778
0.000135084
0.000620736
0.00101139
2.44697e-05
0.00177903
0.0017487
0.000397184
0.000413348
0.000211664
0.000814563
0.000191708
0.00138447
0.000430581
0.000612756
0.0011409
0.000245907
0.00128768
0.00059987
4.40985e-05
0.000382779
0.000868871
0.00208979
0.000606449
0.000486379
0.000838435
0.000630094
0.000519931
0.000441242
5.60934e-06
0.00116776
0.000870843
0.000804099
8.05313e-05
3.81801e-06
0.000214303
0.000633271
0.000234425
0.00050386
0.000930999
0.000254237
0.000525773
0.000318232
0.000917431
9.97474e-05
0.00068301
0.000185953
0.000875403
0.000493558
0.000758612
0.000571698
0.000398378
0.000430773
0.00091155
0.000153535
0.000887846
1.54063e-05
0.000332862
1.51251e-06
5.77333e-05
0.000479092
0.000323611
0.000232509
0.000125953
6.91001e-05
0.000262658
0.000768162
0.00050885
0.000280654
0.000246796
6.52777e-05
0.000493488
0.000599862
0.000172672
0.000593491
5.74167e-05
6.45651e-06
0.00022915
0.000722887
7.39925e-05
0.000264337
0.000860206
0.00013946
0.000241967
7.48016e-05
0.000304824
0.00028246
4.75832e-05
0.00025667
0.000440258
0.000985005
0.00106112
0.000180416
0.000738676
9.13621e-05
0.000341689
1.00211e-06
0.000736355
7.60434e-06
0.00048363
5.83714e-05
0.00025552
0.000208938
0.000366042
9.08947e-05
0.000151977
0.000455625
0.000160718
0.000221232
0.000166639
0.000133222
0.000277464
0.000219015
0.000304309
0.000674932
0.000105896
0.000119429
0.000336293
8.93264e-05
0.000445212
0.000207072
0.000196438
0.000117337
0.00010707
0.000226551
4.09422e-05
0.00051163
0.000318919
3.88342e-05
0.000122242
2.51702e-05
0.000271564
0.000226835
0.000136979
3.44858e-05
0.000452035
0.00044307
2.25365e-05
0.000129587
6.46827e-05
4.95297e-05
0.000135574
0.000118424
9.49155e-05
0.000116525
6.10952e-05
0.000302237
1.48691e-05
8.67492e-05
8.61128e-06
3.25106e-05
0.000115942
0.000109993
0.000130491
4.72337e-06
9.6414e-05
9.18651e-06
0.000203157
0.000211288
0.000302924
7.39979e-05
0.000384057
9.41107e-05
0.000169571
0.000360381
0.000530679
8.70045e-05
0.000283498
0.000756348
0.000154659
0.000366319
0.000143215
5.62876e-05
0.000239843
0.000156459
0.000186213
0.000349951
0.000119832
0.000247724
0.000200306
0.000253748
0.000115691
7.8118e-05
2.49357e-06
3.64581e-05
6.62987e-05
0.000210982
0.000252173
0.000230376
0.000226809
0.000176061
0.000210589
0.000280576
0.000210649
0.000198901
0.000229049
0.000227168
0.000199626
0.000409826
0.000155309
0.000259823
0.000423566
9.74024e-05
