n=32
J=0.707107
eta=1.08861
mu=0.0632911
beta-optimal=0
max-overlap=0
0.00108905
0.00162294
4.5844e-05
0.000718806
0.00393259
0.00111836
0.0019728
7.51749e-05
0.00315676
0.00198642
0.000997999
0.00123017
0.00246798
0.000302187
0.00425158
0.00207346
0.000797256
0.00217492
0.00186271
0.000490252
0.00249604
0.00067825
0.000723436
0.000584348
0.000563425
0.00141009
5.23954e-05
0.000462933
0.00195202
0.000296224
0.000431468
0.000582302
4.83096e-05
0.00133775
0.00119821
7.24673e-05
0.000948182
0.000281016
0.000303134
0.00105086
0.000143338
0.000515025
7.8961e-05
0.000760264
0.00192931
6.27144e-05
0.000268661
0.000243968
3.40754e-05
0.000289595
0.000846875
0.00081114
0.000208699
0.000844467
0.00112442
1.02174e-05
0.000204687
0.000518048
0.00139057
0.000165867
0.000432536
0.000503777
0.000620342
0.000605626
0.000733661
0.000685485
0.00043009
0.000435797
0.000214127
0.00134368
0.000220715
0.000585725
7.46522e-05
6.61556e-05
0.000155258
0.000725151
5.2741e-05
0.00060842
0.000397555
0.000777583
0.000210376
0.000892238
3.63543e-05
0.000286967
0.000282466
0.000132789
0.000548836
0.000104931
4.47713e-05
0.000166499
0.00023478
0.000303882
0.000141969
0.000405965
0.00027582
0.00068567
0.000304863
0.000332313
0.000330944
0.000234966
0.000438644
0.000458672
0.000409655
0.000332172
0.000132039
4.88932e-05
8.54492e-05
6.19485e-05
0.000382647
0.000268687
1.06383e-05
0.000494559
0.000263066
0.000753003
0.000258341
0.000413248
0.000140277
0.000529904
0.000421047
0.000793142
0.000493471
0.00025188
0.000102141
0.000673943
0.000158257
0.000394458
0.000137168
8.01735e-05
0.000349982
0.000130278
0.000221281
0.000225708
4.75506e-05
0.000353135
0.000102181
0.000279213
0.000221312
6.32459e-06
0.000124405
2.64881e-05
4.27806e-06
0.000540009
1.51307e-05
0.000215122
0.000459829
0.00080724
0.000305524
0.000248287
0.000367046
6.9212e-05
0.000234505
5.50002e-05
0.000101173
0.000412282
0.000100069
0.000310502
1.34356e-05
0.000304514
0.00062409
6.8819e-05
0.000135306
0.000273644
6.23794e-05
7.37537e-05
0.000504368
0.000144452
0.000234276
2.55431e-05
0.000438915
0.000150574
0.000264776
6.00803e-05
0.000178641
0.000192198
7.94158e-05
5.22999e-05
0.000205133
0.000366168
0.00047983
0.000467319
2.97121e-05
4.56578e-05
0.000415145
0.00037776
0.000422821
0.00044306
7.26715e-05
0.000206761
0.000137008
7.03159e-05
0.000154012
0.000504843
0.000300548
0.000101169
2.42712e-05
0.000413074
0.000331625
0.000229963
0.000244957
9.64171e-05
5.94686e-05
0.000278259
0.000304371
7.40126e-05
2.22987e-05
0.000204447
0.000419873
0.000150429
1.53845e-05
0.000514743
0.000284437
0.000117505
0.000159439
0.000381105
3.24678e-05
2.1094e-05
0.000159525
0.000142894
0.000113301
0.000230589
0.000136341
0.000165175
4.84422e-05
0.000241361
0.00024162
0.000441305
0.000197451
0.000118103
3.3911e-05
3.87951e-05
0.000216076
0.000121279
0.000135594
2.94609e-05
5.3961e-05
0.000217662
4.81982e-05
6.85882e-05
0.000146569
3.91722e-05
0.000229714
0.000174121
0.000231462
0.000257386
0.000340668
5.39323e-05
0.000252802
0.000192049
2.8517e-05
5.60802e-05
9.53545e-05
0.000144927
2.50045e-06
5.43567e-05
8.74355e-05
4.94991e-05
