n=32
J=0.707107
eta=1.87342
mu=0.116456
beta-optimal=0
max-overlap=0
0.000572268
0.00160466
0.000173886
0.00182173
0.00110155
0.000139037
0.000836968
0.000226369
0.00122641
0.00104777
0.000115328
0.000164153
0.000549596
0.000529438
0.0018711
0.000969398
0.00288038
0.000475894
0.000551684
0.00159086
0.000264925
0.000633645
4.67833e-05
6.08711e-05
0.000266313
2.25841e-05
0.00046461
0.00111152
0.000351925
0.00103372
0.00069515
0.000936713
0.0002402
0.00028375
0.000414639
2.49204e-05
0.000653391
0.000458249
0.00103793
0.000410739
0.000128534
0.00103746
0.00055027
0.00098001
0.000276397
0.000219885
0.000493226
0.000990211
6.21654e-05
0.000204866
0.00059113
0.000681246
0.000152733
0.000132272
0.000600636
0.000399463
0.000705008
0.00110144
0.00129142
0.00109222
4.95405e-05
0.00117423
0.00066184
3.90196e-05
0.000990509
0.000450328
0.000445573
0.000428101
0.00028584
2.42545e-05
0.000112664
0.000603371
5.14067e-05
0.000384737
0.000645855
0.000601117
0.000663043
0.000328316
0.000320839
0.00132914
8.43246e-05
0.000429521
0.000214243
0.000227471
0.000295294
1.64431e-05
0.000885736
0.000283856
0.000557762
3.32796e-05
0.000361125
0.000330674
5.33725e-05
0.000513066
0.000479893
0.000664079
0.000332029
0.000174571
0.000266386
2.02755e-05
0.000292941
0.000304217
0.000148289
7.09457e-05
0.000834729
0.000212578
0.00065531
0.000288677
0.000269608
0.000373254
0.000131217
0.000676505
0.000197121
2.63481e-06
0.000173893
7.13168e-06
0.00027252
0.000303234
0.000152774
2.68018e-05
0.000403438
0.000201517
0.000371684
0.000577065
0.000162672
0.000241907
3.74237e-05
0.000116267
0.000527905
0.000471075
0.000427587
1.34631e-05
0.000291617
1.51785e-05
0.000321581
0.000177663
0.00016692
0.000484411
0.000272508
0.000823407
0.000449211
0.000136294
0.000599477
0.000105386
8.22621e-06
0.000357112
0.00107561
0.000802707
1.49546e-05
0.000698798
0.000100806
0.000303651
0.00031718
8.36717e-05
0.000443062
0.000758571
0.000462922
0.000327207
0.000322631
0.000825845
0.000517434
7.1197e-05
0.000898463
0.000179187
0.000207922
0.000191674
0.000490655
0.000229569
0.000260664
0.000997095
6.24927e-05
0.000306748
0.000244487
0.000334438
4.55884e-05
0.000221616
0.000255472
0.000239221
0.000265921
0.000332262
0.000151074
0.000377819
0.000211212
0.000198545
9.26379e-05
0.000212696
0.000178227
0.000209994
2.61184e-05
0.000263263
0.000410072
0.000424051
0.000381167
0.000395645
0.000153182
0.000177389
0.000834728
0.000453617
0.000932408
0.000561819
1.80449e-05
3.65206e-05
0.000111059
0.000475937
7.18059e-05
0.0006028
0.000246488
0.000228267
5.36213e-05
0.000211564
0.000247613
0.000697571
6.5872e-05
0.000216862
0.000267674
0.000256855
0.00022425
0.000123291
0.000224646
7.02761e-05
0.00021653
1.63214e-05
0.000263397
0.00024227
0.000895007
5.31245e-05
0.000275475
0.000376711
4.31244e-05
5.72212e-05
0.000822553
0.000171487
0.000669776
0.000176856
3.79763e-05
0.000111772
0.000113367
0.000193164
0.000369383
0.000635207
0.000518051
0.00038144
0.000173538
3.49791e-05
0.000578243
0.000396013
0.000630773
4.69911e-05
0.000570847
0.000717359
0.00047747
0.000324541
8.13839e-05
0.000496884
0.00054478
0.000307844
