n=32
J=0.707107
eta=1.03797
mu=0.0253165
beta-optimal=0
max-overlap=0
8.72331e-12
1.77562e-11
3.17172e-11
7.72931e-12
1.51807e-11
1.15317e-11
9.52684e-12
1.24794e-11
9.26504e-12
5.55823e-12
3.90632e-12
3.42042e-12
1.21108e-11
6.51473e-12
3.25695e-13
5.34833e-12
8.17063e-12
6.03344e-12
2.82066e-12
1.43843e-12
1.13813e-12
4.93294e-12
8.11615e-12
3.56479e-12
5.65154e-12
2.47428e-12
2.94966e-12
4.35127e-12
1.47931e-12
6.17227e-12
3.04114e-12
4.94984e-12
1.89392e-12
1.84907e-12
8.60578e-13
3.92537e-12
2.00303e-12
2.93806e-12
1.55109e-12
1.53529e-12
1.43299e-12
5.92596e-13
1.15204e-12
1.7622e-12
4.77862e-13
2.95784e-12
1.62004e-12
1.81606e-12
3.59814e-12
7.91786e-13
1.65952e-12
6.55501e-13
9.32633e-13
2.02481e-12
7.96809e-13
1.26554e-12
1.26851e-12
2.50524e-12
5.49093e-13
1.93856e-13
1.31367e-12
1.15418e-12
1.92179e-12
8.65954e-13
3.44173e-13
5.05193e-13
1.40203e-12
7.8161e-13
1.83353e-12
1.23035e-12
5.06485e-14
6.49419e-14
3.70077e-13
8.93991e-13
7.36391e-13
5.81281e-13
7.45661e-13
1.40176e-12
9.37413e-13
1.52983e-12
8.57626e-13
6.88052e-13
7.62607e-13
4.699e-13
9.32888e-13
1.80734e-12
5.45477e-14
6.24276e-13
4.04697e-13
3.5081e-12
5.84055e-13
2.13909e-13
3.42491e-13
2.2274e-12
9.17621e-13
9.51684e-13
2.86775e-12
2.94787e-13
2.43849e-13
3.97023e-13
6.22726e-13
8.20418e-13
8.68381e-13
1.66337e-12
1.34671e-12
3.73651e-13
8.91358e-13
1.77034e-13
9.28004e-13
1.60596e-13
8.00261e-13
8.22108e-13
2.25951e-12
7.73079e-13
6.0335e-13
1.03842e-12
2.50094e-13
3.29932e-13
4.65887e-13
9.84866e-13
4.77551e-13
2.21897e-13
5.85461e-13
6.10797e-13
1.16099e-12
9.88799e-13
8.29031e-13
7.20321e-13
4.69359e-13
1.18329e-12
1.94478e-13
1.38731e-13
5.95872e-13
7.327e-13
6.7701e-13
1.50148e-12
7.53548e-13
1.04545e-12
6.97254e-13
7.18557e-13
5.4422e-13
1.4906e-13
5.40784e-13
1.20702e-12
8.37282e-14
3.94209e-13
8.34941e-13
7.16885e-13
7.6649e-13
1.08917e-12
1.00719e-12
2.94648e-13
9.24256e-13
1.37222e-12
1.07586e-13
5.59468e-13
4.25107e-13
3.83571e-13
5.24164e-14
5.16112e-13
1.07539e-13
1.34009e-12
4.1535e-13
1.47321e-13
1.39298e-13
6.70381e-13
5.48786e-13
2.68725e-13
4.93346e-13
1.0104e-12
8.83917e-13
5.43573e-13
1.03942e-12
1.4486e-13
5.09272e-13
8.60623e-13
7.00431e-13
3.02314e-13
4.64221e-13
4.34001e-13
7.69645e-13
3.05659e-13
6.03518e-13
1.75058e-13
3.94596e-13
5.73506e-13
1.73066e-13
6.2941e-13
1.83046e-13
4.04594e-13
3.34863e-13
5.81146e-13
1.06282e-12
8.5288e-13
2.80815e-13
2.77172e-13
1.8951e-13
2.27848e-13
1.38022e-12
3.80266e-13
5.78386e-13
3.42177e-13
1.05552e-12
4.91913e-13
2.35512e-13
7.38339e-13
3.86351e-13
2.52529e-13
7.21518e-13
2.3334e-13
6.96963e-14
2.18032e-13
4.6051e-13
1.10446e-13
2.51649e-13
3.35799e-13
3.60006e-13
3.75692e-13
1.46158e-12
4.41195e-13
3.19277e-13
1.38797e-13
4.4553e-13
2.05642e-13
9.87223e-13
2.02659e-13
5.10403e-13
1.14698e-13
4.35808e-13
3.02342e-13
4.50044e-13
4.21827e-13
1.59294e-13
1.85937e-13
3.26355e-13
8.7199e-13
6.35543e-13
3.94274e-13
2.21841e-13
8.41016e-14
9.03391e-14
3.46062e-13
4.12174e-13
1.32708e-13
5.25214e-13
1.40845e-12
1.19649e-12
2.37705e-13
1.03755e-13
5.3918e-13
4.30633e-13
1.09841e-12
9.36194e-13
5.58352e-13
7.70614e-13
1.03213e-12
