n=32
J=0.707107
eta=1.08861
mu=0.00506329
beta-optimal=0
max-overlap=0
1.02285e-05
0.000329327
0.000117727
2.85708e-05
0.000279684
2.22471e-05
3.38031e-05
3.35756e-05
2.97822e-05
4.78155e-07
0.000338773
0.00016027
1.29879e-06
7.83543e-06
1.85728e-06
0.000258719
5.9266e-06
0.00021899
3.94109e-06
0.000176145
0.000265947
0.000166142
4.80281e-06
8.46459e-06
0.000102242
6.33498e-06
0.000263561
9.35245e-06
2.93267e-05
3.05411e-06
5.37472e-05
1.39616e-05
9.21772e-05
4.97188e-06
8.02705e-06
6.09187e-06
2.39923e-06
3.42189e-06
2.87732e-05
7.02743e-06
5.11269e-06
9.9083e-06
2.52427e-06
8.3868e-05
4.53135e-06
0.000120329
0.0001055
1.23097e-06
8.13308e-06
7.40767e-05
0.000236071
8.60965e-07
2.9559e-05
8.77624e-06
8.44524e-06
6.04091e-06
3.30732e-05
1.09995e-05
4.56702e-05
6.62836e-05
9.11497e-06
7.00868e-06
8.10791e-06
7.1248e-06
3.16045e-05
9.81502e-06
8.59513e-05
9.35942e-06
5.99308e-06
6.34189e-07
3.79316e-07
3.52907e-05
9.2336e-07
2.46671e-05
1.34559e-05
1.55931e-06
8.85773e-06
2.75453e-05
8.20611e-06
2.90781e-06
2.66935e-06
5.10969e-06
6.28466e-05
8.7663e-06
2.80077e-05
8.65478e-05
3.11758e-06
5.50785e-05
2.30342e-07
1.35607e-05
5.48959e-05
2.91288e-06
7.85467e-06
3.96632e-06
2.72079e-05
3.59843e-06
1.29408e-05
2.62045e-06
2.27619e-06
3.94233e-06
3.95813e-07
1.98489e-05
5.93048e-05
7.68114e-06
1.73997e-06
5.80201e-05
1.63707e-06
7.29078e-06
1.40824e-05
3.73598e-05
2.55264e-06
1.67425e-06
8.02691e-08
7.1631e-06
2.98166e-07
4.61566e-05
2.47521e-06
7.12862e-09
7.23829e-06
7.04325e-06
6.17672e-06
1.98602e-07
8.72509e-07
1.1051e-06
2.64871e-06
1.77098e-06
6.25307e-05
1.33415e-07
3.04834e-06
6.001e-06
9.94427e-07
4.86092e-06
3.40058e-05
2.87944e-06
2.4801e-06
3.33792e-05
1.62652e-06
2.24106e-05
2.53357e-05
2.32783e-06
1.2075e-05
1.23743e-06
1.17988e-06
1.5385e-05
3.54469e-06
1.5163e-06
6.30735e-05
1.07603e-06
1.52641e-05
4.84293e-06
2.21654e-05
1.47442e-06
1.83212e-05
1.20176e-06
3.61806e-07
1.89744e-05
1.90276e-05
6.19916e-06
2.22948e-06
1.41431e-05
2.87671e-07
8.63392e-07
4.51758e-05
2.13297e-07
5.74179e-06
2.47263e-05
1.70329e-06
1.96332e-07
3.60933e-06
5.10892e-05
2.93832e-07
1.40308e-06
2.45835e-05
1.87379e-06
1.14665e-05
9.49215e-08
7.85694e-07
2.71009e-06
2.29433e-05
7.00424e-07
1.20285e-06
3.01595e-07
1.98349e-05
5.0757e-06
1.95614e-06
4.08985e-05
1.41487e-05
7.75393e-07
7.63369e-07
5.38516e-07
1.61479e-05
1.1262e-05
8.46481e-07
4.69717e-06
1.20636e-06
9.13545e-06
2.94167e-06
6.42584e-07
2.69237e-05
2.44881e-05
1.3398e-06
6.90182e-07
5.63834e-08
4.65179e-06
3.15822e-07
2.58999e-05
1.50633e-06
4.90119e-06
1.42764e-05
4.15958e-07
1.42759e-06
6.4101e-06
5.86861e-08
1.41525e-05
4.16287e-05
9.19069e-07
1.15325e-06
3.3924e-06
2.70494e-06
2.48385e-06
3.48741e-06
1.70801e-06
3.32322e-06
4.53266e-05
9.99185e-07
2.85523e-05
7.44796e-07
9.79659e-07
3.85124e-05
1.03985e-06
1.18404e-05
3.67182e-06
1.62735e-07
4.3515e-06
3.19732e-06
1.1312e-05
1.45782e-05
1.87735e-06
1.0646e-06
3.28341e-05
1.09718e-07
1.16819e-06
1.06751e-05
2.75164e-05
1.48481e-05
7.40575e-07
1.09641e-06
1.98784e-05
1.73626e-06
6.351e-06
2.38206e-06
3.46971e-05
1.56555e-06
3.2101e-07
5.69498e-06
5.86232e-07
