n=32
J=0.707107
eta=1
mu=0.0886076
beta-optimal=0
max-overlap=0
0.404922
0.316672
0.260893
0.23863
0.220494
0.200273
0.203341
0.150127
0.161109
0.168148
0.158279
0.151071
0.125086
0.115411
0.132605
0.125672
0.0987327
0.100795
0.0959678
0.0896007
0.0947967
0.0843288
0.0829538
0.0739669
0.0800675
0.0778962
0.0745507
0.0687606
0.0692188
0.0638634
0.0680173
0.0595696
0.0580704
0.0614528
0.0681907
0.0499272
0.0536594
0.0547615
0.054271
0.0458305
0.048472
0.0464105
0.0542578
0.0483822
0.0496002
0.0464413
0.0434889
0.0390103
0.0417456
0.0444613
0.0409738
0.0410945
0.0384543
0.0386043
0.0367282
0.0380994
0.0369377
0.0328747
0.0339128
0.0328267
0.0345712
0.0313133
0.0313681
0.0333446
0.0313452
0.033605
0.0324032
0.0258832
0.0251816
0.0266186
0.0253869
0.0299616
0.0288729
0.026466
0.0266322
0.0257688
0.0258345
0.0245137
0.025357
0.0247441
0.0250381
0.0239227
0.0235303
0.0247348
0.0241468
0.0215667
0.0211143
0.0224788
0.020819
0.0200756
0.0206001
0.0203039
0.0196033
0.018683
0.0198473
0.0201684
0.0192437
0.0181208
0.0178811
0.0193032
0.0174918
0.0190441
0.0171424
0.0174806
0.0165264
0.0169083
0.0157879
0.0161987
0.0168566
0.0165691
0.0183191
0.0149302
0.0145805
0.0146526
0.0146297
0.0151855
0.015176
0.0152947
0.0150608
0.0149373
0.0136112
0.0140038
0.0132058
0.0142995
0.0131482
0.013995
0.0137253
0.0128248
0.0126524
0.0126289
0.0131572
0.0130347
0.0121067
0.0127299
0.0118881
0.0119052
0.0123329
0.0115619
0.0110068
0.0106289
0.0116739
0.010703
0.0116346
0.0114649
0.011301
0.010547
0.00999384
0.0104576
0.0100626
0.0105849
0.0108392
0.0104174
0.0097491
0.0106618
0.0102068
0.00925739
0.00980354
0.0107335
0.00956407
0.00944204
0.00938508
0.00969165
0.00940232
0.00952972
0.00889343
0.00832058
0.00891891
0.00806785
0.00804111
0.00875292
0.00845291
0.00868515
0.0081403
0.0082367
0.00850057
0.00847837
0.00752125
0.00778706
0.00848163
0.00777342
0.0079516
0.00761565
0.00784676
0.00754013
0.00752892
0.00717344
0.00685041
0.00740213
0.00728651
0.00729583
0.00754123
0.0070302
0.00722612
0.00688179
0.0068164
0.0065039
0.00676019
0.00685365
0.00664839
0.00589626
0.00661785
0.00610235
0.00650918
0.00621281
0.00653935
0.00603376
0.00627873
0.00577386
0.00569106
0.00603255
0.0060489
0.00556911
0.00569321
0.00576038
0.00552602
0.00543131
0.00545838
0.00541355
0.00569629
0.00545828
0.00549103
0.005312
0.00544996
0.00502338
0.00532412
0.00532192
0.00507918
0.0048991
0.00503995
0.00464906
0.00492735
0.00490056
0.00482472
0.00472053
0.00448783
0.00439197
0.00448906
0.0045895
0.00454737
0.00441807
0.00415483
0.00438789
0.00432228
0.00420327
0.0041805
0.0041067
0.00406316
0.00391385
0.00427127
0.00367115
0.00374603
0.00380742
0.00386327
0.00386131
0.00340272
0.00337313
