n=32
J=0.707107
eta=1.18987
mu=0.0708861
beta-optimal=0
max-overlap=0
0.00163445
0.00340469
0.00449158
0.0040559
0.00123803
0.00290419
0.00177624
0.00208025
0.00132359
0.000858408
0.000538214
0.00275772
0.000331365
0.00321681
0.000830705
0.00186936
0.00302042
0.000935027
8.06696e-05
0.00010903
0.00116752
0.00113686
0.000330046
0.000539658
0.000255384
3.33729e-05
0.00065605
0.000226724
0.00126993
0.000969168
0.00146444
0.000831835
0.000507531
0.000806666
0.000181257
0.000210828
0.000302442
0.000807505
0.000697606
0.00143519
0.000506056
0.000480565
0.00100408
0.000260557
0.000139293
0.000282692
0.00143386
0.000808332
3.35157e-05
0.000229826
0.00199896
0.000616686
6.4162e-05
0.00207957
2.28154e-05
0.000140881
0.000232197
0.000815569
0.000214234
0.00117551
0.00134495
0.000761743
0.000128536
0.000478869
1.3073e-05
0.000389919
0.00091428
3.12761e-05
0.000505976
0.00046681
0.00040536
0.000918457
0.000768885
0.000560129
0.000186121
0.00116384
0.000410898
0.000171497
0.000826415
9.85173e-05
0.000378155
0.000110765
0.000401617
0.000340815
0.00026497
0.000171817
0.000293538
0.000273371
0.00048611
0.000354768
0.00018665
0.000873009
0.000557283
0.000745557
6.65509e-05
3.73413e-05
0.000136813
0.000615092
0.000407601
0.000184079
0.000733197
0.000847422
0.00033772
0.00082593
0.000203012
0.000377418
7.59622e-05
9.49428e-05
0.000432051
2.72458e-05
9.23614e-05
0.000270866
0.000100142
0.000260458
0.00017905
0.000294654
0.000235559
0.000223133
0.000107167
0.000781987
0.000541895
0.000103608
0.000250431
0.000494059
0.000327651
0.000264564
0.000155788
0.000560304
0.000136778
0.000422393
3.08205e-05
0.00035829
0.000137513
6.81825e-05
0.000782031
4.85917e-05
0.000740597
0.000269733
5.30002e-05
3.16715e-05
0.000392673
0.000362427
0.000321577
0.000404642
0.000895774
0.000171464
0.000517507
0.000188928
0.000175374
0.000342055
0.000496251
0.000216907
0.000315093
1.33025e-05
0.000121235
3.74068e-05
0.000270678
2.72371e-05
0.000316046
0.000582407
0.000407872
2.54895e-05
5.5763e-05
0.000355789
0.000208168
0.000224465
0.000264246
0.000487015
0.000116435
0.00010364
0.000300034
7.47709e-05
0.000103566
3.00843e-05
6.26052e-05
0.000396158
0.000380456
2.5187e-05
0.000529508
0.000402005
0.000258607
5.9572e-05
5.74913e-05
0.000328679
0.00068098
0.000248769
1.39055e-05
0.000381564
0.000593605
0.000334394
0.00031101
0.000115124
2.98395e-06
0.000231889
0.000454176
0.000205324
0.000124442
5.08546e-05
0.000209415
0.000475148
0.000271098
6.83159e-05
2.08424e-05
0.000416131
1.25477e-07
9.66598e-05
0.000386696
1.85286e-05
0.000142301
0.000245039
3.93164e-05
5.04778e-05
0.000237932
0.000197767
0.000206726
0.000276242
0.0001395
0.000607437
0.000272818
0.000189559
0.00030041
0.000427447
9.51237e-05
0.00034095
6.67087e-05
8.98398e-05
0.000327369
9.61622e-06
1.40983e-05
0.000767706
9.3301e-05
0.000156647
7.83529e-05
0.000315055
0.000131604
4.94299e-05
0.000172469
0.000151392
5.44373e-05
0.000238293
0.000325515
0.000400195
0.000229011
0.000291427
4.53562e-05
0.000144087
3.20925e-05
0.000318753
0.000261028
0.000263232
5.38666e-06
0.000500588
0.000320754
0.000196719
0.000118564
9.24302e-05
