n=32
J=0.707107
eta=1
mu=0.00506329
beta-optimal=0
max-overlap=0
0.901367
0.0630466
0.00801203
0.0203565
0.0166242
0.00267817
0.00236743
0.0134667
0.00174579
0.00122819
0.00934526
0.0102969
0.00705599
0.00433208
0.000945899
0.000739053
0.000570675
0.00430674
0.00255966
0.00058303
0.00423169
0.000554381
0.00310304
0.00276793
0.000536381
0.000492225
0.00333818
0.000395031
0.00172974
0.000421644
0.00170015
0.00209557
0.000330072
0.00267192
0.000297476
0.000345115
0.0011667
0.000278577
0.000275319
0.00112801
0.000242619
0.00115035
0.00021237
0.000768165
0.000179009
0.000738702
0.00017995
0.000424399
0.000189147
0.000677279
0.000499341
0.000137389
0.00121797
0.00012661
0.000155951
0.00139915
0.000614049
0.000127227
0.000112185
0.000576523
0.000137205
0.000110027
0.000858019
0.000372823
0.0001411
0.000430627
7.84028e-05
0.000723958
0.000317825
9.76239e-05
9.81094e-05
0.000559528
0.000125228
0.000395042
0.000191571
9.35404e-05
8.33787e-05
0.000375653
0.000403626
8.00501e-05
0.00054637
7.89322e-05
0.000268397
0.000339178
6.9131e-05
7.28729e-05
7.12417e-05
0.000183258
7.76561e-05
0.0001129
7.64764e-05
0.000126674
7.13438e-05
0.000148345
7.03096e-05
0.000232285
4.56371e-05
0.000356848
0.000202562
0.000161985
7.23892e-05
4.52757e-05
6.027e-05
0.000143051
0.000175133
0.000174103
4.51639e-05
4.36823e-05
0.000156613
4.82738e-05
0.000258536
3.67313e-05
4.63372e-05
7.49932e-05
6.15817e-05
3.65882e-05
9.03842e-05
3.73379e-05
0.000208239
0.000178
3.67745e-05
0.000113324
0.000111482
4.09576e-05
0.000182659
4.37394e-05
0.000106079
3.42186e-05
9.19616e-05
3.11178e-05
3.4067e-05
0.000143252
8.456e-05
2.48346e-05
0.000209494
3.22817e-05
3.21823e-05
0.000157645
3.21341e-05
2.59942e-05
0.000159329
0.000123791
3.30231e-05
2.71068e-05
9.79012e-05
1.94061e-05
4.32803e-05
2.88409e-05
0.000127177
1.93224e-05
9.69716e-05
3.15321e-05
6.01383e-05
2.66976e-05
0.000100734
2.83298e-05
2.90017e-05
9.67988e-05
2.81111e-05
8.13846e-05
1.95117e-05
5.84332e-05
6.53893e-05
9.18968e-05
2.09097e-05
0.000110574
3.83257e-05
1.77503e-05
1.61484e-05
3.63704e-05
2.57247e-05
1.51591e-05
8.61803e-05
2.26731e-05
3.70753e-05
1.9703e-05
6.1663e-05
1.50707e-05
4.42788e-05
1.54235e-05
4.31464e-05
1.70403e-05
6.99335e-05
1.6979e-05
2.46933e-05
1.38294e-05
1.40324e-05
1.2155e-05
7.61736e-05
1.42212e-05
9.97726e-05
4.45001e-05
2.96942e-05
1.69826e-05
4.75367e-05
1.12386e-05
1.50846e-05
3.35466e-05
1.40774e-05
6.99572e-05
9.95003e-06
1.28466e-05
7.22182e-05
1.37617e-05
3.06999e-05
1.12851e-05
5.7331e-05
1.74651e-05
5.11256e-05
1.42177e-05
6.51116e-05
4.29112e-05
1.22502e-05
1.35381e-05
4.85428e-05
3.82058e-05
1.23001e-05
7.37768e-06
3.9267e-05
1.07486e-05
1.27036e-05
4.61415e-05
3.23706e-05
1.1725e-05
1.40878e-05
3.68256e-05
1.25781e-05
1.7712e-05
4.19265e-05
3.83381e-05
9.46428e-06
1.21918e-05
3.94388e-05
3.01845e-05
1.15715e-05
1.88346e-05
9.83037e-06
3.78692e-05
7.40336e-06
2.52403e-05
2.99404e-05
8.90549e-06
9.42476e-06
3.70119e-05
2.37328e-05
7.66796e-06
4.00611e-05
4.68091e-06
1.15133e-05
7.43375e-06
1.20667e-05
8.20683e-06
1.5017e-05
2.70202e-05
5.82786e-06
6.61173e-06
