n=32
J=0.707107
eta=1
mu=0.139241
beta-optimal=0
max-overlap=0
0.238803
0.229313
0.232302
0.205648
0.188823
0.18427
0.171126
0.167317
0.16936
0.15322
0.140819
0.146419
0.142676
0.132496
0.137471
0.130527
0.122201
0.12456
0.122273
0.113379
0.111571
0.113305
0.114227
0.111748
0.109602
0.101838
0.0954426
0.0985797
0.0963725
0.0935544
0.0886061
0.086097
0.0897624
0.0856998
0.0864475
0.086154
0.0845845
0.0808063
0.0790825
0.079582
0.0783883
0.0807005
0.0752506
0.0720764
0.0758915
0.0715376
0.0694209
0.069668
0.0684672
0.0651701
0.0649269
0.0616603
0.0622121
0.0609999
0.0590252
0.0620388
0.0612259
0.0590935
0.0561186
0.0575815
0.0561743
0.0576015
0.0527095
0.0523339
0.0521705
0.0512754
0.051172
0.0515849
0.0478706
0.0490203
0.047528
0.0459148
0.0491559
0.0473786
0.0461193
0.0479707
0.0448179
0.0478817
0.0445337
0.0436097
0.0436921
0.0433322
0.0411866
0.0396712
0.0421133
0.0382942
0.0407164
0.0399343
0.0398399
0.0374775
0.0387216
0.0390786
0.0374468
0.0373909
0.0366017
0.036973
0.0365493
0.0361862
0.0367645
0.0339327
0.0357954
0.0352138
0.0333502
0.0327381
0.0320593
0.0343092
0.0320519
0.0315486
0.0320281
0.0328259
0.0331871
0.0311036
0.0301171
0.0292712
0.0302144
0.0304909
0.0296072
0.0287167
0.029987
0.0294543
0.0294408
0.0298392
0.0282061
0.0283155
0.0278884
0.0272763
0.026571
0.0261217
0.0262613
0.0266281
0.0257494
0.0260032
0.025671
0.0250921
0.0254283
0.0257839
0.0240459
0.0244882
0.0251271
0.0240891
0.024862
0.0240046
0.0235433
0.0239101
0.0230047
0.0225076
0.0225519
0.0225352
0.0236218
0.0218558
0.0214876
0.0216976
0.0229947
0.0216779
0.0214999
0.0204583
0.0212199
0.0214502
0.0206547
0.0203179
0.0198068
0.0198865
0.0198021
0.0190311
0.0196446
0.0191037
0.0184223
0.0185283
0.0194229
0.0177034
0.0184554
0.0179379
0.0177374
0.0174918
0.0173389
0.0175638
0.0172866
0.0173904
0.0166876
0.0173188
0.0171053
0.0170546
0.016388
0.0169552
0.016816
0.0164123
0.0167067
0.0158548
0.016335
0.0159655
0.0151177
0.0158323
0.0155332
0.0148028
0.0150653
0.0148152
0.0144498
0.0151708
0.0147055
0.014741
0.0145949
0.0142833
0.0137151
0.0136169
0.0141142
0.0133064
0.0134032
0.013923
0.0132579
0.0131124
0.0134681
0.0125703
0.0131255
0.0130583
0.0129018
0.0129263
0.0123113
0.0125752
0.0126436
0.0130335
0.0120613
0.0126416
0.0119317
0.0114261
0.0114454
0.0116446
0.0115405
0.0114674
0.0115523
0.011089
0.0116055
0.0109326
0.0111372
0.0110943
0.0112808
0.0106595
0.0107254
0.0104305
0.0100042
0.01043
0.0100525
0.0102799
0.00999606
0.00998929
0.00957538
0.00980178
0.00939422
0.00966827
0.00930265
0.00947201
0.00955068
0.00883107
0.00884265
0.00882812
0.00843331
0.00838651
