n=32
J=0.707107
eta=1.03797
mu=0.0126582
beta-optimal=0
max-overlap=0
1.7845e-12
3.95344e-11
1.52162e-11
1.29417e-11
1.01616e-11
2.20065e-12
1.33483e-11
5.67523e-12
2.22118e-12
5.35866e-12
3.56747e-12
9.01107e-13
9.69442e-13
2.84609e-12
8.30861e-12
2.7397e-12
2.67162e-12
5.47162e-12
3.05216e-12
2.48275e-12
1.90055e-12
8.95815e-12
9.34878e-13
2.40631e-12
9.34828e-13
1.65908e-12
4.76846e-13
1.94472e-12
6.13819e-13
5.16452e-13
2.38734e-12
1.44392e-12
2.98646e-12
1.58304e-12
6.18214e-13
1.05753e-12
9.47157e-13
3.99926e-13
3.70767e-12
1.63767e-12
6.35507e-13
1.30955e-12
2.9862e-13
2.70318e-12
8.87381e-13
1.19141e-12
6.14073e-13
1.70396e-12
7.13181e-13
1.47734e-13
2.12863e-12
1.93564e-12
6.20159e-13
2.79499e-12
4.27023e-13
6.97425e-13
2.38474e-13
1.08726e-12
3.74021e-13
9.68558e-13
3.59881e-12
5.69346e-13
6.78294e-13
8.46051e-14
1.18821e-12
9.53023e-13
4.49135e-13
9.69509e-13
3.2923e-13
4.44156e-13
7.40165e-13
4.1776e-13
6.3858e-13
3.15446e-13
1.46088e-12
2.85281e-13
1.42515e-12
3.43039e-13
7.6514e-14
7.99797e-13
1.46666e-12
9.67404e-14
8.10993e-13
7.48886e-14
8.81225e-13
1.48992e-13
5.8142e-13
1.50906e-12
2.12291e-13
3.24809e-13
1.5517e-13
4.19952e-13
1.52108e-13
8.54505e-13
4.03993e-13
1.31223e-13
1.20857e-12
1.27685e-12
2.23723e-13
2.94365e-13
4.93e-13
1.20272e-13
9.39208e-13
8.48948e-13
5.1895e-13
9.57616e-14
8.79465e-13
1.0145e-12
4.85788e-13
1.55487e-13
4.21711e-13
8.40258e-13
1.05707e-13
3.81063e-13
2.5837e-13
1.93777e-13
8.57471e-14
6.23502e-13
5.75115e-13
3.39795e-13
1.97578e-13
3.96978e-13
3.51007e-13
1.26906e-13
1.02404e-12
2.07623e-14
4.05829e-13
1.67528e-13
6.42158e-13
6.07169e-13
4.26368e-13
1.7919e-13
4.37079e-13
3.5625e-13
5.78645e-13
2.98597e-13
7.9576e-13
1.41362e-13
2.55971e-13
1.81113e-13
4.54665e-13
2.32071e-13
1.48627e-13
2.29037e-13
3.51597e-13
8.44254e-13
9.18393e-14
1.25026e-12
1.09051e-13
1.86833e-13
8.50497e-14
2.02756e-13
2.20592e-13
1.33444e-13
2.89744e-13
1.02164e-13
1.55386e-13
8.35596e-14
7.05327e-13
1.33227e-12
6.69119e-13
6.08922e-13
2.29201e-13
3.46745e-13
2.80498e-13
1.03634e-13
4.34047e-13
2.15689e-13
4.13004e-13
4.00164e-14
4.60285e-13
1.60994e-13
1.2942e-13
7.44073e-14
1.31318e-13
1.10163e-13
4.58299e-13
1.48354e-13
3.17648e-13
3.37295e-14
6.38968e-13
3.98307e-13
1.20279e-13
1.09534e-12
1.4445e-13
8.48769e-13
2.59401e-13
2.71603e-13
1.34441e-13
9.25902e-14
5.63716e-14
9.96442e-14
3.16873e-13
4.26881e-13
2.24278e-13
1.64109e-13
9.74131e-13
9.65302e-14
1.24551e-13
1.0248e-13
7.546e-13
1.93225e-13
6.28097e-14
1.59484e-13
3.28412e-13
7.29301e-13
3.01354e-13
1.23817e-12
4.06555e-13
2.54848e-13
9.89967e-13
9.38066e-13
3.1018e-13
1.73773e-14
2.42059e-13
5.53445e-14
4.34054e-13
2.65881e-13
4.57859e-14
2.92145e-13
1.67875e-13
1.12617e-13
2.56623e-13
4.23086e-13
1.2403e-13
4.43404e-14
4.16099e-13
4.40506e-14
8.97728e-14
2.84132e-13
2.56997e-13
1.96612e-13
4.06634e-13
1.86797e-13
8.73789e-13
1.68663e-13
2.17196e-13
1.96888e-13
2.91804e-13
1.56068e-13
4.35199e-13
1.03594e-12
2.70369e-13
1.42332e-13
1.69161e-13
8.35907e-13
1.00534e-13
8.49937e-13
3.51844e-13
1.82066e-14
2.73868e-13
2.27243e-13
1.31235e-14
2.64163e-13
5.0875e-13
2.48826e-13
