n=32
J=0.707107
eta=1
mu=0.101266
beta-optimal=0
max-overlap=0
0.360075
0.293889
0.250568
0.232327
0.217481
0.199133
0.202453
0.156537
0.165228
0.171392
0.161898
0.156153
0.132934
0.12357
0.138148
0.13269
0.107949
0.109126
0.104041
0.098618
0.102896
0.0930673
0.0918675
0.0835158
0.0883807
0.0865873
0.083381
0.0774896
0.0773724
0.0722587
0.0759815
0.0681842
0.0665204
0.0695238
0.0751409
0.0576069
0.0616738
0.0623285
0.0621646
0.0539553
0.0563398
0.0541723
0.0614392
0.0556906
0.0569012
0.0536729
0.0509397
0.0461615
0.0491186
0.0510944
0.0477447
0.0479494
0.0451625
0.0450506
0.0432173
0.0446785
0.0432718
0.0391748
0.0399473
0.0390838
0.0406933
0.0373934
0.0372539
0.0391202
0.0373184
0.0394454
0.0382399
0.0316148
0.0307736
0.0322017
0.0309068
0.0354399
0.0343286
0.031888
0.0319385
0.0310794
0.0309634
0.029804
0.0306333
0.0299336
0.0300476
0.0289452
0.028457
0.0296224
0.0289531
0.0263246
0.0259601
0.0273283
0.0255528
0.0246861
0.0252184
0.0247993
0.0240376
0.0231106
0.0242561
0.0244355
0.0235269
0.0223177
0.0220708
0.023627
0.0216905
0.0232842
0.0211683
0.0214669
0.0204687
0.0208906
0.0197044
0.0201344
0.0207983
0.0204311
0.0222818
0.0186764
0.018257
0.0183506
0.0183832
0.0188204
0.0189763
0.0188809
0.0186659
0.0185336
0.0170708
0.0174703
0.0166398
0.0175797
0.0165829
0.017388
0.017027
0.0160753
0.0158816
0.0158302
0.0164038
0.0161906
0.0152632
0.0158901
0.0149612
0.0150476
0.0154439
0.0146115
0.0139894
0.0135352
0.0145644
0.0136365
0.0146126
0.0144165
0.014092
0.0132934
0.0127633
0.0132876
0.0127574
0.0133324
0.0135728
0.0131293
0.0123899
0.0133478
0.0129002
0.0118583
0.0124524
0.0133814
0.0121976
0.0120712
0.0119501
0.0122396
0.0118775
0.011994
0.0113037
0.0106691
0.0112497
0.0103752
0.0103601
0.0110726
0.0107834
0.0110127
0.0103929
0.0105129
0.0107596
0.0107017
0.00968729
0.00999511
0.0107442
0.00996043
0.010165
0.00976261
0.0100157
0.00963481
0.00964611
0.00924022
0.00887396
0.00949498
0.00934108
0.00932618
0.00956227
0.00904781
0.00921199
0.00884106
0.00873703
0.00841628
0.00872124
0.00874959
0.00855457
0.00773344
0.00851523
0.00792097
0.00836839
0.00804978
0.00837854
0.00780998
0.00805099
0.00746807
0.0074069
0.0077923
0.00776165
0.00726455
0.00739899
0.00748045
0.0072012
0.00705785
0.00710145
0.00706064
0.00734501
0.00707385
0.00712753
0.00691006
0.00706772
0.00658834
0.00689801
0.00687657
0.00659999
0.00641301
0.00654507
0.006132
0.00638874
0.00637772
0.0062814
0.00616037
0.00589505
0.00580584
0.00585669
0.00598714
0.00590526
0.00577533
0.00548894
0.00574103
0.00562282
0.00550563
0.00547394
0.0053883
0.00534573
0.00516363
0.00554099
0.00487369
0.00493446
0.0049964
0.00505647
0.00504078
0.00450601
0.00448377
