n=32
J=0.707107
eta=1.06329
mu=0.0607595
beta-optimal=0
max-overlap=0
0.00169342
0.0154365
0.00773699
0.0102502
0.00885092
0.00522584
0.00210411
0.000452377
0.000768556
0.000678702
0.00151583
0.00289072
0.00321182
0.00392981
9.76636e-05
0.00215866
0.00317578
0.00336188
0.00272918
0.000700681
0.00125327
0.00300601
0.00251824
0.000528037
0.00133495
0.00194287
0.000654996
0.00143834
0.000799874
0.00112237
0.00338421
0.00077748
0.000384067
0.000940595
0.00165357
0.00128441
0.000291086
0.000525744
0.000101405
0.00112853
0.000274381
0.000151541
0.00189327
0.000548506
0.000423808
0.000157129
0.00120545
0.000644017
0.000347628
0.00100037
0.00152682
0.000917082
0.00057274
0.00217919
2.56282e-05
0.000171468
0.000649431
0.000363809
0.00138542
0.00144967
0.00070322
0.000463771
0.000277035
0.00043895
6.82004e-05
0.00112501
0.000590958
0.000399504
0.00108897
3.69399e-05
0.000985347
0.000751468
0.000167739
0.000264996
0.000666258
0.00165466
0.000468912
0.000260333
0.000490467
0.000290729
0.000634806
0.000133995
0.000146633
0.000867951
0.000582282
0.000591632
0.000109759
1.07266e-05
2.94289e-05
0.000453697
0.000278265
0.000381167
0.000732876
0.00026472
0.000383849
0.00023565
0.000697732
0.000233076
0.000524751
0.000144353
0.000817551
0.000433889
0.000544362
0.000583287
0.000366217
0.000407107
0.000639126
3.53948e-05
0.000767877
0.000100267
0.000330145
6.12552e-05
2.81515e-05
0.00038659
0.000236519
0.000235283
0.000240893
2.34741e-07
6.93535e-05
0.000733557
0.000410796
0.000119415
0.000294002
0.000207669
0.000375778
0.000483352
0.000108491
0.000523461
1.34121e-05
9.62232e-05
0.000124009
0.00064127
4.49768e-05
0.000177378
0.000683639
9.6073e-05
0.000422722
7.88891e-05
0.000264943
0.000167102
8.74053e-05
5.58867e-05
0.000293905
0.00072658
0.0009748
0.000152293
0.000604691
7.89357e-05
0.000272236
3.61349e-05
0.000593344
4.58467e-06
0.000441128
1.90074e-05
0.000173136
8.01135e-05
0.000277296
8.8269e-05
0.000187967
0.00049795
0.000243882
0.000192767
0.000136627
1.25699e-05
0.000146034
0.000259172
0.000245296
0.000528176
7.92622e-05
2.98067e-05
0.000294158
4.91595e-05
0.000334577
0.000145232
7.7314e-05
0.00020078
0.000173458
0.000170974
0.000143659
0.000463607
0.000255452
1.31461e-05
9.79231e-05
6.90084e-05
0.000308851
0.000188974
8.84568e-05
0.000109526
0.000359154
0.000399123
0.000113894
8.18747e-05
8.35315e-05
2.31855e-05
0.000179437
0.000154688
4.54763e-05
8.58319e-05
6.02395e-05
0.000308453
9.69096e-05
4.93052e-05
1.28848e-05
0.000126813
2.60879e-05
8.45619e-05
2.85917e-06
4.17414e-05
8.80405e-05
8.27895e-05
0.000121809
0.000153454
0.000248704
1.68902e-05
0.000332081
3.40537e-05
0.000170046
0.000395955
0.000418463
6.06272e-05
0.000237806
0.000635617
0.000114386
0.000337702
8.45621e-05
5.7342e-05
0.000234648
6.51917e-05
0.0001356
0.0004098
9.30284e-05
0.000186376
0.000135964
0.000231545
2.91765e-05
5.15671e-05
6.7532e-05
2.31741e-05
2.35856e-05
0.000140421
0.000229403
0.000232461
0.000217194
0.00017861
0.00013485
0.00020267
0.000134769
0.000185826
0.000188572
0.00021113
0.000153375
0.000362914
0.000191936
0.000224895
0.000340042
9.56878e-05
