n=32
J=0.707107
eta=1
mu=0.043038
beta-optimal=0
max-overlap=0
0.54959
0.373248
0.303738
0.255026
0.201534
0.198449
0.128962
0.121794
0.124678
0.108896
0.0815934
0.077619
0.0962686
0.0748361
0.076458
0.07904
0.0838489
0.0627437
0.0580776
0.0497576
0.0425364
0.0479474
0.0376903
0.0381702
0.0333453
0.0422438
0.0455884
0.0388097
0.0307944
0.0265864
0.0320476
0.0320856
0.0281628
0.022842
0.0209354
0.0216794
0.0240837
0.0211004
0.0244961
0.0246543
0.019443
0.0199623
0.0212619
0.0201582
0.0177275
0.0184343
0.0168759
0.0140777
0.0162055
0.0141336
0.0197124
0.0135514
0.0155182
0.0134532
0.0132854
0.0145592
0.012338
0.0126296
0.0144874
0.0154848
0.00968051
0.011791
0.0114875
0.0130007
0.0138333
0.0141146
0.00947948
0.0107487
0.0104997
0.00955006
0.00918886
0.0101782
0.00852007
0.011255
0.00847976
0.00970942
0.00898911
0.00790554
0.00807006
0.00831338
0.0081453
0.00829615
0.00712743
0.00671065
0.00634862
0.00677037
0.00845117
0.00837817
0.00640071
0.00696035
0.00563792
0.00643648
0.00621681
0.00655029
0.00601156
0.00583297
0.00494294
0.00529993
0.00546432
0.00648912
0.00591181
0.00490783
0.00557343
0.00552516
0.00488241
0.00485302
0.00592815
0.00575611
0.00406333
0.00470798
0.00503664
0.00374692
0.00386294
0.00464975
0.00534826
0.00415141
0.0046576
0.00401786
0.00446759
0.00376802
0.00539291
0.00540728
0.0038556
0.00410207
0.00416805
0.00378079
0.00345695
0.00404966
0.00360917
0.00400313
0.00373822
0.00349261
0.00335231
0.00346162
0.003172
0.0032841
0.00335866
0.00318789
0.00332143
0.00298475
0.0030721
0.00287277
0.00306611
0.00322688
0.00299222
0.00259517
0.00256446
0.00340133
0.00259182
0.00302725
0.00339082
0.00264673
0.00256178
0.00268967
0.00312138
0.00252681
0.00237124
0.00217128
0.00311272
0.00220982
0.00218376
0.00251016
0.00281392
0.00235312
0.00223128
0.00243059
0.00240971
0.00261831
0.0020899
0.00192805
0.0025443
0.00231001
0.00215249
0.00245444
0.00206109
0.00208964
0.00224642
0.00216021
0.00219018
0.00206653
0.00191042
0.00195572
0.00189246
0.00191079
0.00185414
0.00196712
0.00179662
0.00184756
0.00175367
0.00171804
0.00161867
0.00184473
0.00181059
0.00170557
0.00181337
0.00167256
0.00192818
0.00168854
0.00173397
0.00202394
0.00173316
0.0015152
0.00154273
0.00189414
0.00161285
0.00136853
0.0016145
0.00155306
0.00153163
0.0013628
0.00149418
0.00136867
0.00125267
0.00153915
0.00131016
0.00129291
0.0013565
0.00131548
0.00133317
0.00136085
0.00132404
0.00121695
0.00123816
0.00127314
0.00114512
0.0012229
0.00125543
0.00131783
0.0012534
0.00115741
0.00108149
0.00113373
0.00121283
0.00113893
0.00126261
0.00121313
0.00118146
0.000989141
0.00102851
0.000988625
0.00111192
0.001131
0.00103913
0.00104853
0.00100896
0.000976445
0.00105645
0.000863902
0.000853731
0.000943731
0.000777214
0.00076806
0.000739038
0.000763571
0.000954129
0.000718995
