n=32
J=0.707107
eta=1.79747
mu=0.116456
beta-optimal=0
max-overlap=0
1.41552e-12
7.00634e-13
7.21579e-13
9.54684e-13
1.9639e-13
9.22564e-13
1.07504e-12
7.9401e-13
8.35297e-13
2.21554e-12
1.14166e-12
3.51557e-13
1.18406e-12
2.48491e-13
2.25692e-12
3.92717e-13
2.00918e-12
6.51483e-13
3.56107e-13
8.97136e-13
1.01508e-12
4.98319e-13
7.49485e-13
2.3742e-13
8.63159e-13
2.24764e-13
6.49063e-13
8.38947e-13
6.43808e-13
6.54802e-13
9.30503e-13
2.49543e-13
1.07146e-12
5.46856e-14
5.24966e-13
1.47689e-13
1.13335e-12
6.08621e-13
1.53466e-13
4.90554e-13
5.39206e-13
8.42234e-14
2.52666e-13
5.24199e-13
1.59795e-13
6.89947e-13
1.2824e-12
1.61382e-13
7.00113e-13
3.87288e-13
3.76249e-13
1.34311e-13
6.83263e-14
3.85292e-13
4.30966e-13
7.38043e-13
2.60593e-13
1.55858e-13
2.92542e-13
3.89774e-13
9.30778e-13
2.21375e-13
3.03074e-13
2.72787e-13
5.48887e-13
5.36338e-13
3.61265e-13
2.89299e-13
2.53711e-13
3.68552e-13
7.11629e-13
7.68917e-14
3.33311e-13
3.74949e-13
3.71889e-13
4.81905e-13
5.46404e-13
9.59017e-14
1.14962e-12
5.09526e-13
8.18941e-13
2.42582e-13
2.54167e-13
3.22975e-13
1.52244e-13
3.63499e-13
4.4298e-13
6.28587e-13
8.33334e-13
3.66373e-13
4.03326e-13
6.87826e-13
3.67486e-13
5.62985e-13
1.48683e-13
1.2627e-13
2.09016e-13
2.01539e-13
1.10946e-13
1.52068e-13
5.84846e-13
4.88902e-13
2.76135e-13
4.74959e-13
1.16162e-13
1.14349e-13
7.11459e-13
1.88143e-13
5.46392e-13
1.34393e-13
2.03683e-13
5.09091e-13
4.76983e-13
1.72679e-13
3.5107e-13
3.83412e-14
9.94532e-14
1.8736e-13
1.53109e-13
1.765e-13
1.32236e-13
1.93389e-13
5.61196e-13
2.9787e-13
6.30207e-14
4.29791e-13
5.27256e-13
2.48412e-13
1.4164e-13
3.18236e-13
2.83362e-13
3.33314e-14
1.25417e-13
1.79526e-13
3.92928e-13
2.96402e-13
8.90061e-14
1.42591e-13
1.96181e-13
3.15127e-13
2.02601e-13
1.33873e-13
2.00235e-13
1.61666e-13
1.16765e-13
3.63026e-13
4.96211e-14
2.53895e-14
1.20432e-13
9.96817e-14
2.97927e-13
3.20567e-13
3.02052e-13
1.07096e-13
3.2973e-13
2.88625e-13
1.72692e-13
2.36427e-13
1.26362e-13
5.86132e-13
1.44112e-13
9.71365e-14
2.03043e-13
2.40818e-13
1.3622e-13
2.28034e-13
3.70508e-14
7.32881e-14
2.12232e-13
3.83414e-13
3.17372e-13
2.14775e-13
6.4314e-14
3.63096e-13
1.89544e-13
4.14062e-13
4.75782e-14
1.82723e-13
1.74559e-13
1.40945e-13
1.38513e-13
2.3241e-13
5.56515e-13
1.3689e-13
3.76441e-13
1.45985e-13
5.3761e-13
2.45026e-13
4.5283e-13
1.52303e-13
2.09664e-13
1.67249e-13
1.2754e-13
3.66692e-13
4.72068e-13
2.48713e-13
3.56991e-13
1.28628e-14
3.80354e-13
4.4461e-14
1.76426e-13
1.21304e-13
1.31375e-13
1.85086e-13
4.34575e-13
9.28716e-14
1.35082e-13
6.33307e-14
1.63451e-13
1.43953e-13
3.85679e-13
1.34617e-13
9.65741e-14
1.47312e-13
2.72018e-13
6.46554e-14
9.73914e-14
4.16747e-13
2.90133e-13
1.168e-13
1.38016e-13
1.6039e-13
2.4837e-13
1.02226e-13
1.53322e-13
1.18276e-13
1.67604e-13
2.44256e-13
3.8332e-13
3.54306e-13
1.45221e-13
3.09916e-13
1.90654e-13
1.33748e-13
1.11242e-13
1.74264e-13
1.98626e-13
1.5098e-13
1.74728e-13
1.99316e-13
2.55961e-13
6.09988e-14
1.23929e-13
1.53416e-13
1.79511e-13
1.96381e-13
2.07038e-13
3.71201e-13
5.36207e-13
8.19943e-13
1.58401e-13
2.84627e-13
1.72146e-13
1.28737e-13
3.26337e-13
3.69154e-13
