n=32
J=0.707107
eta=1.06329
mu=0.0177215
beta-optimal=0
max-overlap=0
9.16438e-12
4.45779e-12
5.86571e-12
2.56862e-12
1.02642e-11
1.05915e-11
2.73885e-12
2.99884e-12
6.02106e-12
2.13111e-12
1.97313e-12
2.26292e-12
4.31759e-12
6.36962e-12
1.25647e-12
2.98157e-12
7.26045e-12
1.11422e-12
4.67502e-12
1.0541e-12
8.90858e-13
1.21781e-12
2.7876e-12
1.55102e-12
7.41236e-13
1.16865e-12
6.59368e-13
7.99144e-13
8.14645e-13
3.51175e-13
4.1055e-12
1.7912e-12
6.90057e-13
7.95267e-13
2.18589e-12
2.87521e-12
7.11544e-13
1.70148e-12
8.14468e-13
1.57743e-12
1.13849e-12
4.46949e-13
8.74892e-13
3.72866e-12
6.05445e-13
1.09914e-12
9.79135e-13
2.12817e-12
6.31758e-13
1.56252e-12
8.61376e-13
3.30187e-13
1.88663e-12
1.33143e-13
2.41148e-13
4.29293e-13
5.28504e-13
8.85621e-13
6.78216e-13
5.13609e-13
8.85227e-13
1.10064e-12
5.66296e-14
2.94352e-13
1.62228e-13
2.18477e-13
9.18818e-13
1.99416e-13
8.39455e-13
2.66758e-13
2.94571e-13
9.28126e-13
1.20195e-13
1.16772e-12
3.99038e-13
3.8204e-13
5.17796e-13
5.03737e-13
3.01946e-13
9.1941e-13
1.60297e-13
5.55004e-13
3.2168e-13
2.39919e-13
8.56925e-14
1.50811e-13
2.39105e-13
2.96841e-13
7.9765e-13
4.33577e-13
6.39635e-13
1.58708e-13
6.34458e-13
3.66645e-13
9.03507e-13
6.85417e-13
5.52338e-13
5.36884e-13
1.79743e-12
3.45582e-14
8.4576e-13
5.66354e-13
3.72066e-13
3.53236e-13
4.11472e-13
2.75839e-13
3.14412e-13
1.62239e-13
5.67816e-13
1.87167e-13
8.73442e-14
1.43004e-13
5.31155e-13
2.20503e-13
5.28596e-13
2.8291e-13
2.22371e-13
6.04435e-13
7.94305e-14
3.64352e-13
3.11941e-13
4.5785e-13
7.63342e-14
2.0909e-13
6.53629e-13
1.69407e-13
5.27259e-13
2.35407e-14
9.05052e-14
6.11186e-13
2.70281e-13
4.40746e-14
4.44129e-13
4.07279e-13
4.26765e-13
4.17221e-13
1.20989e-13
2.8565e-13
7.47569e-13
2.10302e-13
2.63107e-14
2.68272e-14
1.70654e-13
2.03216e-13
1.95664e-13
6.69452e-13
8.63165e-13
1.38715e-13
2.77936e-13
5.99071e-13
4.83816e-13
4.17843e-13
9.01673e-13
1.57452e-12
3.67732e-13
4.19674e-13
7.18052e-13
1.6414e-13
2.98139e-13
1.84339e-13
2.50991e-13
3.06494e-13
1.72598e-13
5.40272e-14
1.57737e-13
5.01408e-13
5.45704e-13
8.63387e-14
1.30959e-13
4.34801e-13
1.43675e-13
4.56263e-14
1.16403e-13
9.8463e-14
3.01579e-13
6.01528e-13
2.86923e-13
4.24474e-14
3.95158e-13
1.44881e-13
2.89863e-13
9.96619e-14
3.39872e-13
1.10249e-13
2.93504e-13
5.8104e-13
2.73814e-13
8.39024e-13
5.68558e-14
1.44481e-13
3.65707e-13
1.81078e-13
4.19652e-13
5.9019e-14
5.26703e-14
2.2755e-13
1.51034e-13
4.00995e-14
7.87572e-13
1.19328e-13
4.12289e-13
7.225e-13
1.36382e-12
5.37852e-13
1.99592e-13
6.38896e-13
4.15131e-13
2.35062e-13
5.67153e-13
2.08313e-13
7.20229e-14
8.50134e-14
7.96003e-14
7.36473e-14
4.2852e-13
1.22806e-13
7.85651e-13
3.27356e-13
9.73577e-13
6.479e-14
1.00933e-13
1.37612e-13
1.17567e-13
1.43132e-13
3.66353e-13
3.86056e-14
1.71837e-13
5.62113e-14
2.9329e-13
6.39515e-13
6.74103e-14
1.53821e-13
8.67106e-14
1.44473e-14
3.52316e-13
5.17358e-13
2.07853e-13
2.47412e-13
3.9067e-13
8.54159e-13
3.45686e-13
8.27444e-14
9.05605e-14
1.96104e-13
3.0588e-13
3.35217e-13
4.61527e-13
1.236e-13
1.2357e-13
3.02763e-13
7.19406e-14
4.43789e-13
1.30581e-13
1.14614e-13
1.09435e-13
6.10598e-13
