n=32
J=0.707107
eta=1.01266
mu=0.0582278
beta-optimal=0
max-overlap=0
8.88894e-11
3.31905e-11
6.41735e-11
1.60609e-11
2.59207e-12
2.40549e-11
8.64883e-12
3.09661e-11
5.95393e-11
2.70545e-11
1.82978e-11
2.1475e-11
2.15979e-11
4.50977e-11
9.51831e-12
9.65216e-12
2.34475e-11
1.1823e-11
2.02411e-11
2.16694e-11
8.50628e-12
4.75446e-12
2.39222e-11
4.7469e-12
2.30988e-11
7.99464e-12
6.31937e-13
9.24578e-12
1.36753e-11
8.34917e-12
8.38581e-12
7.19769e-12
6.69583e-12
1.37179e-11
4.46856e-12
9.17221e-12
2.69682e-12
9.81844e-12
5.77651e-12
5.12575e-12
3.94714e-12
5.74095e-12
9.68225e-12
2.9799e-12
7.73645e-12
1.03808e-11
3.4902e-12
6.87307e-12
2.23353e-12
5.431e-12
6.20738e-12
5.68807e-12
2.67103e-12
2.03733e-12
9.17e-13
2.58143e-12
6.28446e-12
3.96202e-12
5.84065e-12
4.11762e-12
5.11845e-12
4.24022e-12
3.24112e-12
5.80688e-12
4.1356e-12
2.27651e-12
5.61653e-12
4.56325e-12
2.44109e-12
3.14463e-12
5.33818e-12
8.96729e-13
3.78111e-12
3.11527e-12
3.47251e-12
2.88851e-12
5.78504e-12
1.88891e-12
3.15526e-12
2.53421e-12
4.995e-12
6.14462e-12
1.15712e-12
1.57879e-12
8.50415e-13
8.60108e-13
1.16874e-12
9.45633e-13
2.88177e-12
8.7753e-13
2.49907e-12
3.06538e-12
7.11215e-13
8.35884e-13
3.53825e-12
3.21579e-12
7.57236e-13
3.79346e-12
4.33143e-12
5.63115e-13
3.73609e-13
2.13686e-12
2.786e-12
9.96742e-13
2.11024e-12
2.21196e-12
2.15245e-12
1.00483e-12
2.48316e-12
2.23938e-12
3.067e-12
8.89754e-13
1.50703e-12
1.72743e-12
2.66525e-12
2.31489e-12
2.62187e-12
1.44372e-12
1.5133e-12
2.5179e-12
3.1634e-13
2.48314e-12
2.51071e-12
1.33549e-12
2.77511e-12
9.74921e-13
2.15743e-12
2.58151e-12
1.95075e-12
2.76913e-13
1.98594e-12
1.1271e-12
2.71617e-12
1.21576e-12
1.01571e-12
7.52842e-13
2.31518e-12
8.80561e-13
1.79077e-12
1.33249e-12
9.26591e-13
1.44369e-12
2.13009e-12
3.53489e-13
1.59549e-13
5.12734e-13
1.43576e-12
4.182e-13
6.10987e-13
4.01645e-13
1.47868e-12
4.54146e-13
1.77687e-12
1.20613e-12
4.03957e-13
3.3237e-13
3.67399e-13
2.3283e-12
9.41068e-14
2.12416e-12
3.14085e-13
1.13601e-12
7.25547e-13
7.98687e-13
1.66188e-12
4.50407e-13
1.22636e-12
6.17082e-13
2.10027e-12
9.23454e-13
8.80302e-14
3.00437e-13
1.32481e-12
1.06851e-12
5.63457e-13
6.77228e-13
1.22191e-12
5.5117e-13
3.25727e-12
1.93739e-13
8.20841e-13
9.4131e-13
1.26507e-12
9.70551e-13
4.19868e-13
8.84393e-13
6.12606e-13
3.04573e-13
3.70649e-13
8.79536e-13
2.83654e-12
6.58727e-13
4.78067e-13
8.70304e-13
4.07689e-13
5.33176e-13
4.17925e-13
1.08101e-12
1.00912e-12
4.34701e-13
7.5584e-13
7.86306e-13
3.0874e-13
5.0506e-13
8.03664e-13
7.66876e-13
2.03679e-12
1.25122e-12
8.96329e-13
1.37149e-12
9.36079e-13
1.24469e-12
4.43748e-15
1.03745e-12
1.70518e-12
6.58971e-13
9.25362e-13
5.6676e-13
3.74125e-13
1.97777e-13
1.24396e-12
1.13508e-12
2.3886e-13
7.22682e-13
6.08379e-13
1.05823e-12
8.81187e-13
3.01843e-13
1.41199e-12
9.62339e-13
8.66776e-13
2.38262e-13
1.44023e-12
3.21068e-13
1.05564e-12
1.14258e-12
4.56121e-13
6.30758e-13
4.06427e-13
3.98659e-14
3.07348e-13
2.08908e-13
3.17808e-13
5.64088e-13
8.16574e-13
7.33992e-13
9.01257e-13
2.87771e-13
4.60461e-13
1.67162e-13
2.53429e-13
4.42324e-13
1.63713e-13
3.43867e-13
4.11416e-13
4.60946e-13
