n=32
J=0.707107
eta=1.08861
mu=0.0177215
beta-optimal=0
max-overlap=0
0.000548222
0.00177801
0.000194358
0.00246062
0.00118238
0.00126269
0.000588128
0.000583937
0.00092386
0.000518664
0.00025649
1.07941e-05
0.000729088
7.87631e-05
0.000490703
0.000480482
0.00156676
0.000306601
9.40143e-05
0.00041548
6.72547e-05
0.000481395
2.71507e-05
2.49696e-05
5.43734e-05
6.10413e-05
0.000110746
0.000244236
0.000402885
0.000276045
1.53084e-05
0.000246451
7.60747e-05
0.000177285
6.64967e-05
8.54325e-05
0.000165862
0.000163874
0.000363087
4.96374e-05
0.000216687
0.000296928
6.20484e-05
0.000174202
0.000167512
3.68433e-05
8.96834e-05
0.00012948
0.000117232
9.17513e-05
5.91273e-05
0.000234359
0.000115198
8.94096e-05
0.000242512
7.54199e-05
0.000312966
0.000112708
0.000361021
0.00047043
5.69732e-06
0.000376666
0.000199051
3.6908e-06
0.000105939
7.51231e-05
0.00012844
8.93584e-05
2.56553e-05
0.000160802
4.68242e-05
0.000144521
0.00021332
7.34386e-05
0.000126173
0.000122234
0.000216551
5.44994e-05
9.1722e-05
0.000244472
4.11823e-05
0.000132442
3.13996e-06
9.51229e-05
4.58828e-05
9.01444e-06
7.59274e-05
2.34155e-05
8.52344e-05
5.32284e-05
2.12141e-05
7.27046e-05
4.77444e-05
0.000155388
7.05576e-05
2.85147e-05
0.000108389
2.05073e-05
3.32288e-05
4.5635e-05
3.20701e-06
2.5457e-05
1.34736e-05
1.81233e-05
0.000202556
4.82397e-05
9.02191e-05
0.000130537
4.83818e-05
5.72391e-05
5.35554e-05
0.000224363
2.20558e-05
1.43747e-05
5.50717e-05
8.91848e-05
1.37286e-05
2.37004e-05
4.40591e-05
1.10615e-05
4.3119e-05
3.09603e-05
0.000168133
8.30215e-05
1.04711e-05
0.00016363
1.31299e-05
1.1823e-05
8.31822e-05
9.57601e-05
0.000140279
1.9828e-05
1.66377e-05
7.074e-06
5.40196e-05
1.61983e-05
4.51812e-06
7.1528e-05
5.62012e-05
8.39835e-05
0.000134845
2.48706e-05
0.000100093
1.10291e-05
4.67301e-06
0.000133911
0.000129381
0.00021795
5.6811e-06
0.00021804
4.09492e-05
4.20636e-05
7.08212e-05
2.88498e-05
3.38827e-05
4.42389e-05
1.92151e-05
0.00010344
2.00716e-05
0.000245136
1.38058e-05
3.00352e-05
0.000199079
3.68144e-05
5.17798e-05
9.22087e-06
6.54529e-05
1.37499e-06
3.54912e-05
0.000235451
5.00503e-05
5.50098e-05
8.22343e-05
6.71353e-06
1.74363e-05
1.29807e-05
0.000128619
1.77663e-05
3.18303e-06
4.64497e-07
2.56718e-05
4.42493e-05
1.97123e-05
0.000101232
7.06515e-05
2.95603e-05
7.25588e-05
1.59723e-05
6.57276e-06
2.34023e-05
0.000113973
0.000140047
2.98133e-05
2.4537e-05
4.59241e-07
2.34893e-05
0.000223082
4.45948e-05
0.0001865
0.00011366
1.02687e-05
1.85446e-05
1.80059e-05
9.11104e-05
1.89241e-05
0.00015814
4.37636e-05
2.77102e-05
2.71745e-06
1.24876e-05
6.29262e-06
0.000135529
2.10766e-05
3.49237e-05
6.87908e-05
8.25394e-05
9.03611e-05
3.10753e-05
1.00883e-05
1.01914e-05
2.24874e-05
3.86964e-06
6.39257e-05
1.53148e-05
0.000110385
2.63893e-05
2.70868e-05
0.000101052
8.16319e-06
3.34538e-06
0.0001422
4.18216e-06
0.000149609
2.95843e-05
1.15821e-05
5.10135e-05
1.77724e-05
5.19968e-06
9.33612e-05
4.10522e-05
0.000127711
2.67978e-05
8.08098e-05
1.17656e-06
0.000111412
5.4225e-05
0.000144743
1.02093e-05
5.97554e-05
0.000120309
5.30215e-05
8.90551e-05
4.49537e-05
9.74419e-05
3.54335e-05
3.58245e-05
