n=32
J=0.707107
eta=1.01266
mu=0.0101266
beta-optimal=0
max-overlap=0
0.000489713
0.00325638
0.000659107
0.00357908
0.00150628
0.00147561
0.000521821
0.000578156
0.00083704
0.000503996
0.000167077
7.80008e-06
0.000593796
7.76483e-06
0.000313723
0.000373102
0.00114214
0.000177382
4.45841e-05
0.000200473
6.46643e-05
0.000362193
4.70441e-05
3.1865e-05
1.46366e-05
4.58551e-05
6.88667e-05
0.000123666
0.000294787
0.000133127
1.0667e-05
0.000157728
5.60317e-05
0.000122057
4.34332e-05
4.41315e-05
0.000128574
8.4384e-05
0.00023272
6.39395e-05
0.000148215
0.000191229
3.13397e-05
6.72488e-05
0.000118785
3.86308e-05
6.88617e-05
8.85949e-05
7.74755e-05
6.08397e-05
2.08868e-05
0.000117538
8.33144e-05
5.94317e-05
0.000156039
2.30037e-05
0.000205284
5.71049e-05
0.000223841
0.000309598
3.59853e-06
0.000236575
0.000127968
1.56756e-05
4.48742e-05
4.35452e-05
7.59851e-05
4.81307e-05
9.4931e-06
0.000110611
5.12744e-05
8.40945e-05
0.000142853
5.36162e-05
7.59328e-05
6.69287e-05
0.000138098
3.37861e-05
5.36083e-05
0.00012921
2.13873e-05
8.19187e-05
5.99644e-06
6.40847e-05
2.90902e-05
2.45652e-06
2.61965e-05
1.62973e-05
4.52715e-05
3.19625e-05
1.15426e-05
4.13766e-05
2.77115e-05
9.82589e-05
3.79723e-05
3.61697e-06
7.05101e-05
1.48749e-05
1.85205e-05
2.70753e-05
4.76691e-06
2.32058e-05
1.23993e-05
5.72235e-06
0.000126002
3.2668e-05
4.18048e-05
8.5354e-05
2.79746e-05
3.03561e-05
3.52761e-05
0.000138914
1.06908e-05
8.0386e-06
3.04608e-05
5.68871e-05
6.43633e-06
1.52512e-05
2.82561e-05
5.45501e-06
2.24434e-05
1.50687e-05
0.000104667
3.82591e-05
5.95288e-06
0.000103894
2.57675e-06
5.68169e-06
4.7372e-05
4.54574e-05
8.61073e-05
1.33744e-05
1.32492e-05
7.05732e-06
2.87134e-05
8.49e-06
5.51581e-06
3.55595e-05
3.04624e-05
3.66076e-05
8.81107e-05
1.08337e-05
5.92301e-05
1.40119e-05
1.3067e-07
8.15334e-05
6.34687e-05
0.000135117
3.5267e-06
0.000134623
2.49975e-05
1.56665e-05
4.02401e-05
2.0161e-05
1.76852e-05
2.31168e-05
5.59044e-06
6.14399e-05
3.85879e-06
0.000149659
2.65018e-07
2.01268e-05
0.000119268
1.90841e-05
3.16158e-05
8.27466e-07
3.029e-05
5.07906e-08
1.40089e-05
0.000140889
3.10425e-05
2.88077e-05
4.88098e-05
2.62511e-08
9.98082e-06
7.14108e-06
7.91186e-05
9.2059e-06
3.54795e-06
2.98889e-06
1.27806e-05
2.72261e-05
1.03189e-05
6.19628e-05
4.25959e-05
1.14303e-05
4.51679e-05
1.11029e-05
4.00709e-06
1.46218e-05
6.91323e-05
8.56035e-05
1.40162e-05
1.18917e-05
1.74128e-06
1.05283e-05
0.000135023
1.80431e-05
0.000108779
6.55795e-05
6.12453e-06
1.24598e-05
8.46362e-06
5.37669e-05
1.28652e-05
9.66061e-05
2.54745e-05
1.25399e-05
2.49695e-06
7.06764e-06
4.12918e-07
7.84799e-05
9.75012e-06
1.55583e-05
4.05566e-05
5.0015e-05
5.53369e-05
1.26556e-05
2.10505e-06
8.21413e-06
1.34393e-05
3.12046e-06
3.81008e-05
7.41098e-06
6.31276e-05
1.60094e-05
1.12177e-05
5.87411e-05
4.45338e-06
4.25141e-06
8.48537e-05
3.31533e-06
8.88162e-05
1.15791e-05
5.80779e-06
3.12808e-05
8.17938e-06
2.52374e-06
5.78154e-05
1.78356e-05
7.77289e-05
1.23912e-05
4.88142e-05
2.71345e-06
6.47278e-05
2.74824e-05
8.63876e-05
3.50402e-06
2.70387e-05
6.91199e-05
2.02467e-05
5.39301e-05
2.8395e-05
5.58955e-05
9.98697e-06
1.84734e-05
