n=32
J=0.707107
eta=1.11392
mu=0.0151899
beta-optimal=0
max-overlap=0
9.64478e-13
9.59997e-12
5.00554e-12
3.4892e-12
3.11724e-12
5.10399e-13
2.60784e-13
1.89251e-12
4.78237e-13
1.01156e-12
4.50338e-12
6.81559e-12
1.86967e-12
2.57375e-12
5.12948e-13
1.05359e-12
1.46437e-13
1.5656e-12
2.75945e-12
2.07332e-12
9.64143e-13
1.79936e-12
7.51939e-13
1.2881e-12
3.10251e-12
3.82412e-13
9.3456e-14
3.84107e-13
2.02973e-12
1.36573e-12
4.48525e-13
7.16915e-13
4.76182e-13
9.74882e-13
2.4939e-12
1.52857e-12
1.17064e-12
7.18269e-13
1.64129e-13
1.83018e-13
1.20852e-12
2.73792e-13
9.47707e-14
5.11142e-13
8.78565e-13
6.42347e-13
4.12277e-13
1.05754e-12
1.89198e-12
2.42154e-12
7.54974e-13
2.39304e-12
1.0636e-12
4.73164e-13
3.68724e-13
3.76772e-13
5.19532e-13
6.42799e-13
6.34287e-13
3.28889e-13
8.7868e-13
3.27372e-13
3.28858e-13
1.42139e-13
1.83203e-13
5.49082e-13
3.21085e-13
4.08887e-13
3.6009e-13
2.45529e-13
3.54331e-13
3.53508e-13
2.49564e-13
1.13514e-13
2.5308e-13
7.35332e-13
2.79006e-13
5.76892e-13
1.77914e-13
1.24482e-13
7.58665e-13
2.54789e-13
7.09081e-13
2.72418e-13
6.38707e-13
1.58357e-13
2.03412e-13
2.86004e-13
2.59958e-13
4.40742e-13
1.17831e-12
3.57746e-13
5.71242e-13
6.15973e-13
1.07148e-13
2.3965e-13
2.84391e-13
5.52464e-14
1.83319e-13
8.3101e-13
3.17559e-13
1.43702e-12
1.21048e-12
1.23083e-12
6.85685e-13
8.50329e-13
5.19272e-13
1.3993e-13
2.32705e-13
3.0113e-13
8.0679e-13
6.10104e-13
1.20465e-13
1.36229e-13
3.09914e-13
1.67325e-13
1.19911e-13
4.67389e-13
2.1124e-13
1.70486e-13
1.10873e-13
2.15923e-13
3.88987e-13
2.96052e-14
2.09116e-13
3.84566e-13
1.06975e-13
3.75198e-13
1.44732e-13
2.24502e-13
2.45496e-13
1.61743e-13
1.88966e-13
1.60164e-13
5.80673e-13
2.20619e-13
8.60571e-14
1.55927e-13
1.54288e-13
3.79376e-13
1.1136e-13
3.00945e-13
1.56709e-13
5.23235e-13
2.78388e-13
8.96753e-14
1.39515e-13
3.26622e-13
3.70291e-13
8.54054e-14
1.40507e-13
1.56494e-13
1.60904e-13
3.76098e-13
1.72622e-13
1.85503e-13
2.30248e-13
3.46095e-13
5.37738e-13
2.06837e-13
4.29546e-13
8.30316e-13
1.45931e-12
4.70256e-13
4.31532e-13
1.13755e-13
1.14384e-13
2.47786e-13
3.75611e-14
6.05887e-13
4.82891e-14
2.22913e-13
5.1208e-14
1.97556e-13
2.92582e-13
1.21005e-13
8.00694e-14
3.14396e-14
1.17396e-13
1.4056e-13
3.46281e-13
3.40459e-13
1.2106e-13
2.98546e-13
1.50638e-13
2.54587e-13
7.63137e-14
1.50408e-13
3.02806e-13
6.70828e-14
1.63435e-13
4.76378e-13
5.61557e-14
7.99838e-14
1.85036e-13
8.64049e-14
2.72544e-14
1.66805e-13
1.48564e-13
5.05453e-13
1.54152e-14
1.52797e-13
1.61219e-13
2.9544e-13
1.75978e-13
1.28498e-13
1.18362e-13
4.21481e-13
1.18486e-13
7.54853e-13
3.12309e-13
1.40609e-12
8.02558e-13
4.35446e-13
1.25403e-13
1.68808e-13
6.03664e-13
4.16273e-13
5.14608e-13
3.92413e-13
1.17821e-14
2.79411e-13
1.33193e-13
1.65755e-13
3.96644e-13
1.37558e-13
1.9871e-13
2.76011e-13
2.95585e-14
1.50314e-13
9.93567e-14
3.22733e-14
2.50198e-14
3.19387e-13
1.9948e-13
1.80017e-14
3.59034e-14
1.18731e-13
1.19088e-14
1.84588e-13
1.23126e-13
4.14052e-13
1.51078e-12
7.64968e-13
2.41544e-13
3.46661e-13
1.21157e-13
2.54847e-13
4.28576e-14
1.38699e-13
2.42605e-13
1.16957e-13
6.70306e-14
5.35946e-14
1.5429e-13
3.62157e-13
