n=32
J=0.707107
eta=1.08861
mu=0.0531646
beta-optimal=0
max-overlap=0
0.00608031
0.00383498
0.00313901
0.0031119
0.00239968
0.00302608
0.00407073
6.78905e-05
0.00121487
0.00139984
0.00239153
0.00176624
0.000759863
0.0013361
0.00210451
0.000504065
0.00202943
0.00107533
0.00114208
0.00215144
0.000802705
0.000530573
0.00135914
0.000276746
0.00196933
0.000169058
0.00206482
0.000670764
0.000377392
0.00257999
0.00037101
0.00152462
0.0016074
0.000375945
0.00121625
0.000597281
0.000948522
0.00118001
0.000271101
0.000357488
0.000875605
0.000534953
0.000170077
0.00129468
0.00156236
0.000664502
0.00048599
0.00131786
1.03764e-05
0.000390765
0.000928851
0.000170214
0.000859163
0.000179803
1.89449e-05
0.000266484
0.000887213
0.000984871
0.000950312
0.000241349
0.000534183
0.000501526
7.2479e-05
0.000624316
0.000175753
0.000840403
0.000191406
0.000974914
2.26357e-05
0.000903426
0.000874892
0.000331493
0.000195869
0.000118412
0.000112383
0.000602248
0.000412624
0.00129537
1.27359e-05
0.000464097
0.000248863
0.000679515
0.000814834
5.09445e-05
0.00029291
0.000114307
0.000164137
0.000248568
6.24003e-05
0.000984989
7.04385e-05
0.000605093
3.55942e-05
0.00013367
6.27233e-05
0.000559466
0.000514929
0.000450261
0.000579808
0.00047252
3.79512e-05
0.000461772
0.000222663
0.000277199
6.19358e-05
1.83315e-05
3.77548e-05
0.000203038
0.000353064
0.000628152
3.46191e-05
3.20975e-05
0.000281888
9.04055e-06
0.000908454
0.000135775
0.000321202
0.000488866
0.000309139
0.000173015
1.65705e-05
0.000262705
0.000552732
8.9813e-05
0.000706937
0.000402261
0.000160217
0.00020517
8.8463e-05
0.000262346
0.000344965
0.000270401
0.000102504
0.000183946
0.000313799
0.000743443
0.000109153
0.000505378
0.000422994
0.000289012
0.000117836
0.000438848
0.000207363
0.000246614
1.149e-06
0.00031997
0.000256945
0.000126837
0.000207696
0.000115751
7.79154e-05
6.60727e-05
0.000125854
0.00026012
7.37798e-05
8.52421e-05
0.000415767
0.000179818
4.69031e-05
0.000113356
0.000130005
7.55553e-05
0.000302103
1.78914e-06
1.83746e-05
0.000203212
0.000342959
0.000245165
0.000149491
0.000167919
7.46292e-05
4.79543e-05
0.000250735
0.000206746
0.000450011
2.63108e-06
0.000181547
4.03993e-05
2.50614e-05
0.000346249
0.000304852
0.000102823
0.000216702
0.000466423
0.000122294
7.49428e-05
8.29862e-06
4.86542e-05
6.9625e-05
4.58167e-05
0.000123058
8.50368e-05
0.000119476
0.000225593
2.72027e-05
4.87599e-05
1.59616e-05
0.000272407
0.000250071
4.49306e-05
1.2592e-05
0.00022179
0.000242675
0.000316772
0.000172717
0.000303532
9.43571e-05
8.85754e-05
0.000244909
0.000216442
0.000299657
6.93148e-05
7.27747e-05
0.000129124
0.000330102
4.90269e-05
0.000215412
0.000277067
0.000217864
0.000371873
2.37543e-05
0.000386988
0.00015029
0.000246539
0.000414934
0.000119785
0.000165514
0.000232825
0.000151468
0.000232091
0.000121094
0.000263626
0.000219975
2.63264e-05
0.000215123
9.03485e-05
0.000233947
3.40821e-05
0.000161355
0.000253626
8.28128e-05
3.61245e-05
0.000295043
0.000454924
9.74502e-05
0.000112345
0.000308661
0.000144149
0.000232726
0.000204893
0.000279983
3.72329e-06
8.26619e-06
4.70649e-05
0.000132191
1.25649e-05
