n=32
J=0.707107
eta=1.39241
mu=0.0886076
beta-optimal=0
max-overlap=0
1.33468e-12
5.3804e-13
1.45509e-12
9.59106e-13
1.21702e-12
8.20613e-13
9.80432e-14
2.6197e-12
6.75484e-13
1.31385e-12
1.14709e-12
6.8019e-13
1.75941e-13
2.48888e-13
1.24798e-12
6.60251e-13
9.91899e-13
9.89447e-13
8.56255e-13
4.71035e-13
3.51215e-13
1.01605e-12
1.15437e-12
1.20401e-12
9.68716e-13
9.20382e-13
6.79228e-13
9.94092e-13
5.21751e-13
4.8199e-13
6.18818e-13
8.73799e-13
6.68755e-13
8.6594e-13
3.50575e-13
3.34897e-13
6.69038e-13
8.57863e-13
3.6279e-13
2.09726e-13
9.38902e-13
3.33059e-13
1.1477e-13
3.44372e-13
4.38314e-13
4.1319e-13
1.29661e-12
3.3528e-13
8.25177e-13
1.59191e-13
1.58416e-13
2.57761e-13
6.66888e-14
4.25147e-13
9.31363e-14
8.34433e-14
3.44919e-13
4.11025e-13
4.1582e-13
5.9765e-13
8.74341e-13
2.96286e-13
3.3055e-13
1.07332e-13
8.56357e-14
5.85925e-13
1.74358e-13
5.87707e-14
1.75642e-13
3.36897e-13
2.55823e-13
1.90752e-13
5.49296e-13
6.48673e-13
3.51516e-13
6.01872e-13
9.09541e-13
6.88393e-14
4.76295e-13
2.26271e-13
9.38122e-14
4.73634e-13
1.25615e-13
6.53557e-13
4.63308e-13
3.84256e-13
8.00691e-13
6.96839e-13
2.4868e-13
6.5599e-13
3.8741e-13
4.07172e-13
7.31271e-13
5.79987e-13
3.88883e-13
5.54188e-13
5.5379e-13
4.73267e-13
1.45409e-13
1.79819e-13
2.59191e-13
7.17945e-13
1.06098e-13
1.28333e-13
2.5512e-13
1.82009e-13
4.16211e-13
1.46542e-13
3.06074e-13
2.72864e-13
3.6211e-13
4.69173e-13
3.04503e-13
7.23922e-14
3.05448e-13
1.16198e-13
2.54094e-13
1.30245e-13
1.61926e-13
2.37467e-13
1.60162e-13
2.46495e-13
5.4643e-13
4.50415e-14
8.40472e-14
3.7171e-13
4.78032e-13
4.73185e-13
5.33854e-14
9.94764e-14
2.19265e-13
9.86165e-14
1.59751e-13
1.11577e-13
5.72693e-13
1.92325e-13
8.08181e-14
1.67501e-13
1.64827e-13
3.02981e-13
3.19409e-13
4.97135e-14
2.81038e-13
1.51519e-13
5.54611e-14
2.31874e-13
2.81835e-13
2.17146e-13
5.4484e-14
2.31463e-13
7.19068e-14
2.38038e-13
1.3903e-13
2.192e-13
5.27725e-13
2.22583e-13
2.8262e-13
2.13829e-13
2.87996e-14
2.45126e-13
2.53802e-13
4.31272e-13
4.45304e-13
5.81592e-13
3.67848e-13
1.86412e-13
5.17448e-13
3.81034e-13
2.52903e-13
4.31338e-13
2.78256e-13
2.3731e-13
3.91772e-13
1.74398e-13
6.18818e-14
2.13772e-13
1.36749e-13
3.35324e-13
9.233e-14
3.51333e-13
1.86216e-13
5.84061e-14
3.53761e-13
4.91314e-14
3.256e-14
1.95515e-13
2.77137e-13
1.56605e-13
1.51303e-13
2.26996e-13
2.74946e-14
1.58043e-13
2.75499e-13
4.39062e-13
1.59051e-13
2.40208e-13
3.01809e-13
9.97601e-14
2.46041e-13
2.18468e-13
3.42199e-13
8.04463e-14
1.81769e-13
2.57495e-13
5.50351e-13
1.10058e-13
1.85555e-13
1.52961e-13
6.92686e-14
1.23957e-13
1.75325e-13
1.8882e-13
8.26544e-14
1.52229e-13
2.04742e-13
2.70605e-13
1.41537e-13
8.42362e-14
1.73593e-13
2.96409e-13
2.74399e-13
1.92921e-13
1.17132e-13
2.33146e-13
3.84852e-14
1.7846e-13
2.24467e-13
1.65138e-13
7.77966e-14
1.67255e-13
4.06324e-14
1.27843e-13
3.26758e-13
2.57559e-13
8.3296e-14
2.18661e-13
3.15445e-13
7.83258e-14
2.48729e-13
1.7463e-13
2.40144e-13
1.1007e-13
1.22501e-13
2.15929e-13
1.52302e-14
1.61863e-13
2.4731e-14
1.31647e-13
2.3452e-13
2.51667e-13
2.61552e-13
2.14335e-13
1.8009e-13
5.96172e-14
6.26454e-14
2.16346e-13
