n=32
J=0.707107
eta=1
mu=0.108861
beta-optimal=0
max-overlap=0
0.298553
0.262432
0.251608
0.24914
0.228918
0.21368
0.17668
0.176116
0.17543
0.16064
0.143789
0.147348
0.149645
0.135437
0.127952
0.131202
0.131203
0.118833
0.114311
0.102465
0.093095
0.0956141
0.100702
0.0988486
0.0932418
0.091501
0.0771659
0.0878267
0.0887826
0.0829362
0.0853855
0.0790441
0.0752786
0.079576
0.0734826
0.0755049
0.0701952
0.0621586
0.071254
0.064553
0.0647018
0.0655525
0.0629622
0.0595434
0.0577872
0.0582476
0.052869
0.0563495
0.0529389
0.0486584
0.0514265
0.0485208
0.0487178
0.0544377
0.0455263
0.0480357
0.0502952
0.0440254
0.046471
0.0459557
0.0444823
0.0443561
0.043934
0.042286
0.0445106
0.036406
0.0369124
0.0364173
0.042159
0.0386547
0.0385894
0.0377925
0.0347619
0.0365862
0.0370982
0.034004
0.0359219
0.0325632
0.0342431
0.0343021
0.0331026
0.0325052
0.0310919
0.0306527
0.0303758
0.0290928
0.0308019
0.0298227
0.028969
0.0301448
0.0295209
0.0266901
0.027013
0.0282057
0.0261065
0.0287758
0.0252194
0.0268397
0.0248897
0.0241967
0.0263529
0.0237924
0.0260416
0.0244703
0.0247404
0.0242162
0.0234363
0.0233022
0.0239053
0.0233009
0.0219519
0.0230645
0.0211904
0.0216911
0.0232172
0.0208187
0.0197588
0.0213874
0.0195195
0.0212801
0.0203875
0.0200653
0.0202098
0.0194797
0.0201225
0.0196173
0.018119
0.0198082
0.0187761
0.0192187
0.01922
0.0181422
0.0172955
0.0175146
0.0175463
0.0173405
0.0177718
0.0178907
0.0166963
0.016324
0.0174655
0.0153966
0.0179126
0.0161881
0.016618
0.0158343
0.0157132
0.0160921
0.0151066
0.0162193
0.0158019
0.01444
0.0145872
0.0145871
0.0144599
0.0146236
0.013983
0.0141228
0.0142696
0.0142184
0.01431
0.014175
0.0137612
0.0135427
0.0129173
0.0132463
0.0129692
0.0133898
0.0130176
0.0129308
0.0122175
0.0133699
0.0121362
0.0118854
0.0123095
0.0119331
0.0118316
0.0125481
0.0116436
0.0118446
0.0116367
0.0111837
0.0119518
0.0112078
0.0112707
0.0114747
0.0111173
0.0112789
0.0111861
0.0101277
0.0106936
0.0108258
0.0108806
0.0107495
0.010011
0.0106387
0.0103848
0.0100768
0.0102432
0.00985743
0.00937884
0.00954546
0.00914908
0.0092706
0.00966359
0.00905897
0.00893011
0.00937329
0.00885522
0.00884275
0.00872546
0.00870633
0.00906121
0.00918568
0.00813642
0.00872708
0.00874374
0.00860733
0.00857044
0.00845241
0.00811423
0.00775114
0.00812091
0.0077794
0.00776716
0.00810888
0.00791864
0.00799103
0.00755121
0.00754345
0.00731974
0.00764054
0.0074816
0.00727509
0.00696868
0.00752794
0.0074006
0.00695825
0.00701483
0.00666124
0.00673885
0.00663404
0.00681345
0.00650256
0.00649757
0.00622676
0.00578738
0.00592605
0.00653096
0.00600656
0.00594807
0.00580608
0.00590027
0.0059108
0.00570002
0.00557684
