n=32
J=0.707107
eta=1
mu=0.0506329
beta-optimal=0
max-overlap=0
0.463176
0.400045
0.402646
0.245902
0.191446
0.176285
0.143633
0.135134
0.139282
0.102189
0.0838069
0.0973962
0.0883676
0.0759457
0.0907247
0.0828356
0.05926
0.0687796
0.0622198
0.049579
0.0522349
0.0544867
0.053513
0.055438
0.0522677
0.0436281
0.0350753
0.0454758
0.0380024
0.038257
0.0332254
0.0298451
0.0349322
0.031338
0.033468
0.0328756
0.033045
0.0282529
0.0290841
0.0281472
0.0276325
0.0300961
0.0276928
0.023341
0.0263032
0.0237902
0.0235532
0.0235043
0.0213451
0.0194405
0.0182921
0.0155697
0.0167692
0.0171022
0.0153205
0.0179471
0.0192278
0.0186375
0.0158361
0.016171
0.0162303
0.017629
0.013793
0.0134127
0.0137722
0.0140814
0.0148205
0.0135166
0.011026
0.0111984
0.0104159
0.0107464
0.0131651
0.0122813
0.0108487
0.0129804
0.00961772
0.012655
0.0102763
0.010625
0.0107861
0.0112277
0.0093519
0.00811335
0.0110138
0.00706801
0.00991676
0.00967041
0.0095244
0.00751864
0.00818867
0.00908744
0.00753417
0.00823837
0.00757826
0.00849862
0.00775742
0.00756486
0.00843939
0.0067477
0.00841248
0.00795486
0.00690367
0.00641713
0.0059904
0.00764703
0.00608561
0.006501
0.00628146
0.00660567
0.00711337
0.00602314
0.00630571
0.00522664
0.00592242
0.00667547
0.00534317
0.00536098
0.00615078
0.00580689
0.00588543
0.0059701
0.00564141
0.0052478
0.00547339
0.00544261
0.00462256
0.00474034
0.00495152
0.0050317
0.0046554
0.00463996
0.00466885
0.0044673
0.00480663
0.00517383
0.00446988
0.00459853
0.00429299
0.00402694
0.00502954
0.00422502
0.00431408
0.00436627
0.00398669
0.00377113
0.00402848
0.00391346
0.0044354
0.00342679
0.00344241
0.00366732
0.00437313
0.00378462
0.00361371
0.00327612
0.00349762
0.00423765
0.00353556
0.00346927
0.00331271
0.00335186
0.00314205
0.00294054
0.00321816
0.00315313
0.00286765
0.00317897
0.00360789
0.00270702
0.00306014
0.00278288
0.00258867
0.00245012
0.00252276
0.00283501
0.00270681
0.00286423
0.0024934
0.00290657
0.00278065
0.0026298
0.00237212
0.00290696
0.00253936
0.00252348
0.00271138
0.00257043
0.00277831
0.00263457
0.00213305
0.00247314
0.00253941
0.00220665
0.00228876
0.00211734
0.00206388
0.00236699
0.00233111
0.00228247
0.00220424
0.00204863
0.00182299
0.00189976
0.0021493
0.00177205
0.00196719
0.00214042
0.00184855
0.00194067
0.00204635
0.00158977
0.00191882
0.00181432
0.0019562
0.001814
0.00171295
0.00183047
0.00180277
0.00216572
0.00156565
0.00195435
0.0016041
0.00154194
0.00159739
0.00170151
0.00155052
0.00156599
0.00158512
0.00148502
0.00165281
0.00139772
0.00152466
0.00148164
0.00155444
0.00129941
0.00158523
0.00136772
0.00127508
0.0013897
0.00136495
0.00146405
0.00143653
0.00134109
0.00122932
0.00135848
0.00124252
0.00137022
0.00119746
0.00134841
0.00141144
0.0011405
0.00119395
0.00114316
0.00101383
0.00104056
