n=32
J=0.707107
eta=1
mu=0.116456
beta-optimal=0
max-overlap=0
0.278883
0.247584
0.240436
0.213115
0.206222
0.197314
0.191904
0.180487
0.17138
0.159737
0.171164
0.165236
0.150147
0.143518
0.137007
0.126854
0.115676
0.1158
0.109143
0.112547
0.119873
0.109378
0.103731
0.102689
0.10263
0.101355
0.0972522
0.0922083
0.0868564
0.0897889
0.0862987
0.0798859
0.0801003
0.0853564
0.0787542
0.0771238
0.0735127
0.0718642
0.0755284
0.0662535
0.0672387
0.0670995
0.0656811
0.0677289
0.0603182
0.0588468
0.0613049
0.056507
0.0552408
0.0561831
0.051353
0.0543774
0.0549815
0.0530735
0.050611
0.0543632
0.0525442
0.0489509
0.0499107
0.0484307
0.0461131
0.0468935
0.0455897
0.0465826
0.0470345
0.0421018
0.0424449
0.045227
0.0431285
0.0395201
0.041104
0.0421275
0.0426059
0.0393302
0.0393564
0.0383768
0.0367332
0.0375894
0.039033
0.0368233
0.0384613
0.0361637
0.0340657
0.033562
0.0331118
0.0334598
0.032495
0.0302963
0.0338536
0.0309628
0.0323899
0.0305342
0.0309902
0.0298971
0.0307293
0.0315699
0.0283654
0.0283904
0.0281496
0.0274427
0.029254
0.0267468
0.0291546
0.0270533
0.0272841
0.0253346
0.0258253
0.0252965
0.0247906
0.0267408
0.0268105
0.0260559
0.0255088
0.025238
0.0260243
0.0239265
0.0240493
0.0228093
0.0234475
0.023993
0.0233573
0.0225923
0.0218237
0.0223986
0.0227267
0.0229996
0.0217479
0.0206613
0.0212322
0.0214068
0.0204925
0.020672
0.0199137
0.0194804
0.019844
0.0196885
0.0195327
0.0189327
0.0183623
0.0182331
0.018497
0.0182869
0.0186432
0.0181514
0.0172897
0.0167436
0.0167285
0.0180104
0.0175943
0.0166599
0.0172083
0.0171642
0.0168826
0.0171082
0.0164318
0.0165258
0.0163679
0.0160147
0.0157018
0.0154241
0.0156836
0.0149706
0.0144175
0.0147819
0.0150359
0.0150474
0.0145843
0.0155002
0.014725
0.0147312
0.0145217
0.0135684
0.0145168
0.0142046
0.0133103
0.0137801
0.0130977
0.0125318
0.0140385
0.0128207
0.0124301
0.012778
0.0124873
0.0128398
0.012622
0.0118941
0.0125743
0.0118858
0.0119104
0.0119822
0.0118002
0.0116074
0.0112588
0.0117795
0.0117242
0.0113638
0.0114569
0.0113717
0.0110218
0.0111937
0.0111312
0.0104362
0.0105957
0.0107982
0.0105529
0.0105234
0.0101455
0.0106245
0.0107394
0.0101324
0.0107136
0.00988019
0.0102714
0.00986499
0.0100363
0.00951968
0.00945993
0.00892659
0.0095226
0.00900898
0.00967654
0.00947101
0.00878092
0.00870666
0.00947121
0.00881048
0.00867698
0.00885714
0.00876102
0.00841616
0.00849221
0.00864078
0.00820177
0.0083746
0.00825278
0.00782277
0.00800585
0.00831449
0.00763733
0.00804865
0.00772456
0.00769292
0.00757977
0.00757726
0.0071391
0.00729226
0.00728162
0.0067845
0.00682769
0.00689684
0.0069237
0.0067118
0.00664781
0.00644654
0.00613226
0.00610357
