n=32
J=0.707107
eta=1.06329
mu=0.0582278
beta-optimal=0
max-overlap=0
0.00181287
0.000746779
3.253e-05
0.00462193
0.0028094
0.00271752
0.00822269
0.00698237
0.00319432
0.00196164
0.00090284
0.00101497
0.00207919
0.000383755
0.00057199
0.00220802
0.00191359
0.000879949
0.000824768
0.00142165
0.000619426
0.00185503
0.00217893
0.00080477
5.17389e-06
0.000112505
0.000515962
0.00106501
0.000122599
0.000779232
0.000746196
0.000177485
0.002327
0.000151516
0.00121786
0.000265356
0.00110137
0.000615674
0.000426867
0.000736008
1.99219e-06
0.000881542
0.000934214
0.000674648
0.00111259
0.000300472
0.000424135
0.000156933
0.000214109
0.000444843
0.000109237
9.54687e-05
0.000155933
0.000385099
0.000403643
0.000666084
9.77079e-05
0.000777036
0.000553456
0.000208624
1.55501e-05
0.000361256
0.000813764
0.00103315
4.62098e-05
0.000799151
0.000147269
0.00104293
0.000465687
0.000569913
0.000272529
0.000710982
0.000602631
6.95371e-05
0.000255964
5.58172e-05
0.000297745
0.000458275
0.000751413
0.000447593
6.30524e-05
0.000398222
0.000135158
5.38529e-05
0.000651024
0.00011672
0.000112847
0.000146337
0.000779577
8.82241e-05
0.000383375
0.00065396
0.000254123
5.71323e-05
9.42795e-06
0.000373098
0.000197282
0.000105029
2.36296e-05
0.000107035
0.000341187
0.0003879
1.00156e-05
0.000166891
0.000168247
0.000482842
0.000143149
0.000660258
0.000148086
0.000592297
0.000181432
0.00058858
0.000229244
0.00023324
0.000152105
0.00062411
0.000258496
0.000249275
5.09709e-05
0.000231284
0.000588132
0.000436179
3.55488e-05
0.000808359
0.000356406
8.81672e-05
9.91652e-05
0.000140266
0.000150997
0.000400686
0.000467427
0.000673869
0.000219892
5.85873e-05
0.00058713
0.000399738
0.000189741
0.000243886
0.000419978
0.000242798
0.000221795
0.000136557
0.000452473
0.000313523
1.8275e-05
0.000255117
4.88719e-06
0.000571263
7.0115e-05
0.00017501
8.52558e-05
5.04572e-06
0.000558913
7.47206e-05
2.03547e-05
6.60169e-05
0.000143344
7.24223e-05
0.000117448
4.42333e-05
0.000146436
9.11733e-05
0.000375052
8.45032e-05
0.000163513
0.000349137
0.000187853
0.00020229
0.00015353
0.000367111
0.000378392
0.000318977
2.63441e-05
0.000104073
0.000176632
0.00047682
6.9579e-05
7.23794e-05
0.000120252
0.000180558
9.56776e-05
1.59742e-05
0.00035881
0.000124843
0.000158613
7.79507e-05
8.08967e-05
0.000134458
0.000359874
0.000136767
0.000234491
3.15248e-05
0.000185503
8.61992e-05
0.000420778
4.94073e-05
3.96295e-05
7.56834e-05
5.31232e-05
0.000146426
0.000322366
0.000100407
0.00016451
0.000258087
1.79741e-05
9.59967e-05
0.000109302
6.32641e-05
0.000221393
9.1964e-05
8.31872e-05
0.000134049
0.000496302
5.82208e-05
0.000417001
0.000368367
1.74245e-05
0.000102669
7.08508e-05
8.91262e-05
0.000262012
0.000174603
8.27998e-05
4.08738e-05
0.000416855
0.000291928
9.59765e-05
9.01798e-05
0.00018916
0.000128997
0.000388005
8.12657e-05
5.57213e-06
5.13951e-05
0.000198424
6.35932e-05
4.26248e-05
0.000446567
0.000175555
0.000136907
0.000109364
2.70726e-05
5.71598e-05
0.000247976
1.1901e-05
3.32828e-05
8.08991e-05
2.28178e-05
9.36066e-05
0.000123515
0.000124064
0.000282231
7.26334e-05
0.000108449
6.2549e-06
1.1439e-05
