n=32
J=0.707107
eta=1
mu=0.136709
beta-optimal=0
max-overlap=0
0.247963
0.218157
0.208551
0.193743
0.185696
0.184261
0.170809
0.167408
0.155251
0.157789
0.154199
0.145967
0.141567
0.13142
0.142879
0.133213
0.13225
0.127961
0.108588
0.116093
0.11144
0.114289
0.109956
0.110397
0.102688
0.100085
0.0963535
0.0986194
0.0923201
0.0989442
0.0917462
0.0908093
0.096246
0.0904397
0.0877546
0.0860777
0.0806471
0.0858654
0.0861343
0.0775983
0.0787631
0.0760665
0.0714799
0.0721011
0.072468
0.0692169
0.0674051
0.067955
0.0670094
0.0685106
0.0651834
0.0628485
0.067051
0.0640198
0.0612734
0.060211
0.0583778
0.0585589
0.0588654
0.058574
0.0582748
0.0573843
0.054662
0.057683
0.0550934
0.0544679
0.0559965
0.0521632
0.054077
0.0525108
0.0494876
0.0512312
0.0488318
0.0518109
0.0492411
0.0498782
0.0457923
0.0468641
0.0463947
0.0425381
0.0469154
0.0447866
0.0452632
0.0447777
0.0434722
0.0438395
0.0429593
0.040552
0.0413225
0.0424344
0.0400818
0.0410392
0.0396859
0.0395419
0.0375139
0.0379096
0.0377423
0.0383461
0.038147
0.0364309
0.0362267
0.0355031
0.0357553
0.0332577
0.0339471
0.0335711
0.0348632
0.0339863
0.0328068
0.0326191
0.0319404
0.0330316
0.0332363
0.0316323
0.0308293
0.0313337
0.0294807
0.0300238
0.031068
0.0287626
0.0304678
0.0290901
0.0281174
0.0285129
0.0284839
0.0280667
0.0277091
0.0276936
0.0284164
0.0286495
0.0272264
0.0276767
0.0279088
0.0265605
0.0269139
0.0274688
0.0240189
0.0251766
0.0266248
0.0254684
0.0257483
0.0240903
0.0236623
0.0242872
0.0243717
0.0233562
0.0240723
0.0241531
0.0235698
0.0226643
0.0226005
0.0223895
0.0220842
0.0221218
0.0225692
0.0222615
0.0211393
0.021267
0.0207031
0.0212112
0.0208011
0.0199091
0.0215091
0.0203217
0.0206059
0.020564
0.0199617
0.0194987
0.019923
0.0200282
0.0192624
0.018511
0.0192406
0.0189438
0.0188502
0.01852
0.0181229
0.0181277
0.0181647
0.0179188
0.0171283
0.0179287
0.0170279
0.0175052
0.01714
0.0165837
0.0170372
0.0167012
0.0162658
0.0169368
0.0161764
0.0154555
0.0163212
0.0163094
0.0151837
0.0159128
0.0157173
0.0155422
0.0151325
0.0153207
0.0155229
0.0147995
0.0153079
0.0148786
0.0148854
0.0147974
0.0149904
0.0138047
0.0143199
0.0136973
0.0141344
0.0142381
0.0139436
0.0137487
0.0134948
0.0136351
0.0134005
0.0135465
0.012859
0.0129752
0.0134352
0.0123874
0.0127559
0.0122165
0.0127679
0.0123597
0.0122662
0.0125133
0.0121804
0.0120937
0.0119758
0.0118603
0.011515
0.0111713
0.0118032
0.0116306
0.0110294
0.0108536
0.0109092
0.0110837
0.0108745
0.0108458
0.0105279
0.0107583
0.0101186
0.0104057
0.0100214
0.0101192
0.0097345
0.00965907
0.00917692
0.00927495
0.00949683
0.00931171
0.00908306
0.00893836
