n=32
J=0.707107
eta=1.06329
mu=0.0253165
beta-optimal=0
max-overlap=0
0.00145397
0.00340923
0.000799231
0.00422163
0.00262551
0.00137932
0.00101929
0.00120677
0.00158917
0.00117165
0.000650131
0.000138181
0.000909044
0.000233092
0.00119851
0.000635691
0.00271069
0.00064916
0.000200062
0.00081286
4.45178e-05
0.000662972
9.0196e-05
0.00010471
1.3161e-05
0.000214827
0.000282093
0.00057427
0.000493286
0.00058393
0.000136381
0.000591846
0.000153319
0.000375968
0.000118383
0.000111659
0.000126301
0.000339134
0.000542149
8.16776e-05
0.000271082
0.000644014
0.000111306
0.000372929
0.000246338
5.14246e-05
0.000273868
0.000316908
0.000193741
8.92183e-05
0.000153997
0.000479732
5.259e-05
0.000144491
0.000413416
0.000140488
0.000418842
0.000298106
0.000526642
0.000667971
1.13954e-05
0.000585002
0.000319026
3.36022e-05
0.000219452
9.667e-05
0.000219975
0.000158787
4.49434e-05
0.000181504
0.000137047
0.000332872
0.000235543
0.000191536
0.000234982
0.000259673
0.000329855
0.000118747
0.000144858
0.000552252
5.80626e-05
0.000168691
1.63029e-06
9.86897e-05
5.37734e-05
1.26751e-05
0.000133731
4.02096e-05
0.000195973
4.05675e-05
5.89116e-05
0.000129255
9.94645e-05
0.000191146
0.000143948
6.78863e-05
0.000166377
1.65965e-05
9.75334e-05
7.68383e-05
1.04032e-06
3.50497e-05
9.97806e-06
5.27483e-05
0.000307034
5.43979e-05
0.000198536
0.000154515
9.37705e-05
0.000155179
4.62102e-05
0.000319854
4.72674e-05
1.96783e-05
9.05305e-05
0.000107095
3.58177e-05
3.82094e-05
5.9653e-05
2.44156e-05
0.000103794
6.40579e-05
0.000241704
0.000177056
3.77567e-05
0.000210429
1.22928e-05
1.01048e-05
0.000171932
0.000197203
0.000189719
9.68587e-07
4.87652e-05
8.48945e-06
0.00010242
3.60363e-05
8.11704e-06
0.000159672
8.7268e-05
0.000188643
0.000179784
4.63463e-05
0.000177662
3.47019e-05
1.79433e-05
0.00020689
0.000302462
0.000299314
1.5592e-05
0.000290521
4.97644e-05
7.6807e-05
0.000152021
9.25604e-06
6.81155e-05
7.49217e-05
3.53698e-05
0.000164806
4.95477e-05
0.000354769
4.30022e-05
6.12698e-05
0.000322612
8.32313e-05
6.04294e-05
2.76846e-05
0.000141729
5.37865e-06
6.94312e-05
0.00036249
5.24694e-05
0.000127707
0.000120113
2.30834e-05
3.54097e-05
3.10282e-05
0.000160518
1.62625e-05
2.82161e-06
2.97481e-05
5.16087e-05
6.5861e-05
3.60341e-05
0.000148488
9.04814e-05
5.54484e-05
9.43079e-05
3.81758e-05
1.13819e-05
5.20818e-05
0.000149441
0.000179265
5.62548e-05
5.58967e-05
1.54387e-05
5.56169e-05
0.000304601
9.415e-05
0.000290899
0.000172868
2.3916e-05
1.31381e-05
4.15052e-05
0.000139765
4.68835e-05
0.000201318
7.16148e-05
6.75425e-05
4.61697e-06
1.7467e-05
1.00507e-05
0.000200472
2.93515e-05
5.59923e-05
0.000115368
0.000113177
0.000118854
5.49709e-05
2.18808e-05
1.24005e-05
3.08911e-05
2.18737e-06
8.59973e-05
3.2372e-05
0.000188018
2.48093e-05
5.78587e-05
0.000147132
1.41682e-05
1.51654e-05
0.00020574
1.83943e-06
0.000208144
5.37538e-05
1.8435e-05
6.65446e-05
4.75568e-05
2.07801e-05
0.000112116
9.08887e-05
0.00017397
6.28695e-05
0.000102243
4.76456e-06
0.000164473
0.000113772
0.000201798
1.57485e-05
0.000130522
0.000200084
0.000101058
0.000124207
5.08729e-05
0.000160757
6.98186e-05
8.53476e-05
