n=32
J=0.707107
eta=1.03797
mu=0.0531646
beta-optimal=0
max-overlap=0
0.00215058
0.00286249
0.00416006
0.00657172
0.00106952
0.0017759
0.00310991
0.00201832
0.00068542
0.000992238
0.000437538
0.00152134
0.000175678
0.000666592
0.00106884
0.000238849
0.00177862
0.00097044
0.00372375
0.0012334
0.000422935
0.000495872
0.000461391
0.000931872
0.00034716
0.000409785
0.000834077
0.00102332
9.11859e-05
0.00153858
0.00130738
0.00191159
0.00103888
0.0003678
0.000890779
0.000383067
0.000221471
0.000694636
0.000379192
0.000442984
0.000402205
0.00014225
0.00105877
0.000817337
0.00167028
0.000648956
0.000899887
0.000670224
0.000975033
0.000148394
0.000403469
0.000224574
0.00141861
0.000922927
0.000697188
0.00010191
0.000912047
0.000247466
0.000452133
0.000397654
0.000460525
0.000226533
0.000228488
0.00151154
0.00117925
0.000235135
0.000288801
0.000143463
0.000454837
0.000105303
0.000255034
0.000571816
0.000344733
0.000160196
0.00030506
0.00058627
5.26078e-06
0.000411568
0.000270846
0.000399202
0.000278903
0.00178187
0.000601227
0.000457165
0.000408824
0.00013604
2.83368e-05
0.000581243
0.000615796
0.000542592
0.000323352
0.000219419
0.00038792
0.000495555
2.79771e-05
0.00032634
0.000764763
0.000759663
5.54218e-05
0.000297417
0.000399633
0.000315262
0.00033749
0.000476397
6.32885e-05
0.000503637
0.000499783
5.24255e-05
0.000587206
0.00010167
4.39611e-05
0.000419196
2.90922e-05
5.48052e-05
0.000150299
0.000117147
1.85742e-05
0.000201287
4.09686e-06
0.00034924
6.92989e-05
4.36591e-05
0.000116221
0.000152902
0.000161995
6.51902e-06
0.000205826
0.000395318
0.000255933
8.17578e-05
0.000590624
0.000576123
0.000103407
0.000277137
2.86822e-05
0.000239193
0.000366665
0.000150748
7.99818e-05
4.63273e-05
0.000453777
4.04273e-05
0.000210696
6.55201e-05
0.000283668
0.000150233
0.000132339
0.00021108
3.17123e-05
1.65346e-05
0.000160203
8.90236e-05
0.000387554
3.89002e-05
1.05717e-05
0.000229989
0.000207559
0.000136468
0.00025692
0.000234968
8.14936e-05
0.00015896
0.000138162
0.000271564
5.27475e-05
7.53155e-05
4.02594e-05
3.35305e-06
0.000252549
2.38824e-05
0.000306184
0.000255865
8.73938e-05
8.44728e-05
4.48383e-05
0.00023037
6.70506e-05
0.000155645
0.000446084
0.000405733
7.89426e-05
0.000116584
9.07607e-05
0.000166643
4.48154e-06
1.71821e-05
0.000453142
0.000181627
0.000340507
7.80666e-05
0.000257743
6.95667e-05
0.000180861
0.000217421
3.73448e-05
4.67592e-05
2.0707e-06
2.88915e-05
0.000177417
2.74091e-05
0.000146259
0.000166867
2.91896e-05
7.78503e-05
2.32475e-05
0.000221847
0.000410036
7.2427e-05
9.66228e-05
0.000137404
0.000225176
6.77625e-05
6.67266e-05
9.02719e-05
4.15248e-05
7.22422e-05
9.74099e-05
0.000166326
0.000338161
0.000559166
0.000149731
0.000243886
6.55521e-05
0.000272661
8.99755e-07
0.000331345
0.000156041
0.00010329
0.000191685
6.0755e-05
6.98716e-05
6.67629e-06
0.000102036
0.000200818
0.000119648
0.000131944
0.000177364
7.74734e-05
0.000303947
0.000143163
2.90459e-05
0.000272241
0.000480522
0.000168841
5.09737e-05
0.000113846
5.9962e-05
0.000324949
4.69469e-05
7.81938e-05
1.63855e-05
5.53525e-05
5.43773e-05
0.000155774
4.53419e-06
1.48538e-05
