n=32
J=0.707107
eta=1
mu=0.0962025
beta-optimal=0
max-overlap=0
0.327084
0.28142
0.266366
0.263752
0.238867
0.220784
0.177378
0.176763
0.176269
0.15908
0.139714
0.143961
0.147115
0.13069
0.123023
0.127263
0.127351
0.113533
0.109018
0.0953741
0.0859941
0.0887373
0.0944438
0.0930695
0.086299
0.0846473
0.0694307
0.0813897
0.0825714
0.0761189
0.0789393
0.0722157
0.0681332
0.0730685
0.0669106
0.0689521
0.0635585
0.0550279
0.0651242
0.0577449
0.0580912
0.059341
0.0563481
0.0531062
0.0514061
0.0516354
0.0466986
0.0503164
0.0467104
0.0421846
0.0452779
0.0422674
0.0425769
0.048553
0.0394582
0.0422382
0.0449134
0.0382737
0.0407803
0.0400105
0.0390847
0.0388933
0.0384552
0.0368103
0.0390889
0.0308914
0.03158
0.0309783
0.037004
0.033244
0.0332971
0.0325696
0.0294928
0.0314503
0.0319857
0.0288787
0.0310383
0.0276078
0.0293646
0.0294477
0.0282566
0.0279055
0.0263369
0.0259605
0.0257251
0.0245655
0.0262665
0.0251461
0.024468
0.0258351
0.0250287
0.0222257
0.022609
0.02379
0.0217904
0.0244135
0.0210591
0.0226934
0.0209117
0.0200833
0.0221658
0.019791
0.0220873
0.0204793
0.0207638
0.0202983
0.019585
0.0194859
0.0200654
0.0194712
0.0182182
0.0192756
0.0175285
0.0179928
0.0194917
0.0171515
0.0162322
0.0179564
0.0160218
0.0179242
0.0169786
0.0166334
0.0168359
0.0160625
0.0167741
0.0162614
0.0147551
0.0165456
0.0155051
0.015965
0.0160046
0.0148933
0.0142185
0.014334
0.0145109
0.0142554
0.0146923
0.0148415
0.0136961
0.0133733
0.0145346
0.012469
0.0150243
0.0132263
0.0137004
0.0129466
0.012831
0.0131992
0.0122953
0.0134303
0.0130146
0.011747
0.0118688
0.0119017
0.0118817
0.0119446
0.0113763
0.0114866
0.0116188
0.0116061
0.0117101
0.0116132
0.0112621
0.0109522
0.010391
0.0107394
0.0105142
0.0109283
0.0106207
0.0105779
0.00987461
0.0109246
0.00976641
0.00957545
0.00997835
0.0096087
0.00959844
0.0102663
0.00937183
0.00962241
0.00945598
0.00896975
0.00977872
0.00898862
0.00912146
0.00930295
0.0089776
0.00914048
0.00905718
0.00805635
0.0085966
0.00875864
0.00880041
0.00868486
0.00802885
0.00862503
0.00837936
0.00807027
0.00829573
0.00790696
0.0074593
0.00759521
0.00728851
0.00743302
0.00776971
0.00717592
0.00714004
0.00753171
0.00703649
0.00704751
0.00693909
0.00696376
0.00724337
0.00740725
0.00640578
0.00699103
0.00703596
0.0069099
0.00689707
0.00675832
0.00646704
0.0061155
0.00645767
0.00618365
0.00616587
0.00648415
0.00634749
0.00641971
0.0060268
0.00599165
0.00579262
0.00611138
0.00594466
0.00577517
0.00551624
0.00604857
0.00591511
0.00554546
0.00558775
0.00523636
0.00530819
0.00527059
0.0054239
0.00513718
0.00514592
0.00489342
0.00451222
0.0046363
0.00520705
0.00471629
0.00466331
0.00457006
0.00465861
0.0046859
0.00447829
0.00438817
