n=32
J=0.707107
eta=1.01266
mu=0.0329114
beta-optimal=0
max-overlap=0
0.000630691
0.000293761
0.00239814
0.00405275
0.00130492
0.0018313
0.00831922
0.00766637
0.00528356
0.000654405
0.00054194
0.000350471
0.0019792
0.000907341
0.000435921
0.00195084
0.000330239
0.00102785
0.000553141
0.000757386
0.00117774
0.000666641
0.00250491
0.000262692
0.000428058
0.000769807
0.000325935
0.00054414
0.000601035
0.00015684
0.000112287
0.000200068
0.00142048
0.000313038
0.000877306
8.06762e-05
0.000755443
0.000137408
0.000546115
0.000371179
0.000305745
0.000189619
0.000505941
1.39512e-05
0.000717459
0.000335114
0.000737631
6.01059e-05
7.58401e-05
6.64424e-05
0.000216062
6.72514e-05
0.000345604
3.54424e-05
0.000161
0.000857442
0.000117138
0.000455598
0.000680525
0.000126376
8.96158e-05
0.000157691
0.000115547
0.000227395
2.65141e-05
0.000546854
9.01391e-05
0.000967852
8.90351e-05
0.000289134
4.56055e-05
0.000645764
0.00024603
0.000463464
0.000223177
5.59486e-05
0.000157593
0.000288369
0.000467694
5.14662e-05
0.000453781
0.000226488
0.000190265
8.58241e-05
0.000353795
8.64422e-05
0.000262484
2.48489e-05
0.000580841
0.000122801
0.000256601
0.000396778
7.27794e-06
2.92051e-05
0.000128784
0.000364492
0.000103966
8.48321e-05
0.000209722
0.000107097
0.000112759
3.64302e-05
8.56038e-05
9.17164e-05
0.00026768
0.000245694
1.54597e-05
0.000422007
0.000218194
0.000232302
0.00020134
0.000235459
0.000202551
0.000193427
6.88543e-05
0.000274151
1.48203e-05
0.000127715
2.84702e-05
3.90322e-05
0.000232499
0.000221198
5.63527e-05
0.000386099
0.000339131
0.000309751
8.04797e-05
2.24481e-07
2.31583e-05
0.000145665
0.000231465
0.000462477
0.000152107
6.54323e-05
0.000390361
7.17301e-05
0.00011955
1.50079e-05
0.00023478
6.58389e-05
7.8698e-05
2.30182e-05
0.000206861
0.000222456
9.23888e-06
0.000149012
1.66969e-05
0.000230647
8.41915e-05
0.000161058
5.96545e-05
3.81133e-05
0.000383152
4.16256e-05
2.82553e-05
5.68738e-05
5.21653e-06
4.90162e-06
1.17834e-05
9.33538e-06
0.000142842
1.32976e-05
9.65817e-05
2.27724e-05
4.85307e-05
0.000119819
0.00019781
0.000120879
9.91343e-05
0.00016416
0.000162325
0.000137765
7.74192e-05
5.96811e-05
0.000133025
0.00015148
8.67377e-05
5.4934e-05
3.51534e-05
0.000171528
7.50159e-05
3.55648e-05
0.000211449
3.09621e-05
0.000119539
1.15656e-06
3.76078e-05
1.50201e-05
0.000244837
3.43661e-05
0.000209978
8.24531e-05
0.000149116
8.28094e-05
0.000205803
4.01662e-05
7.82348e-05
4.46836e-06
1.30567e-05
0.000141502
0.000178653
3.27599e-06
8.48422e-05
0.000145214
5.45246e-05
1.51086e-05
6.26584e-05
2.86997e-05
0.000198749
3.06712e-05
3.38141e-05
8.20809e-05
0.000219951
2.9929e-06
0.000233865
9.79944e-05
2.29177e-05
4.76262e-05
2.643e-05
5.94033e-05
7.21247e-05
0.000136007
0.000105272
4.83811e-05
0.000129697
8.14301e-05
3.8466e-05
0.000101011
4.24472e-05
1.99264e-05
0.000179098
7.79899e-05
2.4315e-05
7.21543e-05
8.54887e-05
2.40358e-05
2.15499e-05
0.000192502
5.82409e-05
1.67912e-05
5.70784e-05
1.60758e-06
3.81307e-05
0.00018641
2.68809e-05
4.04811e-05
9.32955e-05
2.15271e-05
9.09847e-05
7.28378e-05
0.000103435
0.000185378
0.000141279
9.75243e-06
4.77994e-05
2.62304e-05
