n=32
J=0.707107
eta=1.77215
mu=0.129114
beta-optimal=0
max-overlap=0
1.04597e-12
9.72024e-13
2.03561e-12
1.93244e-12
8.58408e-13
1.39564e-12
7.6633e-13
1.26301e-12
1.37284e-12
1.27103e-12
1.95744e-12
1.47658e-13
4.29793e-13
1.38729e-12
1.98283e-12
2.68003e-13
1.29674e-12
9.08894e-13
1.30276e-12
1.16058e-12
5.69078e-13
6.55373e-13
1.34538e-12
5.84405e-13
4.9937e-13
2.58538e-13
1.09104e-12
7.57019e-14
4.26293e-13
3.69325e-13
9.60063e-13
1.99665e-13
1.61561e-12
4.26459e-13
5.7559e-13
6.56903e-13
8.3145e-13
4.4842e-13
3.68644e-13
5.23119e-13
1.47289e-12
7.41097e-13
4.77008e-13
2.41329e-13
4.43242e-13
5.40174e-13
3.27192e-13
1.58752e-13
6.74686e-13
8.32062e-13
2.51324e-13
7.23988e-13
4.10381e-13
9.58884e-14
4.9721e-13
3.76579e-13
6.92558e-13
9.47619e-13
1.59488e-12
3.97657e-13
6.7249e-13
1.0093e-12
5.48739e-13
1.62067e-13
1.41072e-12
1.49668e-13
7.88808e-13
6.20828e-14
8.63471e-13
8.40754e-13
5.28638e-13
3.50616e-13
8.91663e-14
4.72095e-13
3.15994e-13
5.08472e-13
3.80517e-13
3.86824e-13
5.24932e-13
6.62509e-13
1.04097e-12
1.10859e-12
2.20318e-13
5.54933e-13
3.39183e-13
7.4299e-13
1.18407e-12
7.41956e-13
4.09242e-13
2.73493e-13
6.95289e-13
1.67331e-13
3.25649e-13
1.96533e-13
4.2451e-13
1.69689e-13
2.32357e-13
4.96523e-13
2.81105e-13
4.11059e-13
2.92975e-13
2.80712e-13
2.78459e-13
1.53385e-13
1.5775e-13
2.388e-13
6.65752e-13
1.62593e-13
6.25898e-13
5.04671e-13
4.54055e-13
3.51504e-13
2.94341e-13
9.24822e-14
4.42595e-13
1.73301e-13
1.51044e-13
2.95816e-13
3.52749e-13
5.7339e-13
1.65531e-13
4.15924e-13
5.14749e-13
1.18532e-13
2.62035e-13
5.53888e-13
2.12238e-13
5.55117e-13
3.46516e-14
3.676e-13
8.13002e-13
5.81171e-14
2.10508e-13
6.55186e-13
4.12864e-13
3.35445e-13
5.04208e-13
1.78211e-13
6.2297e-14
8.22095e-14
2.90692e-13
5.64364e-13
3.76683e-13
4.46484e-13
1.78982e-13
3.62462e-13
7.93585e-14
6.52555e-13
2.95066e-13
3.14535e-13
7.30924e-13
1.6142e-13
2.73204e-13
2.95024e-13
2.22487e-13
2.0988e-13
3.38847e-13
2.66932e-13
2.26157e-13
7.07865e-13
3.90659e-13
6.46819e-13
5.136e-13
1.58008e-13
1.76669e-13
1.6531e-13
3.99423e-13
2.97754e-13
8.49062e-13
6.49287e-13
2.47901e-13
5.99461e-13
2.84015e-13
9.8674e-14
5.09869e-13
3.06811e-13
3.74404e-13
1.67091e-13
6.92501e-13
6.14818e-13
2.59733e-13
1.0005e-13
1.98596e-13
1.78985e-13
1.96283e-13
2.67165e-13
3.75202e-13
1.86743e-13
1.14167e-13
1.35379e-13
3.04169e-13
4.1384e-13
5.32327e-13
3.89345e-13
3.59554e-13
7.77445e-13
3.58222e-13
1.6878e-13
1.27681e-13
3.81535e-13
3.19878e-13
1.97725e-13
4.83359e-14
5.62861e-13
8.34063e-13
2.4205e-13
1.72165e-13
1.04714e-13
2.6066e-13
2.3066e-13
2.07513e-13
3.86772e-13
8.88479e-13
2.65324e-13
3.44954e-13
3.1908e-13
2.33269e-13
2.7076e-13
1.24416e-13
1.0687e-13
2.79716e-13
2.4511e-13
4.67374e-13
3.121e-13
3.15531e-13
4.7096e-13
1.45457e-13
2.88645e-13
2.57322e-13
5.5662e-13
2.24627e-13
2.04324e-13
3.2639e-13
1.15133e-13
1.61817e-13
4.52167e-13
1.77755e-13
2.32748e-13
4.81655e-13
5.09393e-13
2.24342e-14
1.25192e-13
1.57763e-13
2.81555e-13
9.8944e-14
4.68527e-13
2.97146e-13
8.48304e-14
4.94987e-13
8.39151e-13
4.03787e-13
7.65518e-13
7.67646e-14
3.35361e-13
5.2155e-13
2.029e-13
