n=32
J=0.707107
eta=1.06329
mu=0.0227848
beta-optimal=0
max-overlap=0
8.25934e-12
7.35881e-12
5.04557e-12
1.06248e-12
4.88604e-12
4.39262e-12
3.82907e-12
4.36699e-12
7.64108e-12
1.65191e-12
3.95636e-13
5.29382e-13
5.78053e-12
2.96449e-12
4.88184e-13
3.62785e-12
2.34798e-12
2.31583e-12
3.14025e-12
1.86033e-12
1.71144e-12
4.38527e-13
6.59645e-13
1.32364e-12
5.47005e-13
3.4471e-12
1.73248e-12
1.6822e-13
7.83194e-13
3.40805e-13
1.22039e-12
5.36303e-13
1.46908e-13
1.6168e-12
3.4439e-12
3.47099e-12
1.47235e-12
9.84253e-13
4.88396e-13
1.14927e-12
8.7986e-13
1.15647e-12
1.03699e-12
9.81733e-13
1.61989e-12
6.84921e-13
2.20205e-12
6.01639e-13
7.87425e-13
1.2395e-12
1.09135e-12
2.04053e-13
1.32897e-12
2.91219e-13
3.13485e-13
4.60505e-13
1.14131e-12
6.35355e-13
1.08444e-12
1.84112e-13
1.3682e-12
8.6546e-13
1.03478e-12
1.04096e-12
1.39068e-13
6.5482e-13
4.2489e-13
1.02665e-13
2.4123e-13
1.00344e-12
1.69487e-13
7.96342e-13
1.49386e-13
3.25911e-13
3.94728e-13
3.16821e-13
1.07629e-12
2.19e-13
8.35544e-13
1.7682e-13
2.61063e-13
2.16959e-12
3.22593e-13
2.04197e-12
2.94701e-13
9.14838e-14
1.02096e-12
2.19596e-13
1.44495e-12
7.38375e-13
8.9281e-14
3.32283e-13
1.48483e-13
7.36289e-13
3.25511e-13
5.71689e-13
4.05038e-13
6.57402e-13
7.82218e-13
1.11617e-12
6.46483e-13
3.17517e-13
7.10074e-13
5.16026e-13
4.12071e-13
7.52712e-13
7.43122e-14
3.60925e-13
6.35273e-14
7.40867e-13
1.4854e-12
3.28739e-13
7.99474e-14
3.27929e-13
1.2274e-13
1.33514e-13
4.14001e-13
2.44893e-13
2.17503e-13
8.62729e-13
1.68154e-13
2.66447e-13
1.59861e-13
1.75621e-13
3.368e-13
5.69055e-13
6.75009e-14
7.76914e-13
7.93879e-14
1.54334e-13
1.32662e-12
3.03924e-13
7.68625e-14
5.68154e-14
6.49093e-13
7.53653e-14
4.19245e-13
3.15093e-13
8.63596e-13
2.51586e-14
7.23639e-13
7.05507e-13
2.22637e-13
3.55373e-13
3.335e-13
3.38388e-13
4.28464e-13
5.19675e-13
5.99114e-13
1.05209e-13
2.94143e-13
4.6304e-13
1.26208e-13
2.80699e-13
4.10789e-13
1.59947e-12
2.13918e-13
5.82007e-13
3.30588e-13
8.84266e-13
4.52431e-14
3.01583e-13
1.21609e-13
2.47362e-13
2.85538e-14
1.82631e-13
1.34111e-13
1.353e-13
2.65132e-13
1.36506e-13
2.72175e-13
9.70399e-13
6.0945e-14
7.4052e-13
1.25096e-13
2.6698e-13
1.41949e-13
1.22927e-13
1.43102e-13
4.30059e-13
2.76385e-13
1.37832e-12
9.34843e-14
9.54001e-14
1.33741e-13
3.58565e-13
6.79885e-14
3.42345e-13
1.56257e-13
4.2209e-13
6.09625e-14
1.07473e-13
4.45681e-13
1.26509e-13
1.04162e-13
2.73609e-13
2.75719e-13
1.29534e-13
1.74224e-13
8.60416e-14
9.87879e-14
1.0675e-13
1.06183e-13
1.77974e-13
2.05979e-13
6.83853e-14
3.42767e-13
4.05223e-13
1.83465e-13
5.01311e-13
4.14628e-13
6.55251e-14
1.19928e-13
4.66288e-14
8.42871e-14
2.39958e-13
1.89271e-13
2.85034e-13
5.1408e-14
3.26255e-13
1.60867e-13
2.40629e-13
2.55343e-13
1.29546e-13
1.73439e-14
1.91772e-13
7.5914e-14
1.54326e-13
3.5248e-13
1.71393e-13
2.92795e-14
2.03417e-13
4.62092e-13
9.26914e-14
4.76157e-14
1.14761e-13
4.00668e-13
1.74665e-13
1.50879e-12
4.71087e-13
6.16881e-13
3.85063e-13
1.0133e-13
8.06758e-14
9.81826e-14
1.38602e-13
2.18589e-13
1.09769e-13
5.35996e-14
7.15617e-14
5.15432e-13
5.52753e-14
1.53974e-13
1.59076e-14
8.6712e-13
9.45915e-13
