n=32
J=0.707107
eta=1.03797
mu=0.0607595
beta-optimal=0
max-overlap=0
0.00419441
0.00601087
0.00233396
0.00993915
0.000572625
0.000145822
0.00500951
0.00202619
0.00124024
0.00264347
0.00337331
0.000956802
0.0023214
0.000344125
0.00164457
0.000810993
0.0018638
0.00127061
0.00148605
0.00169212
0.000382897
0.000474
0.000711117
0.00103994
0.0020836
0.00105688
0.000499351
0.00169821
0.000895532
0.00115545
0.00192319
0.000661196
0.000167615
0.000709169
0.000703844
0.00054843
0.00199443
0.00174222
0.00223446
0.000595631
0.000619296
0.000997875
0.00165245
2.61752e-05
0.000195854
0.000388728
0.000718828
0.000660537
0.000331277
0.000101518
0.00238525
0.00069846
0.00157314
0.000544096
2.09883e-05
5.78105e-05
0.00070359
5.54768e-05
0.000463148
0.00104204
0.000559034
0.000613644
0.000526362
0.000455653
0.000892208
0.000987471
0.000532778
0.00104035
2.10213e-05
0.000463928
0.000395228
0.00102831
0.000214893
0.000121688
0.00103733
1.64974e-06
0.000919923
0.000543677
0.000458891
0.000445665
0.000396962
0.000907646
0.000784605
6.4005e-05
5.13279e-05
0.000317775
0.000122887
0.00111501
0.000567582
0.000311681
0.000255695
0.000246186
0.000117481
0.000553307
0.000782196
0.000400968
0.000113849
0.00111996
0.000104569
0.00015797
0.00116758
0.000656813
3.88599e-05
0.000106818
0.000137202
3.45983e-05
0.000194354
6.53562e-05
0.000362263
0.000159651
0.000452712
0.00020164
4.16519e-05
0.000374791
3.56825e-05
0.000763767
0.000202229
0.000629451
6.77948e-05
5.46192e-05
0.000312708
0.000159117
0.000410066
0.000317898
0.000240919
0.000942505
0.000167546
0.000601203
2.42615e-05
0.000299681
0.000404737
0.000442029
4.54168e-05
0.00027904
0.000367116
0.000340114
0.000227008
0.000257123
9.2905e-05
0.000420316
0.000503233
7.53255e-05
0.000285548
1.31022e-05
9.41678e-05
0.000381839
4.10256e-05
0.00046985
0.000482218
0.000232941
0.000635372
0.000206837
2.60333e-05
0.000347675
0.000369776
0.000138308
2.98188e-05
2.68531e-05
0.000109876
0.000103863
3.42865e-05
0.000123067
0.000294796
0.000513199
7.06252e-05
0.000210576
4.21916e-06
9.36774e-05
0.000200001
9.88116e-05
7.58409e-07
6.39415e-06
2.19144e-05
5.04806e-05
0.000263021
4.93108e-05
5.3775e-05
1.41214e-05
1.34976e-05
0.000378324
0.000115634
0.000280527
8.72446e-06
0.000305006
0.000208575
8.59197e-05
0.000226324
0.000118928
0.000117154
0.000256728
6.94573e-05
0.000204261
5.6343e-05
0.000106743
0.000554883
1.51318e-05
0.000125869
3.87071e-05
0.000154262
0.00034865
6.90815e-05
0.000149992
9.28096e-05
0.000144485
0.000307075
0.000403204
0.000115961
8.1364e-05
0.000146663
8.13646e-05
6.54444e-05
0.00019138
9.54029e-05
0.000146567
4.09883e-05
7.56568e-05
0.000141154
0.000138333
0.000169293
0.000127166
6.91549e-06
1.58452e-05
0.00015291
0.000157446
2.13874e-05
0.000149606
0.000109341
0.000174103
0.000190133
0.000114187
0.000122051
0.000142981
0.000195168
0.00018523
1.78933e-05
0.000223195
5.12051e-05
0.000131272
0.000147181
3.08235e-05
0.000381268
0.000339511
6.76994e-05
0.000302995
0.000192671
0.000193207
0.000142284
1.27601e-05
6.88885e-05
0.000105529
0.000138899
0.000280163
6.21312e-06
0.000200691
6.73159e-05
0.000295526
