n=32
J=0.707107
eta=1.06329
mu=0.0506329
beta-optimal=0
max-overlap=0
0.00223402
0.00387603
0.00225171
0.00464299
0.000477803
0.000763733
0.00495062
0.00120882
9.80538e-05
0.00074702
0.00155036
0.000317076
0.00202052
0.000284795
0.000106925
0.000242127
0.00112084
6.04128e-05
0.00059763
0.00251942
0.000673105
0.000595972
0.000222738
0.000818221
0.00134969
0.000109629
1.68158e-05
0.001414
0.00138373
0.000710361
0.000295071
0.000294815
5.33288e-06
0.000458136
9.80436e-05
0.000773811
0.000740276
0.0017236
0.000662657
0.000893996
0.000507185
0.000305789
0.000584914
0.000559518
0.000544721
0.000188503
0.000465122
0.000102356
7.584e-05
0.000439305
0.00173803
0.0014314
0.000252758
0.000780416
0.000108299
0.000345266
0.000457927
0.000796783
0.000408171
0.00091228
0.000537347
0.000759045
0.000336176
0.000372847
0.000761839
0.000432816
0.000525955
0.000410763
3.39674e-05
0.000152953
0.0009815
0.000157323
7.7112e-05
0.000310815
0.000648288
6.00196e-05
0.000527078
0.000570924
0.000529106
0.000380778
6.60161e-08
0.000927058
0.000599429
0.000130587
0.000208676
0.000306065
0.000468849
0.000951968
0.000249282
0.000564903
0.000228272
0.000207768
3.16239e-05
0.000622347
0.0005055
0.000162571
9.48684e-05
0.000834368
0.000176239
2.2306e-05
0.000765079
0.000473906
1.15307e-05
0.000225571
0.000231736
5.65164e-05
0.000377168
5.53262e-05
0.000266352
1.33324e-05
0.000252648
0.000247313
0.000153406
0.000513979
0.000308227
0.000676615
0.00013249
0.00026793
3.08597e-05
1.38146e-06
0.000159524
0.000443376
0.000430087
0.000233183
0.000365776
0.000712788
0.000211721
9.3548e-05
0.000164227
0.000283813
0.000437215
8.83462e-05
8.69253e-05
0.000332618
0.000253837
0.000333909
0.000206653
9.7419e-05
0.000187887
0.000146491
0.000295798
3.62396e-05
5.38426e-05
0.000403189
5.0046e-06
0.00028545
9.70208e-05
0.000330408
0.000304708
0.000202503
0.000195391
0.000112596
0.000152325
0.000305188
0.000228209
0.000268753
7.54415e-06
4.55196e-05
0.000120316
8.359e-05
6.87974e-05
0.000238591
8.37594e-05
0.000618443
0.00017978
0.000324733
0.000103606
1.45617e-05
5.56346e-05
2.71036e-05
9.08655e-05
0.000122364
5.82949e-05
9.57247e-05
6.4489e-05
2.3636e-06
4.28368e-05
2.39404e-05
0.000147618
0.000128951
9.72283e-05
0.000162838
0.000207086
0.000162903
0.000122653
1.69081e-05
4.0077e-05
0.000140093
3.57662e-05
7.63829e-05
0.000137412
8.85722e-05
4.67566e-06
0.000134521
0.000215472
3.08005e-05
0.000215919
1.92245e-06
0.000190582
0.000198173
0.000160227
0.000252662
0.000117197
0.000329536
0.000214507
0.000282074
4.4356e-05
6.13983e-05
0.000231846
0.000117887
4.1452e-05
0.000200894
5.03874e-05
0.000127321
0.000108162
8.16197e-05
0.000172176
0.000149016
0.000122423
0.000148763
5.93312e-05
1.34127e-05
0.00019248
0.00015889
7.82777e-07
0.000238862
0.00011708
9.99226e-05
0.000202537
0.000179947
8.47305e-05
0.000178249
0.000147886
9.56843e-05
7.55056e-05
0.000124681
7.05902e-06
0.000114128
9.51264e-05
1.72267e-05
0.000404144
0.000385323
0.000109466
0.000242956
0.000204115
0.000172869
0.000142685
7.68837e-05
0.000145762
0.000100376
0.000177567
0.000225225
0.000124929
0.000187138
0.000117957
0.000213277
