n=32
J=0.707107
eta=1.36709
mu=0.0886076
beta-optimal=0
max-overlap=0
3.18494e-12
1.2555e-12
1.93486e-12
2.06594e-12
2.35532e-12
2.26792e-12
1.10191e-12
4.44711e-12
1.03315e-12
3.31924e-12
2.74255e-12
1.36938e-12
1.74838e-12
6.94755e-13
2.40883e-12
1.26779e-12
3.01286e-12
2.31877e-12
2.17307e-12
8.51371e-13
1.08093e-12
1.85004e-12
1.73245e-12
1.39789e-12
2.92152e-12
1.28856e-12
1.73299e-12
2.5179e-12
1.47512e-12
1.52823e-12
2.55022e-12
1.95451e-12
2.14098e-12
1.56662e-12
9.11503e-13
8.95862e-13
1.95987e-12
1.3825e-12
9.19791e-13
6.95151e-13
1.65548e-12
4.55335e-13
1.04962e-13
1.03533e-12
6.60315e-13
8.90416e-13
2.69548e-12
7.25797e-13
2.22409e-12
4.24296e-13
7.83833e-13
5.96689e-13
3.89403e-13
3.47678e-13
8.50621e-14
3.03872e-13
8.49389e-13
7.56305e-13
8.08704e-13
1.17857e-12
1.9361e-12
4.12018e-13
6.99599e-13
2.38057e-13
8.44419e-13
9.91089e-13
2.2451e-13
7.1889e-14
5.61274e-13
6.77914e-13
7.99442e-13
2.2297e-13
9.11393e-13
1.33645e-12
5.82183e-13
1.74575e-12
1.97313e-12
1.40781e-13
8.54089e-13
2.46704e-13
8.57854e-13
9.18555e-13
1.90423e-13
1.32932e-12
4.62961e-13
8.15162e-13
1.30913e-12
1.18726e-12
3.6381e-13
1.04997e-12
9.47513e-13
2.94892e-13
1.66994e-12
8.04022e-13
7.98634e-13
8.43396e-13
8.84731e-13
5.55283e-13
3.47511e-13
2.37612e-13
8.40119e-13
1.6733e-12
3.91039e-13
2.46517e-13
3.61412e-13
2.6814e-13
1.11379e-12
3.78022e-13
7.5475e-13
7.07038e-13
5.23552e-13
1.13245e-12
7.75782e-13
2.36695e-13
3.85858e-13
1.06943e-13
3.5597e-13
6.83834e-14
2.89803e-13
5.74732e-13
2.16247e-13
5.30303e-13
1.31604e-12
2.39289e-14
3.05696e-13
8.289e-13
1.03751e-12
1.04053e-12
1.55668e-13
1.63656e-13
4.66229e-13
1.31064e-13
2.44997e-13
1.10704e-13
1.17314e-12
3.75438e-13
7.85802e-14
1.30593e-13
2.49461e-13
8.5128e-13
7.76103e-13
2.47623e-13
2.68815e-13
1.36963e-13
2.74494e-13
5.6777e-13
3.90401e-13
5.3406e-13
7.60381e-14
4.44038e-13
2.15819e-13
5.15616e-13
3.41356e-13
2.71084e-13
1.13746e-12
4.6585e-13
5.32003e-13
2.79611e-13
7.07842e-14
5.20326e-13
4.52624e-13
8.68452e-13
8.35037e-13
1.0678e-12
5.56349e-13
3.71656e-13
7.05057e-13
5.36335e-13
5.72236e-13
5.69327e-13
5.89135e-13
4.11765e-13
7.29531e-13
1.70357e-13
1.45382e-13
3.76053e-13
3.1893e-13
5.67113e-13
1.77409e-13
6.52607e-13
1.38052e-13
8.24207e-15
3.92371e-13
1.09321e-13
2.84399e-13
4.98383e-13
6.97126e-13
1.31359e-13
3.86225e-13
4.26936e-13
1.35853e-14
4.42852e-13
2.93702e-13
8.43235e-13
2.45783e-13
5.478e-13
7.51361e-13
1.82455e-13
4.79636e-13
3.72446e-13
8.06832e-13
1.25508e-13
2.97481e-13
7.04054e-13
1.04446e-12
1.82345e-13
4.34478e-13
2.55989e-13
1.46552e-13
1.78439e-13
6.41224e-13
4.23917e-13
1.95861e-13
2.24136e-13
4.75893e-13
5.11159e-13
1.99013e-13
1.99059e-13
2.47597e-13
4.17287e-13
4.93097e-13
3.25434e-13
3.59465e-13
3.99992e-13
1.08393e-13
3.85925e-13
4.4318e-13
1.78941e-13
9.15065e-14
3.50753e-13
2.26912e-13
3.32481e-13
6.49321e-13
3.61119e-13
1.33832e-13
3.53265e-13
6.50226e-13
8.60388e-14
6.58164e-13
3.41733e-13
3.98011e-13
1.75291e-13
1.04773e-13
3.75199e-13
7.76789e-14
2.06863e-13
4.54031e-14
2.46324e-13
4.73715e-13
7.24847e-13
3.6689e-13
5.83109e-13
3.49981e-13
2.24068e-13
2.99271e-13
4.97434e-13
