n=32
J=0.707107
eta=1.01266
mu=0.0151899
beta-optimal=0
max-overlap=0
0.000628751
0.00243695
0.00108309
0.00125211
0.00246194
0.00116902
0.00173001
0.000874287
0.000469704
0.000549347
0.00137603
0.00128324
0.000458733
0.00124374
0.000103807
0.00027201
0.000695339
4.39035e-05
0.00104288
0.000200472
0.000780773
8.18287e-05
3.58916e-05
0.000518681
9.08801e-05
4.6478e-05
0.00109527
0.000313198
0.0004182
0.000370982
0.000271668
7.49211e-05
0.000359827
0.000163037
0.000250709
0.000281501
0.000147444
0.000338417
6.27056e-05
0.000701354
8.13628e-05
0.000285076
0.000186383
0.00019908
0.000294386
0.000185445
7.55956e-05
0.00024279
3.60121e-05
3.65651e-05
0.000317916
8.71592e-05
0.000303386
7.37708e-05
1.96252e-05
0.000221282
0.000123151
0.000259251
0.000150705
2.59013e-05
0.000261205
0.000152107
0.000228886
9.36714e-05
6.80505e-05
0.000130912
1.32534e-05
2.50546e-05
6.08782e-05
6.41205e-05
0.000173648
0.000164896
0.000211159
0.000153863
3.31155e-05
0.000272749
0.000147207
5.84399e-05
0.000157851
0.000117786
0.000227263
1.82134e-05
4.16491e-05
9.32559e-05
3.559e-05
3.97502e-06
1.42732e-05
2.73665e-05
4.4513e-05
0.000120609
0.00011231
7.12074e-05
1.19939e-06
8.41051e-05
1.50214e-05
1.29289e-05
0.000158367
0.000227419
0.000143884
6.44573e-05
8.54775e-06
2.27823e-05
5.43416e-05
3.96673e-05
0.000207269
9.96155e-05
5.82033e-05
7.17963e-06
0.000172114
9.89669e-06
5.83426e-05
4.48932e-05
7.5643e-05
4.03654e-05
6.23112e-05
2.13313e-05
9.40982e-05
4.91484e-05
0.000156216
0.000170073
1.01376e-05
0.000147393
0.000149599
3.48646e-05
7.25649e-05
2.07694e-05
1.84221e-05
9.39153e-05
2.34025e-05
6.08898e-05
6.02749e-05
0.000132658
7.43643e-05
4.65256e-05
0.000131149
0.000180221
6.4158e-06
0.000134851
6.65643e-05
2.89278e-05
8.97996e-05
0.000141928
1.614e-05
5.0607e-05
9.36434e-05
8.84283e-06
6.0252e-05
1.50961e-05
8.83537e-05
3.92864e-05
0.000187875
8.39215e-05
4.75241e-05
2.54149e-05
1.34514e-05
4.1069e-05
4.30997e-05
8.85456e-05
1.18317e-05
1.705e-05
2.81938e-05
1.248e-06
5.375e-05
3.49727e-05
3.28809e-05
6.88162e-05
7.37182e-05
2.09506e-05
1.98117e-05
0.000110531
2.62642e-05
3.65926e-05
9.72655e-05
1.79057e-05
7.08559e-06
9.55383e-06
1.83965e-06
8.76803e-06
0.000135025
1.50949e-05
6.9402e-06
2.95204e-05
3.78455e-05
1.37124e-05
7.6783e-05
6.55582e-05
3.39409e-05
1.05042e-05
1.80539e-05
1.51398e-05
6.74737e-05
2.984e-05
0.000105252
2.51168e-05
9.39279e-05
3.50942e-05
6.26959e-06
9.5891e-06
2.53778e-05
0.000211159
3.03837e-05
9.14113e-06
7.4699e-06
2.04267e-05
6.56256e-05
4.71672e-06
3.22942e-05
2.05898e-05
1.3324e-05
7.11414e-06
0.000102527
0.000108518
2.53773e-06
1.17837e-05
8.75054e-06
8.50365e-05
1.39462e-05
2.09409e-05
5.66663e-05
1.17249e-05
1.13507e-05
4.38757e-05
5.63482e-05
9.49554e-06
4.45682e-06
0.000145164
9.47616e-06
1.80502e-05
6.14942e-05
4.17061e-05
1.94422e-05
3.79892e-05
6.0229e-05
6.04852e-05
3.61927e-05
1.36707e-06
1.46353e-05
2.60882e-05
4.74037e-06
5.0849e-05
1.60629e-05
2.94538e-05
6.29134e-06
7.91335e-06
6.47653e-05
1.90265e-05
4.48007e-05
1.47977e-05
4.33176e-05
1.48851e-05
8.89888e-05
1.50621e-05
1.00672e-05
5.72648e-05
4.04037e-05
5.89839e-06
