n=32
J=0.707107
eta=1.06329
mu=0.0329114
beta-optimal=0
max-overlap=0
0.000180849
0.00296213
0.000417231
0.00142624
0.00243537
0.000948286
0.00014976
0.00173148
1.33768e-05
8.109e-05
0.0026311
0.00089246
0.000110162
0.000425209
6.75521e-05
0.00168559
0.000273451
0.00126015
0.000203017
0.000953297
0.00193652
0.00131
0.000199881
0.000366094
0.000691393
0.000297006
0.00182844
0.00049702
0.000206766
0.000183709
0.000422394
0.000680447
0.000628631
1.61211e-05
0.000348809
0.000203152
0.00014616
0.000191657
0.000194456
0.000320363
0.000254839
8.72811e-05
7.51523e-05
0.000615736
0.000198981
0.000737241
0.000750537
0.000134589
0.000345114
0.000487947
0.00153666
5.10934e-05
0.000239138
0.000428622
0.000369596
0.000308216
0.000374367
0.000496006
0.000181275
0.000385369
0.000392276
0.000319607
0.000112269
0.000294622
0.000171793
4.02451e-05
0.000517902
0.000410267
0.000256819
3.90412e-05
1.83253e-05
0.000192146
3.68325e-05
4.53197e-05
0.000547707
6.15678e-05
2.89906e-05
0.0001568
2.60725e-05
0.000126857
0.000115158
0.00021021
0.000392111
0.000367095
0.000124009
0.000644081
0.00010454
0.000425977
7.42896e-06
4.29848e-05
0.000363338
0.000123165
7.21935e-05
0.000182737
0.000217598
0.000160592
6.79425e-05
0.000116105
6.10755e-07
0.000182556
2.30991e-05
8.74171e-05
0.000374733
0.000336581
9.58931e-06
0.000438277
7.4533e-05
0.000325136
7.7352e-05
0.000233405
0.000113932
8.23948e-05
1.98213e-06
5.33719e-05
2.288e-06
0.000295003
6.22036e-05
8.55656e-06
0.000311893
2.26725e-05
4.46125e-05
3.7376e-05
2.02097e-05
3.99808e-05
9.93064e-05
5.64983e-05
0.000422532
1.64926e-06
0.000124628
4.25151e-06
3.81374e-05
2.88329e-05
0.000239174
0.000128022
8.52907e-05
0.000219113
7.53591e-05
0.000136885
0.000145894
9.62911e-05
0.000113475
3.81704e-05
4.12834e-05
9.97753e-05
9.94565e-06
6.58114e-05
0.000411892
3.30993e-05
0.000100965
0.000196688
0.000120302
6.26184e-05
0.000115306
5.3039e-05
7.37233e-06
0.000139307
0.000120155
2.68828e-05
8.66965e-05
0.000110139
6.61326e-06
1.7187e-05
0.000326201
9.53917e-06
3.40326e-05
0.000158347
7.12744e-05
8.14418e-06
0.000144632
0.000344583
4.79744e-06
6.04262e-05
0.000141126
7.62217e-05
0.000104822
6.76395e-06
3.57774e-05
1.9809e-05
0.000157828
2.82321e-05
5.3384e-05
1.74838e-05
0.000153705
3.08251e-05
8.04277e-05
0.000271768
0.000109957
2.90377e-05
2.84215e-05
2.65524e-05
0.000119539
5.94651e-05
3.33485e-05
1.58501e-05
4.15054e-05
6.70683e-05
4.06338e-05
2.50475e-05
0.000147015
0.00017887
5.29527e-05
2.76599e-05
6.88527e-06
5.37867e-05
1.26812e-05
0.000176398
6.03724e-05
2.80262e-05
8.82173e-05
2.02149e-05
6.72102e-05
4.60663e-05
1.09941e-06
8.51908e-05
0.000283135
4.34244e-05
3.37405e-05
0.000144371
0.000118308
9.5767e-06
7.85634e-08
7.49369e-05
5.71677e-06
0.000291254
4.55076e-05
0.000164228
2.39859e-05
4.39373e-05
0.000272988
4.55765e-05
7.38846e-05
0.000160607
1.57146e-05
3.7691e-05
0.000128101
6.28338e-05
8.58534e-05
7.76307e-05
4.5055e-05
0.000184618
1.06594e-06
4.55751e-05
7.55921e-05
0.000183613
9.76448e-05
2.79162e-05
4.68846e-05
0.000135068
7.71874e-05
4.26059e-05
0.000105832
0.000210343
3.69018e-05
1.75635e-05
2.74222e-05
2.97615e-05
