n=32
J=0.707107
eta=1.06329
mu=0.00759494
beta-optimal=0
max-overlap=0
7.15326e-12
6.23224e-13
9.84911e-13
5.12503e-13
4.18479e-12
4.31128e-12
1.07085e-12
1.54527e-12
3.45935e-12
3.15336e-13
4.95302e-13
5.17691e-13
1.64843e-12
4.66361e-12
6.01287e-13
3.78439e-13
2.85436e-12
3.33474e-14
1.47737e-12
2.05737e-13
3.9006e-13
2.00012e-13
9.15332e-13
1.2405e-13
8.41625e-13
1.98453e-13
1.70573e-13
3.10789e-13
2.83208e-13
4.80732e-13
1.39677e-12
7.92742e-13
1.81931e-13
1.38157e-13
7.74669e-13
7.01667e-13
1.4428e-13
2.73881e-13
9.26468e-14
8.65173e-13
1.54595e-13
1.4777e-13
2.6472e-13
9.96777e-13
1.49834e-13
4.66011e-13
2.13885e-13
9.76186e-13
3.58835e-13
3.96675e-13
1.90708e-13
7.37787e-14
8.58344e-13
1.06513e-13
1.27051e-13
6.15512e-14
2.46068e-13
3.13074e-13
1.06885e-13
9.22065e-14
2.61645e-13
3.81481e-13
6.11065e-14
4.12299e-14
1.69918e-14
1.04477e-13
6.44433e-13
8.11578e-14
2.19608e-13
1.17451e-13
3.56671e-14
3.78395e-13
6.41437e-14
4.18261e-13
6.7588e-14
4.54073e-14
6.47404e-14
1.45943e-13
1.10064e-13
3.63302e-13
2.12571e-14
2.82293e-13
1.27701e-13
8.27643e-14
5.25956e-14
2.09314e-13
1.88081e-14
1.02486e-13
1.80886e-13
3.55215e-13
1.99124e-13
5.20584e-14
2.18437e-13
1.49732e-13
1.02847e-12
5.57176e-13
6.19529e-13
3.04695e-13
1.04621e-12
8.6747e-14
2.46016e-13
1.49582e-13
5.38617e-14
1.4916e-13
8.90048e-14
2.90937e-14
8.13431e-14
5.95838e-14
3.87312e-13
5.78378e-14
1.36476e-13
1.88211e-14
2.98502e-13
3.33881e-14
2.28539e-13
5.21428e-14
1.61765e-14
2.8254e-13
5.03762e-14
2.44332e-13
6.26343e-14
9.4839e-14
2.93221e-14
1.24474e-13
2.17966e-13
8.6716e-15
4.06778e-13
7.7682e-15
6.89664e-15
1.53005e-13
5.21202e-14
1.49757e-14
3.98135e-14
2.13033e-13
1.11658e-13
2.09112e-13
2.64399e-14
1.48217e-13
3.09681e-13
2.40981e-14
7.17587e-14
1.09822e-14
7.97957e-14
8.08873e-14
5.68946e-14
1.03363e-13
2.08401e-13
1.29197e-13
3.1117e-14
3.27023e-13
7.62318e-13
5.6554e-13
1.07414e-12
1.68791e-12
6.80514e-13
1.81151e-13
7.44701e-14
5.02673e-14
4.51249e-14
5.87246e-14
5.84819e-14
1.38786e-13
4.49272e-14
4.09185e-14
1.00103e-13
1.01435e-13
1.52257e-13
3.10684e-14
6.88912e-14
6.22347e-14
2.92095e-14
1.87803e-14
1.55551e-13
5.74381e-15
1.15872e-13
2.97187e-13
3.28449e-14
1.78539e-14
2.02867e-13
2.74283e-14
1.09316e-13
1.27767e-14
1.49567e-13
2.2364e-14
1.96245e-14
1.86578e-13
3.66731e-14
1.84134e-13
3.06671e-14
3.45499e-14
1.79971e-13
2.95819e-14
1.63502e-13
7.39109e-14
4.16377e-14
1.40795e-13
6.88808e-14
3.87545e-14
2.48683e-13
2.88579e-14
1.82901e-13
5.32611e-13
1.16404e-12
7.14721e-13
3.29371e-13
4.56786e-13
2.62295e-13
1.16308e-13
1.82836e-13
4.62707e-14
6.33509e-14
4.18112e-14
3.28872e-14
1.15986e-14
1.43423e-13
2.72308e-14
2.90174e-13
1.73292e-13
4.8264e-13
2.52698e-14
3.73364e-14
2.06371e-14
1.22852e-13
2.66895e-14
1.13122e-13
1.921e-14
8.14254e-14
2.17019e-14
6.74588e-14
1.30097e-13
2.54398e-14
8.42423e-14
3.3242e-14
2.77303e-14
7.97622e-14
1.95971e-13
6.58771e-14
4.4701e-13
1.66421e-13
3.52229e-13
1.73895e-13
2.76558e-14
8.39753e-14
2.01394e-14
7.6567e-14
2.21025e-13
9.08815e-14
1.77911e-14
1.4633e-14
1.58857e-13
1.78812e-14
1.74336e-13
4.32907e-14
1.04048e-14
4.98174e-14
1.38536e-13
