n=32
J=0.707107
eta=1
mu=0.146835
beta-optimal=0
max-overlap=0
0.230838
0.211693
0.208167
0.201295
0.190027
0.186784
0.165097
0.16262
0.162298
0.156859
0.145407
0.145609
0.149805
0.140642
0.140845
0.140457
0.140218
0.129084
0.12537
0.120498
0.109582
0.112361
0.10613
0.104948
0.101498
0.105513
0.104978
0.0999115
0.0965098
0.0911194
0.09501
0.0929803
0.0897158
0.0857559
0.0830545
0.083539
0.0821773
0.0783703
0.0785228
0.0790988
0.0769989
0.0747778
0.0768372
0.0740942
0.0706544
0.0729677
0.0696967
0.0653496
0.070037
0.0648306
0.0697275
0.0636984
0.064041
0.0617863
0.0615858
0.0622403
0.0586986
0.059129
0.0603323
0.0606651
0.0552474
0.0572591
0.0560826
0.0563155
0.0565654
0.058252
0.0514409
0.0527458
0.0514517
0.0497179
0.0509452
0.0509445
0.0486899
0.0522403
0.0471703
0.0488101
0.0474698
0.0471704
0.0463219
0.0449086
0.0456868
0.0458253
0.0428811
0.0418952
0.0418234
0.0416552
0.0434922
0.0427036
0.0403599
0.0402577
0.039503
0.0401297
0.039388
0.0403111
0.0388801
0.0383188
0.037274
0.0366441
0.036739
0.0382657
0.0362733
0.0357197
0.0365982
0.035171
0.0350774
0.0347792
0.0359152
0.0357344
0.0325614
0.0331096
0.0330787
0.0302458
0.0319234
0.0322942
0.0322679
0.0310648
0.0317122
0.0304436
0.0311557
0.0302268
0.0321616
0.0310871
0.0292346
0.0294399
0.0298095
0.0288608
0.0278168
0.028133
0.0284102
0.0279546
0.0273652
0.0272093
0.0263628
0.0269282
0.0264983
0.0261161
0.025479
0.025777
0.0256015
0.0253412
0.0245638
0.024591
0.0245198
0.0248063
0.0241559
0.0232771
0.023235
0.024373
0.0229746
0.0236318
0.0234913
0.0225856
0.0226637
0.0221904
0.0229763
0.0213599
0.0217232
0.0211077
0.022071
0.0207782
0.0205244
0.0213325
0.0211314
0.0204746
0.0204802
0.020686
0.0205255
0.0204459
0.0196618
0.0187743
0.0203193
0.0196485
0.0195417
0.0197605
0.0187651
0.018663
0.0190812
0.0184816
0.0190061
0.0180024
0.0180149
0.018207
0.0178717
0.0180733
0.0177568
0.0174021
0.0171903
0.017349
0.0172543
0.0169192
0.0165911
0.0172345
0.0169282
0.016612
0.0163027
0.0161815
0.016272
0.0160793
0.0160547
0.0166823
0.0157847
0.0154851
0.015184
0.0158809
0.0152075
0.0146869
0.01527
0.0147862
0.0149256
0.0141557
0.0142816
0.0141035
0.0136231
0.0138841
0.0138649
0.0135294
0.013691
0.0134616
0.0135328
0.0137327
0.0132577
0.0130632
0.0130089
0.0129971
0.012723
0.013051
0.0125225
0.012923
0.0125605
0.0121685
0.0121011
0.0119497
0.0122323
0.0118851
0.0121856
0.0120913
0.0116508
0.0114216
0.0113472
0.0111554
0.011489
0.0113567
0.0110045
0.011057
0.0106531
0.0106785
0.0107535
0.0104395
0.0101234
0.0101445
0.00984703
0.00987035
0.00965355
0.00953702
0.00957937
0.00898976
