n=32
J=0.707107
eta=1.77215
mu=0.113924
beta-optimal=0
max-overlap=0
1.63848e-12
8.33953e-13
9.76273e-13
1.26218e-12
4.46884e-13
1.0215e-12
1.35824e-12
8.05361e-13
8.91225e-13
2.68915e-12
1.62487e-12
4.28777e-13
1.57535e-12
3.2323e-13
2.96244e-12
5.22553e-13
2.29374e-12
7.51442e-13
6.23799e-13
1.06557e-12
1.22712e-12
5.93695e-13
9.1913e-13
3.51655e-13
9.59052e-13
2.89409e-13
8.27996e-13
1.03748e-12
7.23391e-13
7.79339e-13
1.12244e-12
2.09476e-13
1.20038e-12
4.74841e-14
7.49062e-13
1.98397e-13
1.2959e-12
7.03782e-13
2.0435e-13
4.83461e-13
5.82477e-13
1.34764e-13
3.13693e-13
6.50399e-13
2.22231e-13
8.21885e-13
1.55313e-12
2.19598e-13
8.88297e-13
4.90691e-13
4.17e-13
1.50456e-13
4.31052e-14
4.89877e-13
3.99609e-13
8.86145e-13
4.01643e-13
1.65554e-13
3.57548e-13
4.61763e-13
1.06811e-12
2.84054e-13
3.7555e-13
3.90533e-13
6.81393e-13
6.32665e-13
4.49179e-13
3.10957e-13
2.24049e-13
4.67317e-13
9.29698e-13
9.97748e-14
3.56805e-13
4.27578e-13
4.68281e-13
6.09273e-13
6.41131e-13
1.02892e-13
1.4777e-12
6.45722e-13
1.03367e-12
3.55056e-13
2.85975e-13
3.83682e-13
1.58945e-13
4.00205e-13
5.39751e-13
7.80735e-13
1.02547e-12
5.09562e-13
5.226e-13
8.60841e-13
3.46657e-13
7.4403e-13
1.6542e-13
2.38866e-13
2.66989e-13
2.88807e-13
9.77751e-14
1.82075e-13
7.37943e-13
6.19528e-13
3.37704e-13
5.61825e-13
1.7356e-13
1.31081e-13
9.09621e-13
2.37489e-13
6.74993e-13
1.58241e-13
2.30249e-13
5.68104e-13
5.91224e-13
1.87665e-13
3.97164e-13
7.12499e-14
1.41753e-13
2.38044e-13
2.24045e-13
1.9215e-13
1.49547e-13
2.05899e-13
6.4806e-13
3.41756e-13
4.97868e-14
4.94953e-13
6.14514e-13
2.90146e-13
1.68893e-13
3.81938e-13
3.30148e-13
2.07807e-14
1.90371e-13
2.32385e-13
4.609e-13
3.58405e-13
1.22972e-13
1.87737e-13
2.59919e-13
3.82678e-13
2.81777e-13
1.62605e-13
2.37444e-13
1.81789e-13
1.78542e-13
4.29816e-13
4.62409e-14
1.65275e-14
1.37115e-13
1.3721e-13
3.35138e-13
3.74101e-13
3.46806e-13
1.33748e-13
3.98082e-13
3.52398e-13
2.18462e-13
3.0183e-13
1.51718e-13
6.97027e-13
1.88743e-13
1.51039e-13
2.58685e-13
2.60032e-13
1.94007e-13
2.66224e-13
5.64296e-14
1.09366e-13
2.19216e-13
4.65262e-13
4.01339e-13
2.32375e-13
8.20811e-14
5.13304e-13
2.67549e-13
5.12625e-13
9.03501e-14
2.11462e-13
2.0181e-13
2.00097e-13
1.93515e-13
2.5135e-13
7.16404e-13
1.92319e-13
4.50804e-13
1.43946e-13
6.63573e-13
2.93564e-13
4.77018e-13
1.77465e-13
2.39329e-13
2.11225e-13
1.3492e-13
4.44096e-13
5.79239e-13
2.86258e-13
4.54121e-13
1.67984e-14
4.25457e-13
4.06884e-14
2.61372e-13
1.81006e-13
1.64308e-13
2.45924e-13
5.21142e-13
8.88009e-14
1.22644e-13
6.27994e-14
2.15896e-13
1.55713e-13
4.72594e-13
1.75042e-13
1.14538e-13
1.61202e-13
3.08938e-13
6.50753e-14
1.12643e-13
5.10846e-13
3.30633e-13
1.42688e-13
1.88989e-13
1.79422e-13
3.02252e-13
1.05714e-13
1.9037e-13
1.20907e-13
1.83748e-13
3.18643e-13
4.66137e-13
4.28868e-13
1.81018e-13
3.87219e-13
2.20425e-13
1.37832e-13
1.0572e-13
2.0301e-13
2.35503e-13
1.79455e-13
1.96617e-13
2.27262e-13
3.46722e-13
1.12788e-13
1.36971e-13
1.90807e-13
2.00626e-13
2.75326e-13
3.1707e-13
5.15171e-13
6.78234e-13
1.01043e-12
2.10442e-13
2.55365e-13
2.23319e-13
1.26613e-13
4.19595e-13
4.34861e-13
