n=32
J=0.707107
eta=1.03797
mu=0.0177215
beta-optimal=0
max-overlap=0
5.63082e-12
3.37882e-11
1.00619e-11
1.76919e-11
1.07121e-11
3.86693e-12
1.22404e-12
8.3152e-12
3.80482e-12
5.63359e-12
3.13022e-12
2.52061e-12
1.41423e-12
4.18585e-12
4.02671e-12
1.44665e-12
3.03607e-12
1.4843e-12
6.42926e-12
1.1604e-12
1.23571e-12
1.12789e-12
3.74153e-12
1.70674e-12
5.20986e-12
7.00169e-13
1.86216e-12
7.36238e-13
4.24075e-12
3.63608e-12
3.82384e-12
4.88354e-13
1.84808e-12
1.62555e-12
5.82533e-13
8.25416e-13
2.4156e-12
1.83785e-12
3.51862e-12
1.06823e-12
1.05355e-12
1.36148e-12
1.51598e-12
1.2372e-12
1.31565e-12
1.60611e-12
4.49421e-13
2.66163e-12
1.64099e-12
6.98407e-13
1.31311e-12
1.61712e-12
1.644e-12
5.62001e-13
1.85302e-12
2.26493e-12
1.08104e-12
5.55976e-13
7.42254e-13
4.52479e-13
1.48607e-12
1.0315e-12
5.81134e-13
5e-13
7.46801e-13
3.75167e-13
8.32812e-13
8.54719e-13
6.87113e-13
7.01528e-13
2.82951e-13
9.74968e-13
7.99583e-13
7.32151e-13
1.15489e-12
1.82936e-13
7.91832e-13
3.55172e-13
6.03235e-14
1.64908e-12
7.33225e-13
2.11169e-13
4.07338e-13
2.22581e-13
5.08697e-13
1.74012e-12
2.69349e-13
5.04544e-13
3.20973e-13
2.84818e-13
5.05769e-13
7.20949e-13
6.99397e-13
9.68001e-14
4.79959e-13
5.28838e-13
6.91463e-13
8.3238e-13
2.32823e-13
7.81319e-13
7.5439e-14
7.57513e-13
1.12521e-12
1.26649e-12
1.92886e-12
1.62555e-12
7.45779e-13
3.48104e-13
4.87184e-13
2.19101e-13
1.92464e-13
7.32872e-13
6.23333e-13
2.26141e-13
1.1441e-13
3.49937e-13
4.17612e-13
1.63646e-13
3.36307e-13
2.66976e-13
1.65506e-13
6.7595e-13
1.01818e-13
3.41736e-13
3.37997e-13
1.71744e-13
4.13905e-13
7.72316e-13
2.19527e-13
1.7955e-13
1.86304e-13
4.62823e-14
1.80792e-13
4.4855e-13
4.2086e-13
9.03125e-14
3.5453e-13
1.15441e-13
1.84524e-13
4.31889e-13
5.86151e-13
2.07248e-13
9.10837e-14
5.54804e-14
8.98831e-13
6.7509e-13
6.34081e-13
5.90033e-13
2.71135e-13
1.87652e-13
7.39114e-13
5.26852e-13
2.03907e-13
4.41614e-13
4.17224e-13
5.27855e-13
3.59342e-13
1.30029e-13
5.21347e-13
1.52605e-12
7.84251e-13
6.70025e-13
3.88268e-13
2.94108e-13
3.69576e-13
7.95394e-14
3.31042e-13
4.73325e-13
3.81644e-13
2.06277e-13
5.87511e-13
2.72417e-13
6.32709e-13
2.69132e-13
1.58801e-13
1.04484e-13
3.6464e-14
6.31975e-13
1.9089e-13
6.58895e-13
1.44225e-13
1.61775e-13
9.23659e-13
1.35604e-13
1.26064e-13
3.3965e-13
5.19797e-13
3.57557e-13
4.12165e-13
1.35298e-13
2.04577e-13
1.32465e-13
6.33571e-13
1.8287e-13
5.43624e-14
1.63222e-14
1.87217e-13
1.288e-13
1.90873e-13
1.88384e-13
5.45682e-13
1.07383e-13
6.71621e-14
1.71423e-13
1.77696e-13
1.03022e-13
3.52797e-13
4.28511e-13
3.10377e-13
5.94701e-13
9.61154e-13
3.27569e-13
2.03216e-13
3.43606e-13
6.47477e-14
1.46271e-13
2.95366e-13
1.99988e-13
7.18649e-14
3.15731e-13
3.75725e-13
4.62512e-13
5.69502e-14
4.57419e-13
2.5505e-13
1.60755e-13
4.4497e-13
4.60842e-13
1.33557e-13
2.95452e-13
1.77658e-13
9.19234e-14
1.85847e-13
8.47228e-14
2.70992e-13
1.13595e-13
2.4354e-13
3.19327e-13
2.07573e-13
5.4782e-14
6.36083e-13
2.8681e-13
5.59311e-13
6.46597e-13
5.31767e-13
3.8864e-13
3.64202e-14
1.62323e-13
2.07834e-13
2.59501e-13
3.33078e-13
2.13938e-13
1.07317e-13
3.5046e-13
2.73685e-13
5.0753e-13
