n=32
J=0.707107
eta=1.74684
mu=0.103797
beta-optimal=0
max-overlap=0
0.000670577
0.00169413
0.000150907
0.00185887
0.000988758
4.42231e-05
0.000850485
0.000164051
0.00125523
0.00102391
0.00028435
1.86307e-05
0.000582985
0.000585736
0.00191996
0.000899076
0.00316711
0.000589823
0.000486982
0.00147938
0.000337358
0.000619335
0.000106073
9.23658e-05
0.000242402
4.39884e-05
0.000506107
0.00112735
0.000324619
0.00104062
0.000685863
0.000914666
0.000214579
0.000294244
0.000425271
5.51506e-05
0.000581258
0.000489755
0.00103448
0.00043567
0.000159844
0.00100656
0.000504389
0.000969071
0.000223396
0.000261943
0.000525184
0.000952282
6.7844e-05
0.000173155
0.0005983
0.000693856
0.000157871
6.26499e-05
0.000632275
0.000368521
0.000688411
0.0010681
0.00125252
0.00106132
8.82676e-05
0.0011229
0.000664818
6.16508e-06
0.000937748
0.000407314
0.000451103
0.000360699
0.00025348
7.05654e-06
4.19786e-05
0.000608795
7.44616e-05
0.00038687
0.000637202
0.000579976
0.00067161
0.000304041
0.000327136
0.001299
4.73947e-05
0.00038199
0.000175413
0.000233933
0.000239331
1.61366e-05
0.000804888
0.00022716
0.00052175
7.30056e-05
0.000337484
0.000342385
5.37562e-05
0.000467542
0.000429487
0.000617242
0.000337147
0.000150654
0.000289255
7.58181e-05
0.000277046
0.000313937
0.000135869
9.2648e-05
0.000791282
0.000185249
0.000633616
0.000274201
0.000215896
0.000393791
0.000140174
0.00065282
0.000214135
1.27389e-05
0.000137773
6.40596e-07
0.000263201
0.000272127
0.000153224
3.31018e-05
0.00039721
0.000184872
0.000363345
0.000554637
0.000128386
0.000243989
2.11173e-05
9.19917e-05
0.00049341
0.000444261
0.000435048
2.5121e-05
0.00028055
1.98061e-05
0.000332828
0.000118159
0.000143344
0.000514489
0.000270972
0.000777647
0.000363846
0.000127088
0.000584924
7.9538e-05
1.78975e-05
0.000370178
0.00103493
0.000745808
2.3997e-05
0.000663606
8.76156e-05
0.00028428
0.000297388
0.000100837
0.000410766
0.000658917
0.000423045
0.000337862
0.000329556
0.000793399
0.00048316
6.20152e-05
0.000879856
0.000190848
0.000202172
0.000211786
0.000484842
0.00018722
0.000244997
0.000984943
6.15612e-05
0.000313777
0.000243668
0.000318662
3.8566e-05
0.000214346
0.000249421
0.00015802
0.000217402
0.000322091
0.000154177
0.000336041
0.000179605
0.000227992
8.758e-05
0.000190921
0.000187644
0.000191272
1.52108e-05
0.00022734
0.00037613
0.000404899
0.000327098
0.000357545
0.000137775
0.000166171
0.000776599
0.000416705
0.000924227
0.000525101
1.37693e-05
4.64993e-05
0.000107891
0.000454632
7.45078e-05
0.000536687
0.000236638
0.000239012
7.13768e-05
0.000177958
0.000221321
0.000662994
6.29222e-05
0.000176077
0.000258533
0.000243479
0.000211345
0.000119934
0.000206173
6.90117e-05
0.000170052
2.71291e-05
0.000230459
0.00020105
0.000842934
4.33142e-05
0.000273548
0.000373903
4.65626e-05
5.5085e-05
0.000748963
0.000158335
0.000615242
0.000174462
1.158e-05
0.000102029
0.000139353
0.000165659
0.000316566
0.000566733
0.000480837
0.00034452
0.000167599
3.87788e-06
0.000534676
0.000377688
0.000583007
5.3475e-05
0.000546517
0.000674917
0.000437297
0.000322321
5.61572e-05
0.000492175
0.000510491
0.000302632
