n=32
J=0.707107
eta=1.29114
mu=0.101266
beta-optimal=0
max-overlap=0
2.59198e-12
6.94053e-12
3.81517e-12
1.68847e-12
4.35765e-12
3.35857e-12
4.60045e-12
2.22408e-12
3.02158e-12
4.50921e-12
3.21335e-12
2.12152e-12
2.51444e-12
3.48809e-12
7.35688e-12
2.09911e-12
5.58688e-12
1.79016e-12
4.37675e-12
5.03096e-12
5.32798e-12
9.35804e-13
4.19405e-12
2.79957e-12
2.37517e-12
3.11784e-12
2.19825e-12
2.40474e-12
2.58177e-12
6.30894e-13
1.10024e-12
3.96569e-12
1.52888e-12
1.11341e-12
4.06014e-13
1.51927e-12
1.83576e-12
2.15016e-12
1.09871e-12
1.16994e-12
1.52713e-12
1.57788e-12
2.08122e-12
1.40824e-12
1.43362e-13
1.86679e-12
1.23301e-12
1.51788e-12
5.22228e-13
8.19357e-13
3.25303e-12
9.27998e-13
9.51491e-13
3.92925e-12
1.24218e-12
9.31108e-13
7.58012e-13
1.98194e-13
4.34427e-13
1.12161e-12
2.61117e-12
2.41131e-13
4.13228e-13
1.67718e-12
5.20746e-13
2.91601e-12
5.30256e-13
3.16383e-13
3.73645e-13
2.67119e-12
8.34401e-13
5.92695e-13
1.54678e-12
1.08701e-12
1.77285e-12
2.72065e-13
2.89544e-13
1.4966e-12
6.30411e-13
1.10065e-12
9.83337e-13
5.03455e-13
2.33233e-12
1.23885e-12
1.60172e-12
1.79431e-12
1.68806e-12
2.03962e-12
4.57584e-13
3.18172e-13
4.34756e-13
1.01924e-12
8.78005e-13
3.81883e-13
1.96845e-12
9.42222e-13
9.43622e-14
6.44594e-13
1.64099e-12
1.46165e-12
1.15967e-12
1.65169e-12
4.90071e-13
2.89678e-13
5.24559e-13
2.60054e-13
2.99329e-13
5.99342e-13
4.5903e-13
1.95657e-13
6.02116e-13
6.42004e-13
3.34691e-14
6.26662e-13
3.15144e-13
8.53191e-13
5.96988e-13
1.15347e-12
1.52162e-13
5.21895e-13
2.53302e-13
4.4227e-13
6.02533e-13
1.73943e-12
2.35661e-13
7.0036e-13
6.89232e-13
8.01244e-13
4.34743e-13
6.42746e-13
1.53471e-13
1.21486e-12
4.66127e-13
6.32282e-13
3.05261e-13
1.7622e-13
1.27509e-12
3.84721e-13
1.52159e-12
7.4892e-13
5.52971e-13
7.21239e-13
5.53367e-13
3.57347e-13
5.91465e-13
2.09237e-13
7.53573e-13
3.28303e-13
2.52525e-13
7.96992e-13
8.58173e-13
5.08392e-13
2.62485e-13
2.87584e-13
3.59773e-13
1.28727e-12
5.4364e-13
1.33173e-12
6.30601e-13
4.75235e-13
9.01864e-13
4.84636e-13
3.61779e-13
8.44486e-13
2.35159e-13
6.74431e-13
6.91792e-13
2.18176e-13
5.92785e-13
9.4864e-13
5.21674e-13
2.49187e-13
5.8008e-13
8.36791e-13
2.61554e-13
7.51268e-13
5.22277e-13
3.61212e-13
1.02203e-12
5.03065e-13
3.04157e-13
3.15301e-13
6.99292e-13
1.34184e-12
7.49412e-13
4.0972e-13
4.27013e-13
3.00274e-13
4.10425e-13
6.61723e-13
1.01415e-12
5.02176e-13
5.45876e-13
2.83863e-13
4.3892e-13
1.93866e-13
3.7041e-13
1.02613e-13
3.69563e-13
8.31577e-13
4.42481e-13
3.89599e-13
2.18943e-13
2.41726e-13
4.09707e-13
3.86653e-13
4.2544e-13
6.84733e-13
8.51583e-14
1.1767e-13
3.32869e-13
6.28455e-13
3.00861e-13
2.09175e-13
3.34405e-13
2.66993e-13
4.52434e-13
6.99474e-13
8.52879e-13
3.83455e-13
2.84888e-13
4.46698e-13
8.35976e-13
6.34205e-13
3.59676e-13
6.90586e-13
3.30287e-13
5.40671e-13
8.91996e-13
3.5982e-13
7.44041e-13
3.31045e-13
1.17809e-12
1.53142e-13
7.06733e-13
2.75656e-13
3.784e-13
1.41672e-13
2.29611e-13
5.44859e-13
8.01024e-13
3.32466e-13
9.90652e-13
1.61157e-13
1.80885e-13
1.15966e-12
2.91909e-13
5.23438e-13
3.02309e-13
1.8879e-13
7.84573e-13
1.30329e-13
5.37684e-13
4.49827e-13
6.69942e-13
5.67554e-14
