n=32
J=0.707107
eta=1.08861
mu=0.0658228
beta-optimal=0
max-overlap=0
9.46105e-12
1.14411e-11
8.24427e-12
1.04507e-11
6.17363e-12
4.61541e-12
8.66898e-12
2.81709e-12
7.48831e-12
2.601e-12
5.14348e-12
6.77352e-12
4.61378e-12
1.38283e-12
8.1848e-13
3.06272e-12
4.82364e-12
1.99781e-12
4.95572e-12
2.85201e-12
3.76308e-13
3.92548e-12
5.54272e-12
3.92837e-12
4.01681e-12
1.17805e-12
2.6465e-12
1.93536e-12
5.41994e-13
1.11498e-12
1.96854e-12
3.01314e-12
6.41308e-13
8.20391e-13
1.76654e-12
1.87846e-12
1.98593e-12
2.1098e-12
1.91179e-12
2.30714e-12
1.32393e-12
8.74213e-13
1.34469e-12
3.00155e-12
3.37258e-12
1.23928e-12
7.76647e-13
9.23229e-13
1.84158e-12
7.79768e-13
1.42785e-12
6.10573e-13
7.554e-13
2.11008e-12
1.11373e-12
1.58226e-12
3.85343e-13
9.86358e-13
1.8481e-12
1.41153e-12
1.42222e-13
3.44886e-13
5.66536e-13
4.83167e-13
6.13531e-13
2.51552e-12
2.21237e-12
3.27211e-13
1.61283e-12
1.40273e-12
2.05581e-12
6.02277e-13
1.66559e-12
1.07793e-12
1.06954e-12
1.47288e-12
9.11966e-13
7.28547e-13
2.00378e-13
1.3252e-12
9.77541e-13
8.11379e-13
1.48762e-12
5.43473e-13
1.13245e-12
1.20267e-13
1.20109e-12
8.72811e-13
9.98844e-13
1.05196e-12
7.19325e-13
4.53413e-13
8.65972e-13
1.17956e-12
7.24516e-13
1.03621e-12
1.427e-12
6.98212e-13
4.28179e-13
1.10157e-12
4.97565e-13
1.02461e-12
4.33328e-13
8.10438e-13
5.7846e-13
6.60796e-13
1.28176e-12
7.20793e-14
3.11469e-13
1.29166e-12
3.95056e-13
3.78048e-13
1.15354e-12
9.10568e-13
7.43392e-13
7.97481e-13
3.60643e-13
2.11274e-13
9.22294e-13
4.06134e-13
7.10765e-13
7.0731e-13
1.17658e-12
3.33545e-13
9.47968e-13
5.04459e-13
5.21398e-13
4.38103e-13
3.5456e-13
4.46299e-13
7.4783e-13
7.91758e-13
7.88688e-13
5.48354e-13
3.4521e-13
5.47114e-13
4.29138e-13
5.69573e-13
2.34965e-13
2.53621e-13
2.11306e-13
4.25113e-13
2.56391e-13
2.26317e-13
1.59376e-13
5.20777e-13
1.29706e-12
5.51517e-13
1.40212e-12
6.47487e-13
8.19351e-14
3.15171e-13
1.08379e-12
5.46037e-13
3.14918e-13
2.60888e-13
1.48644e-13
2.75826e-13
6.87341e-13
6.08374e-13
2.33174e-13
5.0186e-13
5.15242e-13
2.0532e-13
6.66566e-13
3.62429e-13
3.80978e-13
3.88232e-13
1.83462e-13
2.3047e-13
5.80179e-13
1.60655e-13
4.79155e-13
5.29535e-13
4.4697e-13
7.24265e-13
2.11329e-13
1.72485e-13
2.96336e-13
4.67216e-13
2.96846e-13
4.06262e-13
7.42678e-13
3.09716e-13
4.89194e-13
4.67447e-13
3.53862e-13
5.51198e-13
1.16223e-13
8.77218e-14
3.07078e-13
9.99251e-14
3.04526e-13
5.09402e-13
4.38262e-13
3.25821e-13
3.18212e-13
4.71598e-13
3.02678e-13
3.48781e-13
1.63486e-13
7.13064e-13
4.11294e-13
2.09515e-13
1.96708e-13
2.81823e-13
3.74957e-13
1.28708e-13
2.53299e-13
6.91814e-13
1.5654e-13
5.63529e-13
3.09236e-13
5.0481e-13
5.05915e-13
2.76646e-13
2.31538e-13
3.38701e-13
3.16902e-13
9.72305e-14
7.59891e-13
1.60214e-13
1.59679e-13
2.54988e-13
2.88336e-13
6.74066e-14
7.35256e-14
3.85441e-14
2.61164e-13
2.94966e-13
6.92379e-13
1.04394e-13
3.70518e-13
1.15358e-13
8.088e-13
2.70837e-13
4.18518e-13
1.99081e-13
3.98817e-13
2.86845e-13
3.71027e-13
4.97416e-13
5.09963e-13
2.12815e-13
2.92968e-13
4.80864e-13
8.3618e-13
3.94681e-13
3.53934e-13
3.20101e-13
6.54382e-13
6.59045e-13
3.07415e-13
3.12699e-13
1.90507e-13
1.07064e-13
