n=32
J=0.707107
eta=1.11392
mu=0.0455696
beta-optimal=0
max-overlap=0
0.000151388
0.00286516
0.000268141
0.00183561
0.00279726
0.00136846
0.000108319
0.00226183
8.45803e-05
9.25194e-05
0.00304571
0.000866567
0.000114427
0.000637749
9.10248e-05
0.00193777
0.000427795
0.00136665
0.000268208
0.00100859
0.0023449
0.00164619
0.000240049
0.00044965
0.000830088
0.000429829
0.00227048
0.000632802
0.000251516
0.000292968
0.000580271
0.00091901
0.000772942
1.10606e-05
0.000450764
0.000315801
0.000247387
0.000299334
0.000217514
0.000485274
0.000372556
0.000131332
0.000120596
0.000794841
0.000244478
0.00086668
0.000964605
0.000228512
0.000494198
0.00060967
0.00190188
9.52411e-05
0.000312892
0.000657048
0.000569728
0.000475949
0.000566113
0.000738196
0.000159415
0.000464275
0.000564659
0.000472395
0.000174772
0.000469745
0.000209214
3.28722e-05
0.000623526
0.0006088
0.00037058
5.47767e-05
2.55913e-05
0.000220211
4.85168e-05
1.6293e-05
0.000796214
9.03521e-05
9.33809e-05
0.000207251
2.66257e-05
0.00018641
0.000184946
0.000308151
0.000500954
0.000599294
0.000135687
0.000873114
0.000179664
0.000577193
2.5387e-05
3.11492e-05
0.000475318
0.000226057
0.00011725
0.000282665
0.000318938
0.000261154
8.07591e-05
0.00019803
2.58879e-06
0.000291076
2.72589e-05
7.84612e-05
0.000471752
0.000509326
2.11548e-05
0.000591834
0.000106728
0.000500008
8.00025e-05
0.000305987
0.000171125
0.000153193
4.16186e-06
7.47614e-05
2.12734e-05
0.000386841
0.000118808
2.25943e-05
0.000484301
1.82475e-05
6.22812e-05
7.05198e-05
2.2616e-05
5.32255e-05
0.000151981
0.000122177
0.000567178
9.70778e-06
0.000206608
3.28654e-05
6.01259e-05
4.23986e-05
0.000330952
0.000192116
0.000128663
0.000297007
0.000122394
0.000170293
0.000181459
0.000162147
0.000182618
5.88756e-05
7.59759e-05
0.000123755
5.78903e-06
0.000108351
0.000535691
5.15455e-05
0.000132711
0.000334229
0.000146658
0.000105499
0.000151946
7.53565e-05
3.65848e-06
0.000206091
0.000151861
3.0843e-05
0.00012524
0.000162225
4.49944e-06
3.18378e-05
0.000453898
1.8867e-05
4.25361e-05
0.000210826
0.000117813
2.14399e-05
0.000240707
0.000463535
3.00667e-06
0.000100457
0.000174041
0.000115108
0.00016276
1.09634e-05
4.77678e-05
3.23959e-05
0.00021586
2.44941e-05
8.42403e-05
3.34693e-05
0.000220129
3.21461e-05
0.000144104
0.000359957
0.000156072
3.83644e-05
3.74035e-05
4.46804e-05
0.000169673
6.83029e-05
7.30243e-05
1.39495e-05
6.29377e-05
9.45857e-05
6.41172e-05
4.26699e-05
0.00017252
0.000248968
8.16458e-05
4.56099e-05
2.14779e-05
8.29813e-05
2.89244e-05
0.000241754
9.67653e-05
3.70863e-05
0.00011466
3.27548e-05
0.000123101
6.55673e-05
9.38621e-06
0.000105049
0.000389494
6.86665e-05
6.29076e-05
0.000239954
0.000198967
7.54392e-06
1.58774e-05
0.000137413
3.9859e-06
0.000384731
8.399e-05
0.000205799
3.05642e-05
7.53253e-05
0.000383244
6.64077e-05
9.59529e-05
0.000276896
3.52675e-05
5.80709e-05
0.000215524
7.22396e-05
0.000107611
0.000128207
8.14706e-05
0.000227021
1.65671e-06
7.27678e-05
0.00010377
0.000247971
0.00013163
3.62513e-05
7.95082e-05
0.000183485
0.000133003
6.03972e-05
0.000186969
0.000269908
6.61604e-05
2.28738e-05
2.81661e-05
4.11669e-05
