n=32
J=0.707107
eta=1.26582
mu=0.103797
beta-optimal=0
max-overlap=0
0.00313932
0.000795015
0.00136439
0.00113778
0.00168236
0.00067665
0.00188181
0.00214043
0.00153404
0.00310397
0.00271466
0.00146267
0.00170131
0.00185412
0.000545722
0.000114341
0.00015903
0.000333326
0.00245225
0.00135918
0.000884874
0.00390821
0.000522903
0.00139677
0.00115695
0.000911568
0.00164098
0.00071121
0.000273413
0.00114584
0.000574012
0.00129201
0.00186255
0.000304647
0.000341208
0.00110913
0.00094712
0.00185965
0.00118468
0.000969597
0.00103734
0.000275419
0.000640917
0.000588897
0.000365687
0.000367864
0.00119721
0.000751024
0.000821012
0.00116164
0.0014926
0.00103095
0.000342802
0.00034195
0.00119865
0.000830104
0.00173348
0.00192056
0.000686806
0.000613963
0.00109144
0.000895569
1.549e-05
0.00105871
0.000491813
0.000226291
5.23692e-05
0.000638789
0.00061141
0.000224289
0.000334796
0.000588209
0.00020891
0.000433024
0.00188245
0.00111668
0.000173851
0.000294261
0.00013426
0.000466114
8.91795e-05
0.000665238
0.000615199
6.55197e-05
0.000188997
6.34744e-05
0.000225336
0.000227711
0.000344799
0.000280283
0.00103118
0.000192145
0.000929724
0.000335622
0.000287259
0.000458305
0.00100089
0.000946965
0.000131017
0.00161784
0.000404057
0.000301852
0.000721577
0.0011235
0.000699704
0.00141374
0.000569506
0.00050083
5.62823e-05
0.000217586
0.000950482
9.96828e-05
0.00031563
0.000252382
0.000286218
0.000174409
0.000264401
0.000138323
0.000645609
0.000256275
8.81251e-05
0.000210313
0.000675082
0.000260628
0.000270894
0.000648647
0.000467584
0.000166542
0.000329398
0.000354573
0.00110743
6.09051e-05
0.00078822
0.000307428
8.04338e-05
2.55385e-05
0.00014078
0.000305595
0.000456612
0.00023948
0.00133553
6.96819e-05
0.000627803
0.000104051
0.000158937
0.000124221
0.000599275
0.000180583
0.000299624
0.000182405
4.13122e-06
2.62514e-05
0.000213328
0.000109785
8.54872e-05
0.000329867
0.00030806
3.96839e-05
0.000850536
0.000634435
0.00056402
0.00029491
0.00052499
0.000356131
0.000225791
8.22022e-05
0.000305693
0.000143471
0.000248344
0.000706812
3.75849e-05
0.000255853
0.000209979
0.000306073
0.000739572
9.63582e-05
0.000224456
0.00012648
6.89374e-05
0.000649069
4.17598e-05
0.000215169
0.000404891
9.67301e-05
0.000387912
0.000568007
9.87125e-05
4.74417e-05
0.000127011
0.000232255
6.50955e-05
0.000517895
0.000365105
0.000525499
3.29535e-05
0.000260562
0.000526157
0.000149322
0.000213474
9.88757e-06
0.000303596
0.00027089
0.000157347
0.000411649
2.67402e-05
1.84779e-07
0.000254095
0.000540941
0.000101486
0.000276963
0.000222803
0.000173303
0.000130291
0.000556467
0.000266597
0.000294696
0.000252721
0.000425213
0.00051894
0.000257986
0.000537513
0.000140528
0.000164182
0.000235253
0.000253328
0.000204934
0.000117438
0.000215992
0.000228062
4.42973e-05
6.65069e-05
0.000394957
7.6072e-05
0.000416508
0.00012669
0.000121199
0.000367487
5.07449e-05
2.42138e-06
0.000110473
0.000127233
0.00081956
0.000230425
0.000119408
0.000313283
7.87694e-05
6.549e-05
0.000614815
0.000470765
0.000269041
0.000369797
0.000211711
0.000253424
6.48631e-05
0.000121737
4.80213e-05
