n=32
J=0.707107
eta=1
mu=0.149367
beta-optimal=0
max-overlap=0
0.227799
0.209336
0.205911
0.199287
0.188375
0.185221
0.164162
0.161705
0.161381
0.156107
0.144977
0.145184
0.149197
0.140309
0.140498
0.140059
0.139812
0.128964
0.125298
0.120568
0.109811
0.11251
0.106409
0.105251
0.101861
0.105757
0.105186
0.100233
0.096917
0.0916301
0.0954009
0.0933781
0.0901653
0.086312
0.083624
0.0840817
0.0826895
0.0789162
0.0790552
0.0796081
0.0775706
0.0753681
0.0773803
0.074661
0.0712777
0.0735504
0.070313
0.066012
0.0706236
0.0654854
0.0702928
0.064367
0.0646649
0.0624532
0.0622435
0.0628718
0.059355
0.0597832
0.0609553
0.0612655
0.0559365
0.0578971
0.0567437
0.0569413
0.0571758
0.0588419
0.0521229
0.0533991
0.052108
0.0503841
0.0516058
0.0515865
0.0493657
0.0528676
0.0478369
0.0494421
0.048128
0.0478373
0.0469734
0.0455625
0.0463357
0.0464599
0.0435321
0.0425556
0.0424808
0.0422995
0.0441042
0.0433241
0.041008
0.0408907
0.0401449
0.0407627
0.0400257
0.0409362
0.0395068
0.0389488
0.0379147
0.0372814
0.0373665
0.0388713
0.0368924
0.0363421
0.0372055
0.0357849
0.0356922
0.0353891
0.036506
0.0363244
0.0331668
0.0337026
0.033658
0.0308449
0.0325193
0.0328853
0.0328377
0.0316447
0.0322829
0.031017
0.0317138
0.0307988
0.0327078
0.0316256
0.0297926
0.0299918
0.0303598
0.0294152
0.0283748
0.0286752
0.0289564
0.0284924
0.0278971
0.0277464
0.026896
0.0274587
0.0270272
0.0266472
0.0259982
0.0262972
0.0261191
0.0258622
0.0250782
0.0251061
0.0250318
0.0253071
0.0246612
0.023782
0.0237348
0.0248648
0.0234726
0.0241227
0.0239708
0.0230782
0.0231479
0.0226747
0.0234515
0.0218368
0.0222035
0.0215849
0.0225331
0.0212483
0.0209928
0.0217923
0.0215874
0.0209317
0.020942
0.0211431
0.0209775
0.0208919
0.0201149
0.0192175
0.0207622
0.0200896
0.0199811
0.0201925
0.0191966
0.0190941
0.0195099
0.018907
0.0194344
0.0184199
0.0184368
0.0186264
0.0182936
0.0184926
0.0181745
0.0178108
0.0176021
0.0177587
0.0176644
0.0173267
0.0169952
0.0176373
0.0173284
0.0170108
0.0166955
0.0165764
0.0166577
0.0164717
0.0164417
0.0170642
0.0161656
0.0158638
0.0155617
0.0162547
0.0155781
0.015056
0.0156386
0.0151516
0.0152898
0.0145154
0.0146357
0.0144617
0.0139748
0.0142347
0.0142192
0.013881
0.0140393
0.0138092
0.0138802
0.0140771
0.0135991
0.0134025
0.013346
0.0133362
0.013059
0.0133843
0.0128519
0.0132528
0.0128875
0.0124905
0.0124221
0.0122676
0.0125498
0.0122004
0.0125002
0.0124057
0.0119573
0.01173
0.011653
0.011459
0.0117931
0.0116571
0.0113039
0.0113524
0.0109424
0.0109682
0.0110414
0.010727
0.0104061
0.0104243
0.0101241
0.0101473
0.00992862
0.0098087
0.0098435
0.00924599
