n=32
J=0.707107
eta=1
mu=0.00506329
beta-optimal=0
max-overlap=0
0.747833
0.422314
0.0336036
0.0301232
0.0135084
0.00913664
0.0167335
0.0106564
0.00483931
0.00851537
0.0062244
0.00325688
0.00839222
0.00548276
0.0038867
0.00375036
0.00411937
0.0027881
0.00373854
0.00249393
0.00251726
0.00237052
0.00163936
0.00349139
0.00305781
0.0018785
0.00175537
0.00138285
0.00273086
0.00122089
0.00217845
0.00131781
0.0022244
0.000648148
0.00128615
0.00141265
0.00113673
0.000472881
0.00105258
0.000553349
0.000399021
0.000701754
0.00113141
0.00132759
0.000863544
0.000662335
0.00173723
0.000831516
0.000394583
0.000711313
0.000632368
0.000951
0.000327548
0.00127633
0.000341889
0.000855824
0.000447511
0.000669333
0.000652134
0.000440654
0.00037262
0.000387738
0.000327429
0.000368191
0.000384226
0.000305582
0.000383115
0.000305063
0.000282263
0.000849597
0.000383015
0.00019697
0.000212901
0.00054937
0.000428669
0.000537026
0.000106274
0.00038593
0.000336273
0.000227858
0.000235488
0.00020006
0.000105685
0.000133666
0.000245042
0.000363098
0.000205246
0.000366193
0.000253793
0.000212062
0.000244681
0.000174552
0.000179774
0.000185231
0.000247005
0.000147723
0.000186496
0.000124051
0.00024881
0.000177642
0.000272097
0.000102091
0.000151907
0.000177223
0.000284075
0.000205299
0.000167215
0.000144516
0.000183801
0.000126392
0.000136748
0.000261785
0.000166485
0.000118748
9.29868e-05
0.000169435
0.000218519
9.42053e-05
0.000117516
8.68159e-05
0.000131958
9.57626e-05
7.80668e-05
3.29473e-05
0.000108193
0.000139234
5.26544e-05
0.000220504
7.07733e-05
0.000144139
9.65483e-05
0.000140046
9.15575e-05
0.000113524
0.000231852
0.00013698
0.000163505
0.000134101
0.000106745
3.94504e-05
8.20489e-05
0.000133217
8.65595e-05
8.90974e-05
0.000132389
5.45164e-05
6.37558e-05
0.000100407
8.4194e-05
0.000192654
5.53053e-05
8.17087e-05
5.82824e-05
4.0702e-05
5.53401e-05
7.01741e-05
8.67074e-05
4.28743e-05
5.24589e-05
0.000103373
5.11228e-05
6.88408e-05
7.25082e-05
4.01305e-05
7.26479e-05
3.35359e-05
3.94274e-05
5.61745e-05
4.02418e-05
5.07722e-05
4.33824e-05
3.52519e-05
5.47492e-05
8.3108e-05
3.00883e-05
4.0977e-05
8.00243e-05
4.30041e-05
4.79877e-05
5.84548e-05
6.42734e-05
4.28168e-05
2.95293e-05
3.98693e-05
0.000103232
4.27144e-05
4.13257e-05
9.51453e-05
5.01702e-05
7.1746e-05
5.16749e-05
0.00010335
2.19301e-05
2.50413e-05
4.12727e-05
1.81052e-05
2.78612e-05
2.77503e-05
2.68779e-05
4.03517e-05
2.7063e-05
4.10621e-05
6.24405e-05
4.68437e-05
6.10495e-05
3.5745e-05
7.29643e-05
3.21564e-05
2.64767e-05
1.07969e-05
3.1973e-05
3.73375e-05
4.29747e-05
2.00318e-05
3.03714e-05
7.84477e-05
1.34531e-05
2.62208e-05
5.07149e-05
2.17604e-05
1.02689e-05
2.08581e-05
3.61762e-05
3.30776e-05
1.64314e-05
4.04237e-05
3.608e-05
1.22557e-05
1.74319e-05
4.40699e-05
2.17615e-05
1.937e-05
2.22483e-05
1.41165e-05
1.93482e-05
3.3427e-05
1.6166e-05
8.44703e-06
1.48636e-05
1.8025e-05
2.3868e-05
2.56637e-05
2.49052e-05
2.15771e-05
6.659e-06
1.53567e-05
3.50737e-05
2.00563e-05
2.44697e-05
2.8689e-05
1.66072e-05
2.16459e-05
1.79437e-05
1.54295e-05
1.27649e-05
2.77454e-05
