n=32
J=0.707107
eta=1.11392
mu=0.0177215
beta-optimal=0
max-overlap=0
6.12272e-13
8.07637e-12
6.16063e-12
4.93831e-12
3.31468e-12
8.47995e-13
1.61474e-12
1.74681e-12
1.58806e-12
1.20388e-12
5.43481e-12
5.8399e-12
1.4017e-12
2.264e-12
5.10304e-13
1.67106e-13
6.6314e-13
1.87332e-12
3.38268e-12
2.18985e-12
1.10725e-12
1.83081e-12
8.72608e-13
8.82282e-13
2.59413e-12
6.68466e-13
3.62744e-13
5.81001e-13
1.86524e-12
1.44913e-12
5.58074e-13
8.90776e-13
7.55075e-13
8.66717e-13
3.02453e-12
1.47387e-12
1.37545e-12
1.0801e-12
2.54061e-13
4.79413e-13
1.60744e-12
1.5951e-13
4.59577e-13
5.9785e-13
1.15726e-12
6.96059e-13
7.53561e-13
1.35758e-12
1.45963e-12
2.21388e-12
7.16265e-13
2.03509e-12
9.02717e-13
5.24013e-13
1.17676e-13
4.9574e-13
2.45141e-13
7.06921e-13
8.84902e-13
3.73537e-13
1.02465e-12
4.13199e-13
2.89818e-13
2.18736e-13
2.58318e-13
5.6256e-13
6.04787e-13
4.26104e-13
2.50841e-13
3.08716e-13
4.49422e-13
4.77952e-13
2.7194e-13
8.70869e-14
2.77447e-13
5.23299e-13
2.368e-13
5.00112e-13
2.03857e-13
3.31928e-13
8.20563e-13
2.79944e-13
7.37103e-13
3.10178e-13
6.91733e-13
1.90944e-13
2.26031e-13
1.5593e-13
3.5682e-13
5.55721e-13
1.17261e-12
2.57868e-13
6.46208e-13
7.27494e-13
2.10361e-13
2.83141e-13
2.43141e-13
1.75953e-13
6.40488e-14
8.09273e-13
3.15519e-13
1.20267e-12
1.26529e-12
1.14337e-12
5.91221e-13
7.08671e-13
5.15127e-13
2.19147e-13
3.531e-13
3.25352e-13
8.89428e-13
6.45851e-13
7.34269e-14
8.71979e-14
2.61917e-13
2.80786e-13
8.23881e-14
5.25848e-13
1.72716e-13
1.24287e-13
1.24113e-13
2.26551e-13
5.94659e-13
4.96011e-14
2.49102e-13
2.76053e-13
1.3908e-13
4.05869e-13
1.45118e-13
3.40469e-13
2.44977e-13
8.69675e-14
1.90509e-13
1.07062e-13
5.65685e-13
3.64193e-13
1.20952e-13
1.8481e-13
2.49873e-13
4.4489e-13
8.51873e-14
2.8577e-13
1.34687e-13
6.20257e-13
3.04284e-13
1.31064e-13
1.41613e-13
2.92932e-13
2.94062e-13
1.24397e-13
1.84157e-13
1.72245e-13
2.06218e-13
3.60053e-13
2.32559e-13
1.73381e-13
1.38652e-13
3.36734e-13
5.79133e-13
1.50395e-13
3.072e-13
5.89169e-13
1.21256e-12
4.68141e-13
4.62512e-13
2.00283e-13
2.39023e-13
2.37685e-13
1.24681e-13
6.31263e-13
3.81504e-14
2.16246e-13
6.84344e-15
2.83381e-13
2.47734e-13
1.68253e-13
1.18908e-13
1.19857e-13
1.82229e-13
1.95348e-13
2.63371e-13
3.35467e-13
1.5495e-13
1.57906e-13
1.32036e-13
2.52087e-13
9.68045e-14
1.374e-13
2.3386e-13
9.14238e-14
1.31168e-13
4.1423e-13
1.04492e-13
8.23145e-14
1.43029e-13
8.21911e-14
1.09577e-13
2.09014e-13
2.05077e-13
6.5257e-13
6.68117e-14
1.84097e-13
2.15013e-13
3.81521e-13
1.91761e-13
1.88417e-13
1.11187e-13
3.37304e-13
9.83737e-14
6.78371e-13
2.12924e-13
1.2089e-12
7.89971e-13
4.20829e-13
6.34204e-14
1.78484e-13
6.89086e-13
4.03531e-13
4.52181e-13
3.82894e-13
3.88761e-14
2.62248e-13
1.3831e-13
2.08303e-13
4.78663e-13
2.47032e-13
2.75702e-13
2.49004e-13
1.25054e-13
1.32475e-13
1.06236e-13
8.24726e-14
8.37869e-15
3.36193e-13
1.87128e-13
4.58792e-14
5.05544e-14
1.03324e-13
1.94116e-14
1.97203e-13
1.79516e-13
4.2008e-13
1.20433e-12
7.77587e-13
3.22943e-13
2.92208e-13
1.1653e-13
3.14758e-13
3.69537e-14
1.07934e-13
3.51403e-13
1.88891e-13
9.54878e-14
2.328e-14
1.72839e-13
3.35945e-13
