n=32
J=0.707107
eta=1.24051
mu=0.0734177
beta-optimal=0
max-overlap=0
1.52549e-11
3.78734e-12
1.10403e-12
4.90689e-12
6.61199e-12
2.52564e-12
6.9429e-12
7.73797e-12
2.11032e-13
4.28888e-12
6.33776e-12
4.65688e-13
5.41656e-12
2.07628e-12
3.33397e-12
8.3001e-13
5.89419e-12
1.13502e-12
5.07101e-12
6.3927e-13
1.75445e-12
1.57595e-12
1.4126e-12
4.35998e-12
5.48156e-12
3.17233e-12
2.34626e-12
1.97404e-12
8.74762e-13
3.07361e-12
3.23793e-12
1.33217e-12
2.79462e-12
6.68101e-13
3.16011e-13
1.21366e-13
2.7799e-12
1.99082e-12
3.08869e-12
7.3093e-13
1.82706e-12
3.55926e-12
1.68818e-12
9.65202e-13
5.17657e-13
4.6113e-13
1.59573e-12
2.60401e-13
9.59956e-13
5.87895e-13
3.92916e-13
1.9434e-12
9.22568e-13
2.51847e-13
5.18701e-13
5.04554e-13
1.63629e-12
2.26623e-12
1.3221e-12
2.25919e-12
1.4723e-12
3.93885e-13
1.04477e-13
6.34701e-13
1.08678e-12
5.05688e-13
1.06135e-12
1.69006e-13
1.64393e-12
1.52774e-12
1.02431e-12
1.12811e-12
6.3614e-13
5.45118e-13
5.83189e-14
4.40253e-13
1.48403e-12
3.01872e-13
1.39813e-12
9.58285e-13
8.19668e-13
1.55738e-12
5.15906e-13
1.9437e-12
1.0269e-13
5.71305e-13
1.54237e-12
1.21295e-12
2.43463e-13
1.88172e-13
7.81946e-13
2.50592e-13
1.07214e-12
1.32746e-12
7.04047e-13
2.20082e-13
8.09481e-13
7.86456e-13
1.53008e-13
7.56717e-13
2.74448e-13
2.0307e-12
3.93325e-13
2.50574e-13
3.86334e-13
4.48526e-13
1.14263e-12
3.8596e-13
5.63768e-13
7.15626e-13
1.08393e-12
3.14796e-13
8.89909e-13
5.10421e-13
8.92674e-13
4.35415e-13
6.25003e-13
1.82337e-13
6.60509e-13
1.32236e-12
3.04791e-13
4.71359e-13
1.02546e-12
5.46312e-13
6.0326e-13
1.52548e-13
4.26458e-13
7.33348e-13
4.43007e-13
3.94932e-13
1.49463e-12
1.0291e-12
3.2964e-13
2.80734e-13
1.42143e-12
6.12287e-13
7.56109e-13
5.52729e-13
5.77682e-13
8.41797e-13
6.75144e-13
3.4439e-13
4.18898e-13
2.68193e-13
2.39226e-13
2.75622e-13
1.10611e-12
6.03306e-13
1.13693e-13
6.12722e-13
4.98027e-13
4.44305e-13
7.55295e-13
7.17484e-13
6.22135e-13
6.05107e-13
2.64134e-13
8.53063e-13
5.58355e-13
5.3501e-13
1.80164e-12
1.02879e-12
2.73405e-13
7.04419e-13
5.07682e-13
1.53727e-13
7.32464e-13
1.91438e-13
7.53548e-13
1.69401e-12
5.1944e-13
9.1726e-13
2.66638e-13
5.2479e-13
6.84309e-13
4.018e-13
4.08652e-13
6.68273e-13
5.88099e-13
4.49259e-13
1.57112e-13
2.9651e-13
8.78974e-13
2.30905e-13
5.90173e-13
7.13891e-13
3.71406e-13
5.08928e-13
1.22016e-13
3.36554e-13
5.03018e-13
3.66339e-13
3.46102e-13
4.76483e-13
1.38451e-13
1.03085e-12
2.32303e-13
6.29228e-13
1.05079e-12
5.68883e-13
9.54225e-13
3.45944e-13
2.32574e-13
3.88148e-13
8.73197e-13
1.75632e-13
4.78872e-13
7.60625e-13
2.84952e-13
4.03432e-13
2.89522e-13
9.16688e-13
4.3252e-13
4.06158e-13
5.71549e-13
2.79693e-13
2.19438e-13
6.94549e-13
4.04719e-13
1.34172e-13
5.54242e-13
4.98684e-13
4.20703e-13
6.88805e-13
3.7788e-13
4.60339e-13
3.73123e-13
3.27544e-13
1.44948e-13
1.85282e-13
3.67867e-13
4.79101e-13
8.99992e-13
4.01792e-13
1.26802e-13
4.74353e-13
3.34104e-14
4.72453e-13
7.2637e-13
2.79228e-13
1.85633e-13
9.68622e-14
8.65811e-13
4.3367e-13
4.00724e-13
5.25488e-13
2.79345e-13
2.84793e-13
7.14971e-13
3.87675e-13
3.74566e-13
9.88715e-14
6.4049e-13
8.39863e-13
5.93235e-13
5.02982e-13
