n=32
J=0.707107
eta=1.26582
mu=0.078481
beta-optimal=0
max-overlap=0
0.000833801
0.000168906
0.0025721
0.00412492
0.000633167
0.000801319
0.00227143
0.00235505
0.00125829
0.00220782
0.000163635
0.00145984
0.00166477
0.00156525
0.00141937
0.00177883
0.000219421
0.00144013
0.0021498
0.000507126
0.000578127
0.000730951
0.000135812
0.00167068
9.71157e-05
0.000266166
0.00135028
6.68502e-05
0.00115944
0.000271529
0.00139825
0.000300398
0.000924846
0.000731837
0.00020326
2.62124e-05
0.000321982
0.000832385
0.000351661
4.72931e-05
0.000372353
0.000851284
0.000500233
0.00033475
3.50726e-05
0.000344609
0.000533713
0.000500695
0.000277457
0.000892214
0.00103732
0.000212771
1.98158e-05
0.00228571
0.000373265
0.000799861
0.000213971
0.000775416
0.000151756
0.000882393
0.00107162
0.00132075
0.000245193
0.000963144
5.82587e-05
0.000166203
1.0741e-05
1.04552e-05
0.00013833
0.000798226
0.000603317
0.000608259
0.000789939
0.00111394
0.000539617
0.000488254
0.00063704
0.000139399
0.00140893
0.0001284
0.00022977
0.000588746
0.000209884
0.000443492
0.000507886
0.000170436
0.000461335
3.96268e-06
0.000566621
0.000322141
0.000306494
0.000669722
0.000665222
0.00116275
6.41125e-06
0.000306396
0.000160758
0.000512317
0.000677525
0.000344719
1.14146e-05
0.000915271
0.000278391
0.000520876
0.000495192
2.193e-05
0.0003865
0.000253272
2.20582e-05
0.000252095
0.000328769
0.00019167
0.00047053
9.96207e-06
8.239e-05
0.000212213
6.14927e-05
0.000174995
1.08e-05
0.00114554
0.000241589
7.91182e-05
0.000132515
0.000130984
0.000119481
0.000173454
0.000561062
6.70827e-06
0.00034324
0.000780604
0.000321472
0.000236359
0.000243645
0.000436452
0.000866887
0.000380269
0.000611349
0.000333931
0.000399675
5.07109e-05
0.000202851
0.000505602
0.000230426
0.000412312
0.00025729
0.000200032
0.000102744
0.000149635
0.000171294
0.000526116
0.000583404
0.000359776
0.000123543
0.000107393
5.72158e-05
0.000275821
0.000292738
0.000215504
7.59637e-05
8.83276e-05
0.000190328
0.000280461
0.000480727
0.000561477
0.00037733
0.000370802
0.000251099
0.000299002
0.000154528
5.09445e-05
0.000115415
0.000197832
1.38147e-05
0.000232909
4.05541e-05
0.000472128
0.000187149
8.36087e-06
0.000569182
0.000235026
0.000400477
0.00013247
0.000153695
0.000421737
0.000649775
3.33214e-05
0.000246169
0.000405224
0.000490038
7.95345e-06
8.33039e-05
0.000489199
0.00010316
0.000242047
0.000458179
0.000187654
0.00014676
8.53508e-05
0.000355403
0.000555013
5.28868e-05
0.000250543
4.39467e-05
0.000399124
0.000314058
0.000244529
0.000205207
0.000270608
0.000104435
0.000197193
1.05188e-05
4.61196e-05
0.000138809
0.00018371
4.24794e-06
0.000289316
4.7722e-05
0.000443654
8.37811e-05
0.000530755
0.00028468
0.000119271
0.000177656
0.000146838
1.7268e-05
0.000129286
0.000214939
3.82598e-05
0.000454623
0.000424829
0.000282672
8.17478e-05
0.000335275
0.000208775
3.46056e-05
0.000384265
9.81673e-06
6.634e-05
4.4588e-05
0.000454728
0.000385434
0.000253123
1.66249e-05
0.000261564
2.89516e-05
3.26842e-05
4.45735e-05
0.000266765
0.000246583
0.000297622
1.39277e-05
0.000510709
0.000233395
0.00014613
0.000414219
3.45261e-05
