n=32
J=0.707107
eta=1.11392
mu=0.0556962
beta-optimal=0
max-overlap=0
8.18943e-12
1.05699e-11
9.85268e-12
1.8436e-11
8.25613e-12
8.98294e-12
3.71931e-12
3.83392e-12
1.36757e-11
7.95508e-12
1.11837e-11
7.29688e-12
1.16996e-11
1.40257e-11
7.63869e-12
1.07471e-11
2.57309e-12
2.75542e-12
5.98328e-13
4.30249e-12
4.76641e-12
6.81445e-12
6.51165e-12
7.81249e-12
1.6357e-12
1.09562e-12
5.73139e-12
2.25035e-12
1.90014e-12
2.7944e-12
2.4801e-12
2.50393e-12
6.34618e-13
3.48614e-12
1.36482e-12
4.26047e-13
2.54317e-12
3.25636e-12
2.83312e-12
1.78576e-12
3.16965e-12
2.39035e-12
2.75734e-12
2.46635e-12
1.46642e-12
1.08677e-12
3.38378e-12
2.14581e-12
2.17682e-12
1.31131e-12
1.65641e-12
3.2557e-13
1.89816e-12
2.31828e-12
2.26299e-12
3.76984e-12
9.81689e-13
1.06273e-12
1.06197e-12
1.48343e-12
1.33572e-12
1.12203e-12
1.02736e-12
1.06855e-12
5.64811e-12
3.07255e-12
6.71887e-13
1.42303e-12
3.79491e-12
1.3799e-12
3.4263e-12
1.94738e-13
6.64802e-13
2.38708e-12
3.21613e-12
1.91951e-12
1.47772e-12
1.28558e-12
1.44378e-12
3.29866e-13
1.87433e-12
7.49548e-13
1.92744e-12
3.86856e-13
1.23639e-12
1.60568e-12
7.19881e-13
4.76852e-13
1.09949e-12
3.12968e-12
2.84141e-13
8.23119e-13
1.05371e-12
1.94766e-12
5.79261e-13
7.96668e-13
4.50968e-13
2.49493e-12
1.48743e-12
4.07608e-13
8.04301e-13
1.67305e-12
1.64437e-12
1.61481e-12
9.24896e-13
3.41617e-13
2.33611e-12
1.09141e-12
4.36789e-13
5.04355e-13
1.13109e-12
3.94968e-13
6.13531e-13
7.27942e-14
2.63322e-12
7.97451e-13
4.13146e-13
1.67727e-12
4.59977e-13
1.32158e-12
9.24613e-13
6.11411e-13
1.89979e-12
7.54895e-13
1.25924e-12
1.18436e-12
5.70374e-13
8.55695e-13
3.0301e-13
6.86595e-13
2.20495e-12
1.35268e-12
4.83021e-13
3.66604e-13
1.55863e-12
6.11741e-13
3.83201e-13
5.43687e-13
6.80329e-13
1.12261e-12
4.76091e-13
1.29887e-12
6.55435e-13
8.54613e-13
8.93796e-13
1.04403e-12
3.2399e-13
1.28788e-12
4.74357e-13
8.17939e-13
6.75133e-13
1.26023e-12
6.65444e-13
9.49211e-14
5.30364e-13
3.68373e-13
3.99366e-13
7.06638e-13
6.55869e-13
9.40619e-13
9.14031e-13
3.34706e-13
4.65696e-13
3.02239e-13
5.41492e-13
1.21613e-12
2.12683e-13
2.82509e-13
5.62087e-13
7.94868e-13
6.37973e-13
9.35435e-13
1.14609e-12
3.51736e-13
4.0929e-13
4.35194e-13
5.54679e-13
3.23376e-13
9.81218e-13
9.91615e-13
5.22779e-13
1.0196e-12
1.52346e-12
3.37991e-13
8.61793e-13
3.425e-13
2.03667e-13
8.1296e-13
8.69983e-13
1.37265e-12
8.82258e-13
2.70902e-13
5.59799e-13
9.29243e-13
2.09549e-12
1.14958e-13
5.75957e-13
5.34427e-13
5.07778e-13
3.36581e-13
5.39086e-13
4.62727e-13
3.14793e-13
3.46895e-13
1.33574e-13
3.44747e-13
2.82181e-13
9.46234e-13
5.59034e-13
5.00844e-13
8.5282e-13
5.41107e-13
3.16049e-13
6.07112e-13
8.09148e-13
3.19967e-13
6.56794e-15
3.58502e-13
8.77871e-13
4.0321e-13
3.60867e-13
1.0009e-12
7.16773e-13
3.27498e-13
3.40789e-13
8.89172e-13
2.94212e-13
1.86496e-13
5.53863e-13
2.70063e-13
1.08466e-12
1.29359e-12
1.54116e-12
7.18253e-13
7.31877e-13
8.65744e-13
7.2892e-13
3.50696e-13
1.46751e-12
7.78471e-13
5.29319e-13
2.12076e-13
7.02663e-13
9.48059e-13
2.58946e-13
3.09894e-13
9.83755e-13
6.46187e-13
1.13124e-12
5.70791e-13
5.97426e-13
3.74294e-13
5.0053e-13
3.93711e-13
6.42671e-13
7.18257e-13
