n=32
J=0.707107
eta=1.59494
mu=0.103797
beta-optimal=0
max-overlap=0
2.26808e-13
3.93113e-13
7.25618e-13
2.06551e-12
8.335e-13
6.08276e-13
8.16721e-13
1.06491e-12
1.94879e-12
1.40976e-12
4.44084e-13
6.81322e-13
8.3993e-13
4.17754e-13
2.35463e-12
7.84715e-13
1.47645e-12
7.78215e-13
6.42949e-13
6.37874e-13
2.55512e-13
2.57909e-14
1.15379e-12
2.53346e-13
1.27351e-13
3.32996e-13
7.83283e-13
7.53705e-13
2.96312e-13
7.74789e-13
1.03345e-12
2.76342e-13
6.44956e-13
1.29978e-13
5.33129e-13
3.40224e-13
6.38332e-13
4.50213e-13
2.38468e-13
2.01891e-13
3.03377e-13
3.3076e-13
2.49935e-13
6.1468e-13
3.25737e-13
6.56004e-13
7.78541e-13
2.80839e-13
6.21038e-13
3.42347e-13
3.28834e-13
2.32786e-13
2.75478e-13
3.50107e-13
2.11008e-13
3.78701e-13
5.39131e-13
2.52695e-13
7.04714e-13
3.73367e-13
8.64839e-13
3.64726e-13
3.52916e-13
4.5804e-13
6.61071e-13
1.69606e-13
4.03798e-13
2.03221e-13
1.5062e-13
1.78074e-13
3.74654e-13
2.49778e-13
2.69454e-13
2.11293e-13
3.07202e-13
6.81006e-13
4.83289e-13
3.87492e-13
7.91996e-13
3.65504e-13
9.02211e-13
4.20489e-13
4.2458e-13
3.07462e-13
3.18348e-13
2.97814e-13
3.68467e-13
5.89082e-13
3.90094e-13
5.04711e-13
5.51624e-13
3.57441e-13
6.3906e-14
6.21635e-13
3.52914e-13
3.53344e-13
3.73318e-13
5.66482e-13
1.51492e-13
1.54446e-13
5.1952e-13
3.56397e-13
1.78085e-13
3.39581e-13
1.57904e-13
6.63918e-14
7.50136e-13
3.01896e-14
6.58104e-13
1.45866e-13
1.44153e-13
3.09401e-13
2.71731e-13
2.0666e-13
2.79195e-13
2.61604e-13
5.75646e-14
2.56752e-13
3.14749e-13
3.32579e-13
1.40378e-13
8.51478e-14
4.9497e-13
3.43293e-13
6.14882e-14
2.16984e-13
2.28187e-13
2.53937e-13
1.67733e-13
2.40253e-13
4.24353e-13
7.82619e-14
2.2011e-13
3.15094e-13
2.17535e-13
1.74492e-13
2.73245e-13
2.72807e-14
1.31273e-13
3.26726e-13
1.08273e-13
2.95312e-13
1.22283e-13
1.66113e-13
2.18081e-13
2.58087e-13
1.08956e-13
1.77321e-13
1.00606e-13
1.69439e-13
3.68042e-13
2.65732e-13
2.2263e-13
1.08137e-13
3.55743e-13
1.54128e-13
2.13599e-13
1.85482e-13
1.20193e-13
5.84704e-13
8.99027e-14
1.41748e-13
1.31001e-13
2.05627e-13
1.20488e-13
1.71802e-13
1.686e-13
5.2816e-14
2.25977e-13
5.81527e-13
2.93757e-13
1.45545e-14
1.17016e-13
5.81037e-13
1.52561e-13
3.57325e-13
1.25458e-13
2.84861e-13
2.81009e-13
1.6097e-13
2.31676e-13
1.76784e-13
5.86552e-13
1.23519e-13
1.70707e-13
2.12233e-13
3.86162e-13
1.50341e-13
1.14962e-13
1.10899e-13
4.08306e-14
1.01471e-13
5.50679e-14
3.38799e-13
3.20012e-13
3.633e-13
2.49713e-13
1.23971e-13
9.31407e-14
1.20475e-13
2.9342e-13
2.22651e-13
2.13248e-13
3.64272e-13
5.10726e-13
5.87536e-14
9.60459e-14
6.32647e-14
4.96621e-14
5.64241e-14
2.66837e-13
1.90057e-13
2.47106e-13
5.04666e-14
2.25032e-13
1.51526e-13
7.40967e-14
3.20618e-13
3.199e-14
9.16121e-14
2.36507e-13
1.17461e-13
6.49917e-14
5.91408e-14
6.54087e-14
1.01444e-13
1.22508e-13
1.10865e-13
2.02072e-13
4.71313e-13
2.71126e-13
2.49547e-13
1.40118e-13
6.28799e-14
1.35388e-13
1.15435e-13
1.8465e-13
1.2372e-13
3.12761e-13
1.86978e-13
2.56543e-13
3.3067e-13
1.15551e-13
3.0117e-13
2.7468e-13
1.03603e-13
1.62159e-13
1.02776e-14
3.49653e-13
6.00173e-13
1.73269e-13
2.18396e-13
2.72527e-13
7.68239e-14
3.34797e-13
3.24327e-13
