n=32
J=0.707107
eta=1.03797
mu=0.0734177
beta-optimal=0
max-overlap=0
2.41641e-10
2.06201e-10
1.49077e-10
1.67686e-10
1.02183e-10
1.03854e-10
1.26421e-10
1.04205e-10
9.51282e-11
1.347e-10
1.23739e-10
8.5007e-11
7.76041e-11
7.0716e-11
4.86221e-11
5.60642e-11
7.39349e-11
7.34951e-11
5.58987e-11
5.62169e-11
5.18784e-11
4.65108e-11
5.06314e-11
4.96455e-11
5.06316e-11
5.08646e-11
3.95817e-11
5.21136e-11
4.49766e-11
4.10549e-11
4.06443e-11
3.86342e-11
3.4509e-11
3.00065e-11
2.9621e-11
4.07429e-11
2.25803e-11
3.28548e-11
2.93679e-11
2.5169e-11
3.24826e-11
2.76036e-11
2.58628e-11
2.67925e-11
2.99482e-11
2.72434e-11
3.83082e-11
2.25939e-11
2.12015e-11
2.72267e-11
1.93486e-11
3.04387e-11
2.88735e-11
1.80694e-11
2.5554e-11
2.01391e-11
2.20798e-11
1.7785e-11
1.6343e-11
1.34725e-11
1.90785e-11
1.91318e-11
1.4193e-11
1.75536e-11
1.52113e-11
1.77516e-11
1.29059e-11
1.33293e-11
6.15826e-12
1.89003e-11
1.92415e-11
1.54309e-11
6.85862e-12
1.49839e-11
1.57324e-11
1.12412e-11
1.10299e-11
1.32457e-11
1.41437e-11
1.12585e-11
1.55262e-11
8.83763e-12
1.12386e-11
5.70318e-12
1.4875e-11
8.25962e-12
1.12972e-11
1.26565e-11
1.023e-11
1.23507e-11
9.85818e-12
1.32049e-11
1.11986e-11
1.0322e-11
8.32704e-12
1.00449e-11
6.192e-12
8.34846e-12
8.49973e-12
9.35656e-12
1.52021e-11
1.01504e-11
9.26882e-12
7.63679e-12
1.09509e-11
7.06698e-12
6.32067e-12
6.77028e-12
6.86972e-12
1.29334e-11
7.94768e-12
6.7935e-12
8.37198e-12
5.8674e-12
7.09024e-12
6.14386e-12
6.72735e-12
5.33642e-12
9.56734e-12
1.06908e-11
9.45054e-12
7.59258e-12
4.40726e-12
6.59055e-12
6.15116e-12
5.72104e-12
5.01319e-12
6.78793e-12
6.17916e-12
3.74954e-12
6.31564e-12
2.23426e-12
7.35652e-12
8.71472e-12
6.70587e-12
3.96434e-12
8.83405e-12
4.9199e-12
5.4268e-12
4.69911e-12
7.13966e-12
6.62686e-12
7.51094e-12
7.35935e-12
4.73858e-12
5.30117e-12
3.42546e-12
6.22517e-12
5.40255e-12
4.3133e-12
5.08622e-12
4.84487e-12
3.51362e-12
5.56626e-12
3.63446e-12
5.7259e-12
3.65376e-12
5.57491e-12
3.65182e-12
5.50922e-12
3.72687e-12
3.28008e-12
4.35606e-12
4.70016e-12
4.00212e-12
5.07305e-12
4.51679e-12
4.81087e-12
5.0612e-12
5.52492e-12
2.86249e-12
3.9235e-12
3.06769e-12
3.91437e-12
3.95302e-12
5.04522e-12
3.58392e-12
2.79564e-12
4.06875e-12
3.01335e-12
3.28379e-12
3.11572e-12
2.89208e-12
3.95472e-12
4.14102e-12
4.06009e-12
3.51021e-12
2.68558e-12
3.53589e-12
3.62049e-12
4.1554e-12
3.01864e-12
4.23392e-12
3.06684e-12
4.39236e-12
3.04681e-12
4.49809e-12
3.1994e-12
3.4584e-12
4.84908e-12
2.70961e-12
2.61205e-12
3.41496e-12
3.21381e-12
3.13726e-12
2.25251e-12
3.02304e-12
3.79185e-12
2.76302e-12
2.93714e-12
2.66926e-12
2.06465e-12
1.92182e-12
4.55281e-12
3.46821e-12
4.6239e-12
1.94591e-12
2.68367e-12
2.78359e-12
3.25836e-12
2.75361e-12
3.03846e-12
2.29085e-12
1.76164e-12
2.30156e-12
2.49408e-12
1.47843e-12
2.84183e-12
2.7629e-12
2.93177e-12
2.09269e-12
2.3356e-12
1.38797e-12
1.74399e-12
2.08873e-12
1.88425e-12
2.05868e-12
3.82267e-12
2.52017e-12
1.63659e-12
7.75807e-13
2.12505e-12
2.39965e-12
1.79284e-12
1.88945e-12
2.07733e-12
2.81171e-12
2.96976e-12
1.43204e-12
2.29916e-12
2.01834e-12
1.60219e-12
2.57319e-12
2.31558e-12
2.14876e-12
1.58146e-12
