n=32
J=0.707107
eta=1.51899
mu=0.0886076
beta-optimal=0
max-overlap=0
2.24446e-12
2.43088e-12
5.85809e-12
4.07571e-12
1.50587e-12
2.48526e-12
2.22579e-12
2.10263e-12
4.22443e-12
6.44943e-12
2.6229e-12
1.41559e-12
1.56216e-12
1.26485e-12
3.54083e-12
1.20623e-12
4.88058e-12
1.12427e-12
1.85515e-12
8.78832e-13
3.83193e-13
2.35449e-12
8.30004e-13
1.47189e-12
4.85292e-13
5.0221e-13
1.23845e-12
1.94138e-12
4.02013e-12
8.35889e-13
1.89409e-12
1.55979e-12
2.09418e-12
7.91793e-13
1.56582e-12
4.76879e-13
1.83773e-12
1.28333e-12
2.52665e-13
1.21761e-12
1.43921e-12
8.29077e-13
1.1649e-12
1.3809e-12
1.01228e-13
2.21434e-12
3.65995e-12
3.51433e-13
1.28863e-12
5.40479e-13
8.96501e-13
3.61287e-13
5.14645e-14
1.65e-12
1.70477e-12
1.18279e-12
5.81171e-13
9.42115e-13
8.24689e-13
7.35834e-13
2.27704e-12
8.63498e-13
8.215e-13
3.78869e-13
7.64672e-13
5.44793e-13
3.69164e-13
7.55595e-13
7.05173e-13
8.31896e-14
1.64143e-12
6.35623e-13
4.1795e-13
9.16204e-13
1.37979e-12
1.24528e-12
1.63499e-12
1.48165e-13
3.53792e-12
3.14283e-13
1.87084e-12
5.13231e-13
1.21169e-12
1.83833e-13
7.95565e-13
4.83816e-13
3.28915e-13
5.98098e-13
1.51149e-12
1.14487e-12
2.72891e-13
1.8788e-12
8.41555e-13
1.27856e-12
3.80743e-13
1.52441e-13
2.34631e-13
9.53546e-13
3.10069e-13
2.14331e-13
1.67982e-12
8.04095e-13
5.08087e-13
7.94601e-13
2.2182e-13
2.73253e-13
1.39985e-12
2.46414e-13
1.16496e-12
5.97929e-13
3.33196e-13
1.2203e-12
1.24315e-12
1.16092e-13
7.26017e-13
4.0516e-13
2.66067e-13
1.88655e-15
1.63511e-13
2.38809e-13
6.3443e-13
6.46986e-13
7.50653e-13
6.32963e-13
2.27803e-13
2.61349e-13
1.30356e-12
3.99341e-13
2.08075e-13
6.01389e-13
7.74174e-13
6.69339e-13
3.4192e-13
4.54959e-13
6.71119e-13
3.9819e-13
5.16313e-13
3.18607e-13
2.38074e-13
3.61292e-13
8.0301e-13
5.84787e-13
6.86824e-13
3.73437e-13
6.18055e-13
5.61762e-13
2.3821e-13
2.53316e-13
1.25437e-13
2.27242e-13
6.4215e-13
6.23218e-13
6.68751e-13
6.10575e-13
1.05585e-12
6.07008e-13
2.96455e-13
6.21502e-13
3.91115e-13
8.59341e-13
3.57678e-13
6.36436e-13
4.48872e-13
1.26681e-12
2.11249e-13
4.61449e-13
4.60235e-13
2.06322e-13
6.13032e-13
1.14854e-12
4.20409e-13
4.93855e-13
2.03057e-13
5.51702e-13
3.86393e-13
8.1756e-13
1.39731e-13
5.80289e-13
4.17662e-13
9.90854e-13
5.99505e-13
1.43021e-13
9.12371e-13
2.35909e-13
4.51452e-13
1.9352e-13
1.1566e-12
5.45968e-13
1.03639e-12
2.94943e-13
2.90777e-13
4.67009e-13
3.12029e-13
1.05387e-12
6.40736e-13
9.88518e-13
7.46116e-13
3.5905e-13
5.05356e-13
1.53936e-13
4.13412e-13
2.31015e-13
2.81233e-13
8.84516e-13
7.15191e-13
5.64127e-13
3.00071e-13
2.87978e-13
1.79075e-13
1.15955e-13
8.2107e-13
3.30102e-13
1.95648e-13
3.05733e-13
7.71671e-13
3.32284e-13
1.10183e-13
5.53758e-13
4.47433e-13
1.31829e-13
2.60187e-13
1.89199e-13
5.29331e-13
9.74748e-14
5.09244e-13
1.22272e-13
2.83831e-13
6.25068e-13
4.15605e-13
4.81223e-13
4.58781e-13
3.9419e-13
4.68474e-13
4.30028e-13
3.88226e-13
6.39386e-13
1.68634e-13
9.66116e-13
4.63183e-13
3.1709e-13
2.01001e-13
4.75971e-13
6.808e-14
1.37504e-13
3.53444e-13
3.59341e-13
3.66596e-14
1.28405e-13
4.9783e-13
1.4863e-12
3.26262e-13
4.50162e-13
5.76426e-13
5.07539e-13
7.85744e-13
3.25921e-13
