n=32
J=0.707107
eta=1
mu=0.035443
beta-optimal=0
max-overlap=0
0.727647
0.235435
0.253565
0.165036
0.216496
0.15529
0.0900511
0.121625
0.0997104
0.0509257
0.0542782
0.0587871
0.0606856
0.0420991
0.0369085
0.0462195
0.0501968
0.0338562
0.0462646
0.0263006
0.0309101
0.0215304
0.0318229
0.0254398
0.0278056
0.0248169
0.0230866
0.0292532
0.0171753
0.0196761
0.0220007
0.0179269
0.0124748
0.0159997
0.0164061
0.0168627
0.012497
0.0215277
0.015866
0.0141528
0.0116672
0.00956026
0.00924461
0.0129543
0.00832284
0.0104784
0.0116603
0.0102702
0.00999581
0.0105921
0.0083469
0.00835311
0.00902952
0.0063798
0.00934135
0.00765065
0.00757951
0.0088674
0.00706964
0.00747739
0.00655106
0.00676021
0.00770501
0.00752114
0.00506648
0.00537066
0.00817679
0.00567246
0.00820003
0.00787235
0.00518391
0.00659936
0.00487534
0.0055004
0.00469981
0.0043273
0.00521773
0.00432117
0.00479147
0.00671464
0.00504411
0.00396636
0.00462435
0.00415636
0.00318515
0.00424855
0.00382831
0.00444546
0.00429258
0.00348043
0.00354284
0.00316236
0.00371774
0.0046558
0.00250943
0.00351341
0.00462908
0.00376946
0.00421918
0.00354972
0.00322097
0.00262712
0.00274401
0.00308883
0.00297071
0.00357853
0.00368216
0.00241443
0.00313867
0.00273956
0.0022728
0.00336219
0.00345239
0.00299558
0.00238494
0.00286917
0.00259474
0.00224903
0.00255672
0.0026548
0.00254285
0.00218094
0.00206938
0.00213449
0.00180978
0.00200169
0.00268527
0.00205212
0.00208292
0.00243511
0.0024392
0.00192842
0.00195661
0.00228057
0.00209372
0.00250142
0.00180741
0.00184935
0.00169247
0.00173815
0.00194614
0.00135642
0.00179727
0.00188346
0.00187299
0.00160546
0.00222684
0.0018286
0.00169296
0.00134804
0.00171531
0.00169781
0.00150798
0.00131942
0.00154273
0.00144507
0.0013481
0.0014609
0.0015659
0.0016531
0.00118625
0.0013448
0.00131242
0.00123879
0.00127762
0.00153204
0.00166931
0.00122873
0.00141432
0.00148575
0.00125944
0.00105293
0.0011348
0.00115762
0.00107778
0.00114411
0.00135354
0.00120423
0.00118786
0.00112928
0.00132331
0.00111206
0.00102527
0.00114611
0.00104945
0.00102064
0.00101662
0.000893083
0.00101529
0.000939648
0.000942442
0.000897788
0.00131087
0.000980472
0.00104663
0.000753359
0.00100264
0.0010069
0.000935899
0.000889113
0.0007949
0.000928388
0.00115652
0.000911413
0.000805483
0.000901958
0.000867081
0.000804296
0.000977177
0.000692609
0.000790326
0.000762615
0.000714884
0.000737835
0.00071616
0.000803325
0.00075609
0.000626338
0.000693752
0.000724756
0.00081948
0.000653579
0.000532168
0.000574525
0.000698856
0.000740736
0.000567855
0.000567953
0.000620913
0.00058846
0.000596431
0.000757692
0.000573382
0.000607491
0.000712005
0.000614296
0.000555538
0.000611972
0.000483365
0.00050612
0.000657789
0.000621956
0.000532749
0.000617034
0.000650854
0.000614223
0.000613606
0.000476655
0.000576086
0.000549779
0.000467436
0.000592353
0.000463676
0.000449068
0.000404476
0.000512038
