n=32
J=0.707107
eta=1.64557
mu=0.116456
beta-optimal=0
max-overlap=0
2.29897e-12
1.2395e-12
3.03006e-12
2.73978e-12
3.2112e-12
1.43414e-12
2.73949e-12
3.86288e-12
1.51182e-12
4.49716e-12
3.25398e-12
2.59784e-13
2.06605e-12
2.03499e-12
6.99938e-13
1.3113e-12
2.23774e-12
1.86343e-12
2.53448e-12
1.40618e-12
1.12112e-12
5.00768e-13
2.04866e-12
1.41474e-12
1.2441e-12
1.93443e-12
1.54051e-12
1.81393e-12
5.6013e-13
1.96632e-12
1.41258e-12
1.20838e-12
2.64931e-12
6.74123e-13
1.5544e-12
7.67029e-13
1.74731e-12
5.58881e-13
6.56387e-13
1.03128e-12
2.36487e-12
7.00267e-13
8.68408e-13
6.33711e-13
5.08598e-13
9.88464e-13
1.19126e-12
1.88614e-13
1.4327e-12
7.6912e-13
7.44755e-13
9.15388e-13
2.78358e-13
6.90569e-13
3.84598e-13
8.21607e-13
8.4346e-13
1.66947e-12
1.42011e-12
1.4222e-12
1.86782e-12
9.22366e-13
7.0848e-13
7.65702e-13
1.76634e-12
3.34286e-13
1.19085e-12
3.31078e-13
1.24227e-12
1.62826e-12
1.6371e-12
1.08797e-13
3.09129e-13
6.13222e-13
5.38873e-13
8.44188e-13
1.45217e-12
3.67202e-13
3.65794e-13
7.79991e-13
5.6418e-13
2.65103e-13
4.92286e-13
1.68109e-12
3.59541e-13
4.58577e-13
1.46553e-12
1.42077e-12
1.03694e-12
1.00099e-12
2.30452e-13
5.49894e-13
7.16302e-13
7.74517e-13
8.77317e-13
5.82216e-13
5.16399e-13
4.25198e-13
7.66821e-13
4.19551e-13
3.97417e-13
9.43676e-13
7.62985e-13
6.99224e-13
4.82293e-13
2.46083e-13
1.10891e-12
7.5022e-13
6.65363e-13
3.42368e-13
5.23567e-13
8.99547e-13
1.26021e-13
4.24834e-13
1.02737e-12
7.08924e-14
1.18063e-13
2.56324e-13
2.66356e-13
1.04635e-12
3.99789e-13
4.65812e-13
1.16183e-12
6.14308e-13
3.30433e-13
1.45754e-13
6.91797e-13
4.53622e-13
4.45822e-13
3.40923e-13
1.16976e-12
4.9233e-13
3.256e-13
6.47409e-13
8.1439e-13
8.00782e-13
3.24957e-13
2.97183e-13
8.19487e-14
6.61612e-13
3.0813e-13
5.54211e-13
3.96812e-13
3.41393e-13
1.53061e-13
3.22062e-13
5.03799e-13
1.14349e-12
2.40866e-13
4.72024e-13
7.69925e-13
3.93121e-13
3.75081e-13
1.1203e-13
6.28249e-13
3.1072e-13
5.2699e-13
3.46348e-13
3.58356e-13
6.57873e-13
5.3755e-13
1.29408e-12
1.08917e-12
4.93537e-13
2.62781e-13
5.2049e-13
5.3267e-13
1.72943e-13
1.2171e-12
6.70718e-13
7.69407e-13
8.55673e-13
2.44103e-13
8.62813e-13
3.66569e-13
7.48962e-13
4.67485e-13
5.96632e-13
9.47983e-13
4.62229e-13
3.96372e-13
3.10682e-13
3.31695e-13
5.8779e-14
3.86e-14
2.07641e-13
9.41226e-13
6.71495e-13
3.45252e-13
5.83973e-13
1.9671e-13
5.94698e-13
6.4828e-13
8.00011e-13
1.15944e-13
1.00843e-12
5.27918e-13
5.43817e-13
5.86717e-13
5.34292e-13
8.56481e-13
3.4027e-13
5.11751e-13
4.77188e-13
7.26041e-13
3.16518e-13
3.66879e-13
3.33403e-13
2.2246e-13
1.80433e-13
6.34247e-13
3.38086e-13
9.72659e-13
5.91026e-13
4.2027e-13
3.08267e-13
4.66691e-13
2.8116e-13
2.38977e-13
2.34872e-13
3.10723e-13
2.57508e-13
7.79176e-13
3.61575e-13
6.05287e-13
6.85656e-13
4.55833e-13
6.45607e-13
3.07905e-13
5.20567e-13
8.92148e-14
7.18726e-13
7.00564e-13
5.0891e-13
7.81533e-13
5.90154e-13
1.06449e-13
2.9985e-13
8.52427e-13
3.7193e-13
2.69003e-13
3.08237e-13
1.35074e-13
1.80057e-13
2.43917e-13
1.26761e-12
6.45693e-13
2.87529e-13
1.40197e-13
7.13413e-13
5.85531e-13
1.00166e-12
6.3408e-13
8.89959e-14
3.50962e-13
2.14729e-13
