n=32
J=0.707107
eta=1.16456
mu=0.0911392
beta-optimal=0
max-overlap=0
0.00742815
0.000991195
0.00536255
0.00185881
0.00042819
0.00226451
0.0062562
0.00237322
0.0044661
0.0020791
0.00375136
0.0018188
0.00127485
0.00140968
0.00155511
0.000706025
0.00397371
0.00126743
0.00321297
0.000991106
0.0031381
0.000484726
0.00286775
0.000884218
0.000175247
0.000756532
0.00154914
0.000138196
0.00122446
0.000648159
0.000675562
0.000877697
0.000257208
0.000925032
1.43918e-05
8.965e-05
0.000361475
0.000498912
0.00105663
0.000500917
0.000490613
0.000146888
0.000827342
0.00125242
0.00144148
0.000198377
0.00190424
0.000758507
0.000760814
0.000251709
0.00022164
0.000239901
0.00161834
0.000509612
0.00112143
0.000465066
0.000148459
0.000626604
0.000825967
0.000528326
0.00125017
0.000153916
0.00065116
2.83367e-05
0.000349138
0.000330003
0.000295158
0.000775083
0.00174283
0.000715965
0.000464839
0.000517297
0.000286013
0.000697212
0.000832749
0.000647662
0.000125756
0.000430266
0.00164389
0.000689135
3.66155e-05
0.000247405
0.000595296
0.000354642
0.000196614
0.000961251
0.000442043
0.00139238
0.000789537
0.000926793
0.000590582
0.000443236
0.000366254
0.00014278
0.000163471
0.000164261
8.18075e-05
0.000195872
0.000313829
0.00026264
0.000502608
5.96385e-05
0.000637105
0.000136426
0.000111632
0.000353555
0.000937023
0.000134114
0.000437832
0.000172519
0.000130972
0.000130605
7.71907e-05
0.000774888
0.000266375
0.000923532
0.000224797
0.000341908
0.000500909
0.00113853
0.00048761
0.000529751
0.000663028
0.000100274
0.000135539
0.000313206
0.00030973
0.000190365
4.93593e-05
8.40807e-05
0.000523943
0.000495097
0.000185798
0.000233736
0.000260458
0.00032554
0.000260567
0.00052877
0.000333605
6.60172e-05
0.000133503
0.000884445
0.000119641
0.000629678
2.71877e-05
0.000302675
0.000328368
0.000153344
0.00032636
0.000192111
0.000369623
0.00037433
0.000335635
0.000531216
0.000468186
0.000396825
0.00031343
6.26626e-05
2.26548e-05
0.000156515
9.8256e-06
0.000703353
0.000138447
0.000320565
5.86025e-05
7.90146e-05
6.84859e-05
0.000435011
0.000127543
4.11255e-05
8.89345e-07
0.000286896
0.000218772
0.000108778
0.000390809
0.000377358
0.000216642
3.8886e-05
0.000287719
0.0002701
0.000445537
6.16382e-07
0.000435508
2.97202e-05
0.000157582
0.000201649
0.000258916
0.000170821
0.000568357
7.40421e-05
0.000102765
8.75563e-05
0.000380437
0.000202612
0.000476926
0.000142278
4.95499e-05
0.000386416
6.73009e-05
2.31777e-05
0.000144042
2.98404e-05
0.000234758
0.00022131
0.000156514
3.24108e-05
0.000578246
0.000131318
0.000206872
0.000164008
0.000288609
0.000425919
7.78997e-05
0.000106109
1.41927e-05
8.95248e-06
0.000354439
0.000606981
0.000163776
4.7931e-05
0.000166656
0.000103906
0.000341686
5.13437e-05
6.09249e-05
3.27871e-05
0.000291035
0.000154704
0.000275703
0.000265319
0.000552068
3.57389e-05
4.97763e-05
0.00011813
0.000138413
4.07801e-05
0.000124306
0.000127543
0.000213183
0.000189933
0.000128453
0.00019268
0.000320946
0.000483304
0.000731279
0.000511536
0.000838084
0.000215468
0.000623311
0.000184989
0.000466999
3.82246e-05
0.000126918
0.000310944
4.12111e-05
0.00013048
