n=32
J=0.707107
eta=1.03797
mu=0.0734177
beta-optimal=0
max-overlap=0
2.26227e-10
1.33486e-10
6.35967e-11
5.95871e-11
9.7033e-11
6.03778e-11
3.96243e-11
6.68547e-11
5.05076e-11
6.01929e-11
2.9584e-11
5.44408e-11
3.72928e-11
4.061e-11
6.45009e-11
3.97839e-11
1.77896e-11
3.76925e-11
3.50684e-11
4.47083e-11
3.9953e-11
4.53347e-11
2.68661e-11
1.83026e-11
2.84413e-11
2.75531e-11
2.02257e-11
3.98227e-11
2.02441e-11
2.39084e-11
2.48449e-11
2.28857e-11
3.75376e-11
3.4198e-11
2.04657e-11
1.67713e-11
2.03342e-11
1.16067e-11
2.76545e-11
1.28313e-11
2.29906e-11
1.34581e-11
2.19363e-11
7.66811e-12
1.98623e-11
1.37972e-11
6.68389e-12
1.69885e-11
9.22789e-12
8.38922e-12
1.28167e-11
1.50704e-11
1.12513e-11
1.41494e-11
1.21187e-11
1.5281e-11
1.39051e-11
4.6494e-12
1.63331e-11
1.19705e-11
8.66705e-12
6.16162e-12
8.93878e-12
1.10447e-11
9.17587e-12
8.34672e-12
3.25113e-12
8.21176e-12
8.86943e-12
1.5919e-11
1.29546e-11
3.22886e-12
9.10215e-12
8.0786e-12
7.63181e-12
1.08835e-11
8.44563e-12
7.17563e-12
5.49513e-12
4.17855e-12
5.40966e-12
8.78346e-12
7.33585e-12
6.25017e-12
1.08672e-11
7.92753e-12
7.09871e-12
9.87334e-12
3.2127e-12
2.89083e-12
7.08409e-12
6.17243e-12
7.60586e-12
6.29651e-12
3.5821e-12
6.67793e-12
9.31687e-12
6.18773e-12
4.76214e-12
5.17116e-12
6.20416e-12
5.71851e-12
4.67706e-12
4.60084e-12
4.83293e-12
8.51449e-12
5.24128e-12
5.71375e-12
3.60104e-12
4.12929e-12
1.93466e-12
4.23325e-12
4.76663e-12
2.20309e-12
4.99742e-12
7.35187e-12
3.82956e-12
3.59667e-12
5.63248e-12
7.24029e-12
6.17905e-12
5.58981e-12
5.57957e-12
4.49691e-12
1.57212e-12
6.63483e-12
3.50172e-12
5.02185e-12
5.16826e-12
4.96966e-12
3.39869e-12
4.02822e-12
3.4563e-12
1.54325e-12
1.75416e-12
2.71896e-12
3.89778e-12
3.19882e-12
3.57841e-12
1.95838e-12
5.7021e-12
5.25158e-12
3.51384e-12
2.15657e-12
2.34172e-12
4.81124e-12
1.79428e-12
5.45256e-12
2.57113e-12
3.76868e-12
2.58854e-12
3.16763e-12
3.35846e-12
2.95167e-12
5.24427e-12
3.35501e-12
4.96767e-12
1.48548e-12
2.6159e-12
2.86122e-12
3.96344e-12
3.53804e-12
3.56275e-12
1.02083e-12
2.5082e-12
2.26212e-12
1.909e-12
4.37632e-12
3.63086e-12
1.59228e-12
4.25558e-12
2.73745e-12
2.31445e-12
2.69598e-12
4.02148e-12
2.0571e-12
2.39236e-12
2.92069e-12
2.53277e-12
2.9667e-12
2.35361e-12
1.45529e-12
1.12054e-12
1.59051e-12
2.20083e-12
2.57095e-12
3.89145e-12
1.03708e-12
1.73041e-12
4.72036e-13
2.70095e-12
1.94819e-12
9.77669e-13
1.18592e-12
1.57415e-12
2.28794e-12
1.25027e-12
1.75212e-12
2.04948e-12
2.35357e-12
4.10025e-12
7.3479e-13
2.90717e-12
1.97157e-12
1.66475e-12
2.22812e-12
3.34405e-12
2.92833e-12
2.67876e-12
1.70507e-12
3.44095e-12
1.03938e-12
1.31752e-12
1.14633e-12
1.83983e-12
1.86371e-12
6.25055e-13
2.13964e-12
3.32605e-12
1.20283e-12
2.07007e-12
1.66059e-12
1.51373e-12
1.4191e-12
1.78227e-12
1.13973e-12
2.97172e-12
2.057e-12
2.16491e-12
1.79426e-12
1.16127e-12
2.49005e-12
3.82825e-13
1.35573e-12
1.14424e-12
1.20906e-12
1.96007e-12
1.67925e-12
1.46663e-12
2.0694e-13
1.8917e-13
8.7133e-13
1.2643e-12
9.14027e-13
7.277e-13
1.68657e-12
4.88566e-13
1.76644e-12
7.22283e-13
1.59861e-12
5.40024e-13
8.40982e-13
1.82405e-12
2.61217e-13
8.69424e-13
8.53877e-13
