n=32
J=0.707107
eta=1
mu=0.106329
beta-optimal=0
max-overlap=0
0.319412
0.261945
0.256515
0.238189
0.250989
0.221167
0.188032
0.191197
0.174048
0.152773
0.140797
0.152522
0.141656
0.132628
0.121874
0.120199
0.120283
0.112891
0.112049
0.104105
0.0992378
0.0948927
0.0976002
0.098889
0.0923689
0.0943394
0.0908851
0.0899716
0.0767823
0.0798808
0.0750989
0.0754536
0.0659467
0.070977
0.0687022
0.0677083
0.0647466
0.0709946
0.0682129
0.062904
0.0603543
0.056934
0.053623
0.0586015
0.0518731
0.0519113
0.0538499
0.0548424
0.052218
0.0483307
0.0497744
0.049452
0.0462304
0.0425518
0.0459212
0.0433504
0.0444392
0.0423487
0.0430439
0.0437472
0.0410369
0.0410935
0.0394881
0.0421321
0.0372909
0.0364439
0.0390429
0.036587
0.0388263
0.0378383
0.0348795
0.036538
0.0347329
0.0331059
0.0321264
0.0319726
0.0324343
0.0315485
0.0311813
0.0335247
0.03137
0.0304121
0.0289469
0.029579
0.0263522
0.0280489
0.0282791
0.0300275
0.0285202
0.0258029
0.026743
0.0251517
0.0263292
0.025812
0.0233338
0.0252812
0.027012
0.025206
0.0249192
0.025314
0.0239624
0.022406
0.0219088
0.0225557
0.023046
0.0238623
0.0236199
0.0209282
0.0214793
0.0216343
0.0193505
0.0227439
0.0217652
0.0216088
0.0198277
0.0208971
0.0196775
0.0191798
0.0199728
0.0186867
0.018781
0.0180854
0.0182418
0.017344
0.0167987
0.0176979
0.0181031
0.0174805
0.0169582
0.0170799
0.0179244
0.0164485
0.0165978
0.0173813
0.0164718
0.0164304
0.0159314
0.0157494
0.0150864
0.0150159
0.0154252
0.0139389
0.0153564
0.0149804
0.0150096
0.0145869
0.0142381
0.0147023
0.0139739
0.0136516
0.013365
0.0134847
0.0132194
0.0128864
0.013503
0.0128957
0.0126544
0.01301
0.0130237
0.0131478
0.0119264
0.0123312
0.0119827
0.0118968
0.0115315
0.0116562
0.0123589
0.0118661
0.0118685
0.0118738
0.0117397
0.0110146
0.0110781
0.0111724
0.0108255
0.0109921
0.0112854
0.0107954
0.0106032
0.010598
0.0111152
0.0106937
0.010297
0.0104921
0.0103853
0.00994352
0.00989111
0.00953203
0.00983087
0.00964671
0.00954501
0.00920386
0.0101506
0.00942461
0.00973111
0.00897091
0.00925818
0.00924283
0.00882792
0.00890398
0.00851975
0.00876262
0.00920004
0.00878644
0.00844223
0.00829914
0.00835659
0.00809415
0.00849879
0.00796443
0.008015
0.0079358
0.00753634
0.00771634
0.00790378
0.00789558
0.00773774
0.00737447
0.00741864
0.00739964
0.00748482
0.00716498
0.00665009
0.00700698
0.00720429
0.00729451
0.00665345
0.00669118
0.00670877
0.00663316
0.00681817
0.00682545
0.00666815
0.00657536
0.00685959
0.006245
0.00629073
0.00624133
0.00608121
0.00602983
0.00633372
0.00611103
0.00604464
0.00621254
0.00625277
0.0059863
0.00592442
0.00566042
0.00567677
0.00552258
0.00530837
0.0057921
0.00517861
0.00524567
0.0051178
0.00514641
