n=32
J=0.707107
eta=1
mu=0.2
beta-optimal=0
max-overlap=0
0.180863
0.176852
0.178119
0.165015
0.15684
0.154054
0.14763
0.145022
0.14602
0.137527
0.130595
0.132954
0.130802
0.124882
0.126851
0.122605
0.118731
0.118911
0.118303
0.113225
0.111314
0.112452
0.112744
0.110839
0.109357
0.104665
0.10058
0.101749
0.100814
0.0986706
0.0948236
0.0934611
0.0953798
0.092622
0.0929788
0.0926511
0.0908782
0.0886335
0.0870947
0.08774
0.0866701
0.0880466
0.0838691
0.0819643
0.0843531
0.0813594
0.0793508
0.0793054
0.0785734
0.0762988
0.0763175
0.0739219
0.0736877
0.0724785
0.0711481
0.0729524
0.0721272
0.0702217
0.068016
0.0691181
0.0677343
0.0686485
0.0649558
0.0644928
0.0642639
0.0633143
0.0631752
0.0636612
0.0608517
0.0615637
0.0605612
0.0589184
0.0609973
0.0595676
0.0587227
0.0597058
0.0576425
0.0596616
0.0571819
0.0558886
0.0559849
0.0555228
0.0538606
0.0526855
0.0541409
0.051438
0.0528807
0.0522802
0.0519972
0.0503573
0.0511835
0.051181
0.0501321
0.0498749
0.0491543
0.0490523
0.0487669
0.0485851
0.0488308
0.0465174
0.047745
0.0470923
0.0457301
0.0452617
0.0445255
0.046164
0.0444876
0.0437735
0.0441373
0.0447152
0.0449004
0.043117
0.042033
0.0414658
0.0420256
0.0420973
0.0415972
0.0407255
0.0415292
0.0410329
0.0408972
0.0412494
0.0397914
0.0399672
0.0393977
0.038747
0.0382318
0.037748
0.0377254
0.0379876
0.0372254
0.0373782
0.0369782
0.0364648
0.0365155
0.0368113
0.0352131
0.0355731
0.0362179
0.0352602
0.0357512
0.0350724
0.0344911
0.0347448
0.0338663
0.0334469
0.0333635
0.0333447
0.0341577
0.0326771
0.0321936
0.0323386
0.0333958
0.0321802
0.0318423
0.0308956
0.0315858
0.031485
0.03091
0.0305126
0.0299228
0.0300249
0.0299862
0.0291623
0.0296464
0.029022
0.0283901
0.0283221
0.0291391
0.0275128
0.0281298
0.0276702
0.0275483
0.0272573
0.0270324
0.0270398
0.0267409
0.0268266
0.0262179
0.0266868
0.0264266
0.0264351
0.0257778
0.0261077
0.0261589
0.0256626
0.0258622
0.0248443
0.0252901
0.0248566
0.0240938
0.0247608
0.0242757
0.0236561
0.0238708
0.0236378
0.0231668
0.0238169
0.0233463
0.0233597
0.023152
0.0229071
0.0222518
0.0221268
0.0225097
0.0218178
0.0216824
0.0221726
0.0214908
0.0213226
0.0216635
0.0207702
0.0212148
0.0211629
0.0209102
0.0209087
0.0202601
0.0204929
0.0205636
0.0207738
0.0199556
0.020361
0.0197022
0.0190357
0.0190136
0.0191619
0.0190397
0.0189858
0.0189923
0.0185192
0.0189521
0.0183111
0.0184774
0.0184074
0.0185049
0.0179328
0.0178633
0.0175878
0.0170041
0.0174299
0.016973
0.0171488
0.0167633
0.0168086
0.0163371
0.0165412
0.0160121
0.0163072
0.0158841
0.0160291
0.0160219
0.0152244
0.0151641
0.0151253
0.0146641
0.0145837
