n=32
J=0.707107
eta=1.56962
mu=0.101266
beta-optimal=0
max-overlap=0
3.61071e-13
6.70049e-13
1.2011e-12
2.11657e-12
9.84761e-13
8.86484e-13
9.16314e-13
1.03943e-12
2.44994e-12
1.49399e-12
4.38095e-13
1.30902e-12
1.25259e-12
6.98217e-13
2.59562e-12
7.62867e-13
1.85323e-12
1.00848e-12
8.6078e-13
9.18848e-13
2.99963e-13
3.94548e-13
1.31334e-12
4.69102e-13
1.42355e-13
2.60752e-13
1.12844e-12
7.30724e-13
4.81011e-13
9.02483e-13
1.2824e-12
3.23224e-13
1.08465e-12
2.21893e-13
5.79308e-13
4.26406e-13
7.58336e-13
6.54574e-13
1.51779e-13
4.43363e-14
4.21189e-13
4.92685e-13
1.98475e-13
9.27719e-13
4.33964e-13
9.40433e-13
1.03445e-12
3.27181e-13
6.74178e-13
5.06095e-13
4.15538e-13
3.64592e-13
2.90244e-13
4.69605e-13
4.05675e-13
3.794e-13
8.16048e-13
3.46442e-13
9.84649e-13
3.33335e-13
9.30225e-13
4.50713e-13
3.17731e-13
5.58782e-13
1.02401e-12
2.17962e-13
6.33385e-13
3.41347e-13
3.552e-13
2.05523e-13
4.61047e-13
2.69059e-13
3.97589e-13
2.75182e-13
4.15189e-13
9.01138e-13
5.94651e-13
4.99368e-13
1.1399e-12
4.24429e-13
1.29916e-12
5.09735e-13
5.98221e-13
2.86608e-13
4.56994e-13
4.19999e-13
5.52151e-13
7.65544e-13
4.42723e-13
6.96615e-13
7.36079e-13
5.25454e-13
5.48867e-14
8.53575e-13
4.05494e-13
4.4534e-13
4.65053e-13
8.08837e-13
2.79163e-13
2.5749e-13
7.57259e-13
4.5732e-13
1.49021e-13
4.35767e-13
1.6659e-13
8.6267e-14
9.12485e-13
1.13551e-13
8.68703e-13
1.98143e-13
2.56332e-13
3.25717e-13
3.48263e-13
2.17714e-13
2.74676e-13
4.17836e-13
1.13682e-13
3.48544e-13
4.22306e-13
5.07132e-13
1.74326e-13
8.96596e-14
5.74246e-13
4.68453e-13
1.00775e-13
2.71397e-13
2.7829e-13
3.70714e-13
1.54396e-13
2.7074e-13
6.28258e-13
2.36441e-14
2.5223e-13
4.58033e-13
2.08685e-13
1.91407e-13
3.80791e-13
1.11686e-13
1.70124e-13
4.09246e-13
1.36903e-13
4.24066e-13
8.88664e-14
2.46685e-13
2.91969e-13
3.50265e-13
1.94143e-13
2.95767e-13
1.53787e-13
2.29454e-13
5.43988e-13
3.03719e-13
3.51248e-13
1.6489e-13
4.61974e-13
2.06597e-13
2.66077e-13
2.25288e-13
1.39762e-13
7.51223e-13
1.29775e-13
1.81396e-13
6.96279e-14
2.56857e-13
1.86964e-13
1.85845e-13
2.35364e-13
5.66665e-14
3.79517e-13
8.15327e-13
3.40792e-13
2.34295e-14
1.87479e-13
7.27018e-13
1.77186e-13
3.91183e-13
1.67381e-13
3.4823e-13
3.85119e-13
2.67321e-13
3.02399e-13
2.55277e-13
8.32404e-13
1.44635e-13
2.92079e-13
2.73051e-13
4.98904e-13
1.73854e-13
2.0179e-13
1.02775e-13
6.03443e-14
1.73233e-13
6.86571e-14
3.57604e-13
4.46259e-13
5.28161e-13
2.99451e-13
1.64998e-13
5.98575e-14
2.00055e-13
3.14034e-13
2.80136e-13
2.60487e-13
4.83002e-13
6.69497e-13
5.78509e-14
1.16294e-13
1.125e-13
7.36277e-14
8.92231e-14
3.33659e-13
2.29691e-13
3.71308e-13
5.64328e-14
3.40074e-13
1.77006e-13
1.25909e-13
4.22148e-13
2.79648e-14
1.59562e-13
2.88137e-13
1.57215e-13
3.8624e-14
8.509e-14
9.11016e-14
1.50342e-13
1.07547e-13
9.20786e-14
2.65226e-13
6.0384e-13
3.79466e-13
2.43028e-13
2.26077e-13
1.19713e-13
1.97744e-13
9.56325e-14
2.47397e-13
2.96018e-13
3.54754e-13
2.41979e-13
3.47017e-13
5.24002e-13
1.4064e-13
4.54446e-13
3.27358e-13
8.56654e-15
1.75922e-13
6.01166e-14
4.78139e-13
8.04542e-13
2.64454e-13
2.34299e-13
2.48812e-13
9.80109e-14
4.21492e-13
4.28205e-13
