n=32
J=0.707107
eta=1
mu=0.0379747
beta-optimal=0
max-overlap=0
0.711888
0.344428
0.221886
0.155479
0.150537
0.130313
0.117051
0.094158
0.0714015
0.0904076
0.0880499
0.0637582
0.0591281
0.0442469
0.0778478
0.0592042
0.0492957
0.0461186
0.0279537
0.0398177
0.0320931
0.0429678
0.0307687
0.0365597
0.0302009
0.025849
0.0208353
0.0290881
0.019832
0.0271706
0.0240371
0.0207858
0.0331868
0.0263266
0.0210567
0.0219609
0.0167114
0.0203186
0.0253476
0.0159373
0.019068
0.0146163
0.0116858
0.0126916
0.016418
0.012996
0.0121966
0.0126161
0.0130646
0.0140067
0.0110753
0.00930848
0.0148451
0.0130281
0.0106095
0.0105531
0.00850342
0.00780026
0.00846603
0.00898124
0.0120951
0.00896437
0.00826396
0.0100858
0.00834864
0.00778194
0.00873602
0.00782421
0.00904444
0.00772531
0.00575014
0.00751193
0.00605221
0.00808882
0.00712957
0.00695382
0.00529653
0.00685115
0.00613623
0.0057313
0.0067312
0.00596112
0.00594179
0.00703534
0.00705051
0.00556594
0.0056553
0.00462316
0.00532578
0.00747677
0.00423086
0.00557223
0.00469064
0.00457662
0.00391233
0.00396591
0.00480079
0.00462461
0.00467963
0.00404879
0.00421758
0.00404248
0.00438297
0.00342378
0.00382611
0.00331865
0.00466467
0.00349528
0.00340534
0.00385012
0.00330084
0.00403838
0.00381322
0.0034021
0.00296019
0.00331758
0.00268183
0.00273925
0.00339768
0.00301099
0.00358954
0.00326482
0.0028276
0.00285986
0.00310196
0.00265381
0.00298222
0.00281529
0.00352007
0.00318865
0.00270951
0.00280045
0.00307479
0.00253764
0.00259573
0.0033213
0.00196639
0.00225589
0.00341437
0.00263111
0.00279434
0.00212117
0.00203175
0.00247808
0.0024397
0.00214046
0.00223921
0.00266264
0.0020833
0.00172837
0.00184745
0.00200285
0.00188834
0.00202914
0.00210371
0.00213607
0.00168967
0.00195367
0.00186655
0.00184804
0.00168657
0.00183403
0.00187424
0.00164198
0.00168977
0.00169266
0.00173071
0.00158057
0.0018487
0.0018366
0.00175446
0.0013104
0.00167625
0.00154875
0.00151727
0.00151377
0.00154656
0.00154034
0.00161424
0.00148608
0.00130707
0.00157174
0.00118649
0.00166045
0.0013351
0.00116831
0.00151001
0.00130066
0.00120574
0.00126462
0.00112836
0.00116325
0.00126528
0.00119246
0.00109093
0.00125799
0.00110201
0.00119388
0.001042
0.00120736
0.00139664
0.00112353
0.00122437
0.00113234
0.00128192
0.00113781
0.00121656
0.00093363
0.00113014
0.000988811
0.001098
0.00135197
0.00108382
0.00110083
0.000936918
0.00112814
0.000942995
0.00101315
0.00087255
0.00102516
0.00104734
0.000970663
0.000913596
0.000954886
0.00118428
0.000869534
0.000906837
0.000919687
0.000877803
0.00096787
0.000875535
0.000796905
0.000830997
0.000777985
0.000909088
0.000855009
0.000852942
0.000734837
0.000831882
0.00084342
0.00079203
0.000775346
0.000668957
0.000864001
0.000709029
0.000807627
0.000712969
0.000927776
0.000764617
0.00066456
0.000564966
0.00056448
0.000627656
0.000633301
0.00057964
0.000547608
