n=32
J=0.707107
eta=1.08861
mu=0.0101266
beta-optimal=0
max-overlap=0
3.9484e-05
0.000662799
0.000228865
0.000113969
0.000565529
8.83706e-05
6.53558e-05
0.000134122
5.42567e-05
2.04266e-06
0.000681186
0.000318012
5.23873e-06
3.15815e-05
7.24596e-06
0.000515798
2.37422e-05
0.000433784
1.57777e-05
0.00034794
0.0005339
0.000334559
1.89728e-05
3.35561e-05
0.000204267
2.53852e-05
0.000527955
3.74784e-05
5.89891e-05
1.24086e-05
0.000108713
5.5694e-05
0.000184071
9.31788e-06
3.18045e-05
1.53516e-05
9.79665e-06
1.38048e-05
5.74071e-05
2.80381e-05
2.04974e-05
2.05351e-05
9.96473e-06
0.000169157
1.79656e-05
0.000239312
0.000211461
5.22105e-06
3.23472e-05
0.000147913
0.000471347
3.52856e-06
6.01777e-05
3.51182e-05
3.36188e-05
2.42236e-05
6.84268e-05
4.38416e-05
8.91699e-05
0.00013148
3.62451e-05
2.79429e-05
1.72313e-05
2.83228e-05
6.24145e-05
1.9223e-05
0.000171069
3.72697e-05
2.37909e-05
1.5693e-06
1.5223e-06
7.0103e-05
3.65933e-06
4.72774e-05
5.33691e-05
6.15801e-06
1.63128e-05
5.45291e-05
1.59923e-05
1.15758e-05
1.06509e-05
2.03201e-05
0.000125435
3.49331e-05
5.48783e-05
0.000174625
1.23265e-05
0.000111306
8.46156e-07
2.63257e-05
0.000109736
1.16208e-05
1.60321e-05
1.58382e-05
5.53419e-05
1.43718e-05
2.56623e-05
1.04759e-05
4.25799e-06
1.57401e-05
1.57288e-06
3.879e-05
0.000118519
3.05758e-05
3.00596e-06
0.000116982
6.54172e-06
2.90797e-05
2.78621e-05
7.43553e-05
1.01513e-05
6.71095e-06
3.24469e-07
1.46583e-05
1.11e-06
9.23355e-05
3.42047e-06
1.75613e-08
2.88364e-05
1.37098e-05
1.25264e-05
1.0342e-06
3.40689e-06
4.3727e-06
1.04841e-05
2.32461e-06
0.000125347
4.98215e-07
1.21566e-05
1.11481e-05
3.95379e-06
9.54683e-06
6.82522e-05
1.14845e-05
9.79575e-06
6.6785e-05
6.50484e-06
4.45066e-05
5.00479e-05
9.27979e-06
2.44724e-05
4.8648e-06
4.68867e-06
3.0954e-05
6.83023e-06
6.05638e-06
0.000126071
4.25341e-06
3.04942e-05
1.92769e-05
4.37716e-05
5.87053e-06
3.66401e-05
4.80196e-06
1.40946e-06
3.81752e-05
3.80724e-05
1.20125e-05
8.83469e-06
2.84794e-05
1.12398e-06
3.39281e-06
9.07424e-05
8.52808e-07
1.12368e-05
4.92321e-05
6.78885e-06
7.04823e-07
1.4366e-05
0.000102296
4.6538e-07
5.5862e-06
4.87901e-05
7.44265e-06
2.35921e-05
3.8606e-07
3.11992e-06
5.46206e-06
4.58484e-05
2.75518e-06
4.80089e-06
1.22502e-06
4.00636e-05
1.00832e-05
7.79287e-06
8.18978e-05
2.87057e-05
3.07194e-06
3.02728e-06
2.15544e-06
3.26125e-05
2.21771e-05
3.38956e-06
9.01302e-06
4.76955e-06
1.83188e-05
6.19277e-06
2.55939e-06
5.33859e-05
4.92459e-05
5.3249e-06
2.74396e-06
2.62979e-07
9.71828e-06
1.2742e-06
5.19128e-05
5.97709e-06
9.75906e-06
2.83412e-05
1.66344e-06
5.73579e-06
1.27979e-05
2.40282e-07
2.81422e-05
8.34889e-05
3.6606e-06
2.7315e-06
1.35258e-05
1.07974e-05
4.87875e-06
6.56283e-06
6.82887e-06
6.29437e-06
9.06992e-05
4.00034e-06
5.65986e-05
2.93265e-06
3.91635e-06
7.73428e-05
4.13557e-06
2.35196e-05
1.46669e-05
6.82884e-07
8.77969e-06
1.27352e-05
2.23494e-05
2.89908e-05
7.47634e-06
4.2561e-06
6.51083e-05
4.25463e-07
4.65127e-06
2.15054e-05
5.51846e-05
2.98424e-05
2.94828e-06
4.37204e-06
3.98204e-05
6.95252e-06
1.2739e-05
9.51286e-06
6.90243e-05
3.66272e-06
1.2843e-06
1.11921e-05
2.34384e-06
