n=32
J=0.707107
eta=1.29114
mu=0.0987342
beta-optimal=0
max-overlap=0
1.02553e-12
4.62644e-12
2.41758e-12
1.67832e-12
2.26686e-12
1.55131e-12
1.43965e-12
1.67762e-12
1.83583e-12
2.68376e-12
2.43271e-12
1.44931e-12
1.31098e-12
1.93487e-12
4.02485e-12
1.01204e-12
2.82531e-12
9.62137e-13
3.98871e-12
2.58845e-12
3.52217e-12
7.33561e-13
2.51071e-12
2.18458e-12
1.30491e-12
3.27598e-12
2.23293e-12
1.68961e-12
2.48905e-12
5.0742e-13
8.50977e-13
2.47106e-12
1.86384e-12
7.65673e-13
4.5404e-13
6.10454e-13
7.51543e-13
9.63901e-13
1.53378e-12
8.976e-13
9.08992e-13
8.00309e-14
8.55374e-13
5.20602e-13
4.48317e-13
1.75793e-12
7.69045e-13
8.24732e-13
3.70885e-13
4.94591e-13
1.59643e-12
9.45208e-13
8.3476e-13
2.36059e-12
6.96252e-13
8.2851e-13
1.00716e-12
2.50299e-13
3.71194e-13
5.73351e-13
1.41847e-12
2.58799e-13
2.68972e-13
9.77827e-13
5.13302e-13
2.02366e-12
1.65425e-13
2.33865e-13
2.59684e-13
1.66741e-12
1.03104e-12
5.17573e-13
2.84391e-13
9.73323e-13
9.07263e-13
1.11846e-13
3.65395e-13
7.52812e-13
5.34894e-13
7.70883e-13
9.27091e-13
4.2333e-13
1.0351e-12
8.72012e-13
1.0744e-12
1.13817e-12
1.36266e-12
8.92756e-13
3.07919e-13
3.93349e-13
6.40437e-13
8.442e-13
3.18171e-13
3.44471e-13
8.57028e-13
8.99876e-13
2.62232e-13
6.28943e-13
1.36937e-12
1.09558e-12
9.0096e-13
1.17028e-12
1.68948e-13
2.80602e-13
6.02746e-13
1.15009e-13
1.46948e-13
2.34627e-13
3.50116e-13
1.54464e-13
3.97633e-13
3.04437e-13
3.12342e-14
5.03839e-13
1.22758e-13
4.82634e-13
4.72058e-13
4.04024e-13
2.8423e-13
3.91441e-13
2.1501e-13
1.65153e-13
3.71934e-13
8.76634e-13
2.52278e-13
4.6643e-13
4.77621e-13
4.72932e-13
3.45465e-13
5.88331e-13
4.19025e-13
7.43379e-13
2.85481e-13
3.36864e-13
3.02707e-13
1.77413e-13
5.81337e-13
4.33371e-13
9.51962e-13
3.69646e-13
7.66526e-13
4.5824e-13
4.0591e-13
2.14776e-13
9.26434e-14
5.53328e-13
2.52748e-13
3.48192e-13
3.83034e-13
4.4482e-13
4.32219e-13
4.9649e-13
4.19537e-13
1.21394e-13
3.53606e-13
7.21142e-13
1.78917e-13
1.09902e-12
2.93476e-13
4.8934e-13
3.36137e-13
6.97108e-13
1.27555e-13
4.43472e-13
2.31318e-13
3.36485e-13
3.26641e-13
2.50126e-13
3.21148e-13
5.61573e-13
3.27332e-13
1.73707e-13
3.81479e-13
3.47741e-13
2.37535e-13
4.33709e-13
3.61295e-13
1.71514e-13
3.78846e-13
2.58996e-13
1.69419e-13
3.11738e-13
3.26089e-13
8.32865e-13
5.29333e-13
2.85795e-13
3.06189e-13
2.15438e-13
6.53778e-14
2.82439e-13
6.03897e-13
2.48408e-13
4.98652e-13
4.63833e-14
1.92888e-13
1.41246e-13
3.10056e-13
2.48317e-14
2.23933e-13
4.24027e-13
2.64457e-13
2.5012e-13
2.64509e-13
1.36145e-13
3.73265e-13
2.11837e-13
3.3977e-13
3.79437e-13
4.25867e-14
5.77296e-14
2.30877e-13
2.1151e-13
1.90238e-13
7.79361e-15
4.33041e-13
1.79372e-13
3.87201e-13
2.82779e-13
5.12924e-13
8.57302e-14
1.40834e-13
4.26191e-13
5.62584e-13
5.74937e-13
3.00079e-13
3.92746e-13
2.96321e-13
2.23046e-13
6.16591e-13
2.49373e-13
2.41731e-13
1.31327e-13
6.85546e-13
2.25383e-13
2.10756e-13
2.09245e-13
3.47709e-13
5.11177e-14
9.00248e-14
3.38767e-13
6.70313e-13
2.4221e-14
5.32521e-13
5.65103e-14
2.48677e-13
5.14748e-13
1.63134e-13
1.25976e-13
3.14549e-13
2.2124e-13
5.60799e-13
1.19184e-13
1.53981e-13
3.013e-13
3.34461e-13
2.02783e-14
