n=32
J=0.707107
eta=1
mu=0.0405063
beta-optimal=0
max-overlap=0
-0.553556
-0.540175
-0.534239
-0.519705
-0.51302
-0.508164
-0.504171
-0.496406
-0.489511
-0.487289
-0.486611
-0.476808
-0.465179
-0.457938
-0.456266
-0.447978
-0.438294
-0.434546
-0.431024
-0.429049
-0.423682
-0.42084
-0.415332
-0.405594
-0.405463
-0.404729
-0.396845
-0.389968
-0.382598
-0.381859
-0.37766
-0.365877
-0.362189
-0.36172
-0.360495
-0.355676
-0.343953
-0.343797
-0.340705
-0.336784
-0.336291
-0.333146
-0.322511
-0.319008
-0.312714
-0.307484
-0.301313
-0.29674
-0.295634
-0.291888
-0.284809
-0.282228
-0.276318
-0.276031
-0.272212
-0.266625
-0.263822
-0.262946
-0.260727
-0.256517
-0.242527
-0.240213
-0.234724
-0.23199
-0.228102
-0.223496
-0.222187
-0.219327
-0.214911
-0.210169
-0.204681
-0.203399
-0.20268
-0.201811
-0.195351
-0.190258
-0.188901
-0.188217
-0.183631
-0.181777
-0.178351
-0.170612
-0.17035
-0.163595
-0.16082
-0.158342
-0.150962
-0.150459
-0.147675
-0.145298
-0.138618
-0.134734
-0.131274
-0.128235
-0.126015
-0.123308
-0.114004
-0.11396
-0.105196
-0.10053
-0.100353
-0.0969707
-0.095304
-0.0934312
-0.0906931
-0.0808375
-0.0804348
-0.0778503
-0.0733843
-0.0715175
-0.0684096
-0.0654996
-0.059392
-0.0593163
-0.0565874
-0.0496656
-0.0445906
-0.0381909
-0.0368358
-0.0329212
-0.0310045
-0.0250305
-0.0236003
-0.0233511
-0.0193844
-0.0145885
-0.00963355
-0.00802499
-0.00342512
0.00337341
0.00442987
0.00577596
0.0154331
0.0177721
0.0220684
0.0246771
0.0263185
0.0334346
0.0401453
0.0416522
0.0435431
0.0482201
0.0534587
0.0561124
0.0568642
0.0637017
0.0637245
0.0691086
0.0705564
0.0738241
0.0821364
0.0838725
0.0903674
0.0946163
0.0985487
0.100542
0.103386
0.110388
0.110739
0.112701
0.114435
0.121772
0.126177
0.131095
0.131268
0.131672
0.137695
0.139382
0.140612
0.142848
0.147245
0.154688
0.157602
0.163821
0.168863
0.170103
0.175344
0.182452
0.185197
0.191392
0.195865
0.196367
0.205842
0.207705
0.210347
0.214726
0.219664
0.226175
0.227074
0.231647
0.232517
0.240711
0.243718
0.245504
0.246218
0.249569
0.255597
0.257005
0.261732
0.265914
0.269081
0.273698
0.281105
0.283743
0.283771
0.292811
0.293562
0.298508
0.298653
0.304179
0.305347
0.309454
0.316607
0.321342
0.323667
0.332246
0.338936
0.342331
0.347262
0.354868
0.35891
0.359349
0.362619
0.364231
0.37299
0.37823
0.382689
0.383418
0.392729
0.396382
0.404145
0.406678
0.410971
0.416613
0.427123
0.427436
0.432558
0.433337
0.435694
0.436825
0.444903
0.457975
0.463286
0.463771
0.47156
0.479273
0.483172
0.497961
0.501144
0.503291
0.510957
0.524119
0.528554
0.541228
0.550554
0.570676
