n=32
J=0.707107
eta=1
mu=0.0734177
beta-optimal=0
max-overlap=0
0.532576
0.367459
0.225232
0.201379
0.180066
0.17247
0.166023
0.147117
0.142749
0.134693
0.138238
0.13161
0.111477
0.107505
0.103942
0.102723
0.0966288
0.0864031
0.085091
0.0885377
0.0763736
0.0846407
0.080395
0.0742264
0.0685851
0.0788632
0.0748568
0.0648925
0.0632743
0.0532042
0.0599026
0.0567888
0.0582659
0.0475675
0.0509071
0.0470753
0.0487441
0.0496334
0.0503615
0.0395185
0.0453406
0.0391041
0.0414859
0.0399122
0.0380677
0.0426597
0.0359539
0.0392321
0.0357389
0.0323157
0.0416915
0.0313447
0.0306026
0.0343749
0.0306932
0.0297101
0.0281178
0.0284822
0.0258341
0.0266201
0.0262061
0.0270029
0.0289574
0.0245064
0.0222863
0.0244252
0.0235696
0.0236295
0.0232527
0.0234375
0.0223327
0.0229008
0.0222445
0.0220112
0.022802
0.01758
0.0205454
0.0204749
0.0200597
0.0198538
0.0223968
0.019026
0.0179323
0.0192842
0.0177097
0.0189002
0.0176727
0.0178715
0.0163931
0.0157552
0.015314
0.0170454
0.0173736
0.0143859
0.0157013
0.0150797
0.0140166
0.0140303
0.0145395
0.0141316
0.0127492
0.014425
0.0130268
0.0126706
0.0121039
0.0145774
0.0124016
0.0137062
0.012473
0.0114039
0.0110015
0.0114189
0.0111059
0.013086
0.0115629
0.0118823
0.0103288
0.0101693
0.0113308
0.0119522
0.0104176
0.0105702
0.00941588
0.0104982
0.00969332
0.010697
0.0098644
0.00955313
0.010019
0.00918225
0.0104495
0.0097951
0.00869153
0.00876846
0.00880859
0.00893339
0.0090427
0.00802708
0.00861009
0.00831702
0.00883456
0.0084304
0.00875278
0.00722287
0.00792717
0.00778743
0.0079999
0.00795441
0.00763654
0.00744699
0.00772678
0.00739942
0.0074239
0.00766201
0.00727661
0.00802499
0.00668117
0.00741905
0.00701259
0.00661764
0.00725024
0.00673387
0.00618082
0.00643003
0.00640354
0.00619619
0.00593962
0.00671873
0.00721612
0.00650207
0.00612926
0.00617442
0.0056443
0.0055644
0.00576136
0.0057576
0.00503706
0.00531147
0.00563685
0.00556254
0.00555267
0.00600463
0.00545289
0.00582803
0.00540228
0.00510443
0.00491807
0.00472767
0.00516176
0.00515761
0.00460156
0.00499809
0.00513524
0.00491992
0.00525417
0.00491935
0.00469275
0.00431717
0.00472242
0.00494363
0.00460772
0.00476157
0.00487534
0.00449776
0.00460626
0.00457413
0.00432359
0.00411938
0.00393116
0.00421517
0.00439226
0.0038576
0.00415307
0.00386144
0.00410674
0.00386327
0.00419407
0.00365933
0.00402716
0.00368058
0.00380387
0.00359169
0.00351023
0.00377206
0.00356974
0.00369861
0.00355923
0.0035832
0.00353817
0.00342381
0.00340481
0.00352571
0.00362424
0.00355463
0.00334385
0.00326565
0.00317465
0.00319701
0.00316757
0.00314624
0.00307422
0.00316098
0.00307715
0.00305978
0.00279601
0.00296702
0.00275134
0.00288518
0.00277467
0.00269618
0.00262432
0.00263118
0.00257356
0.00252506
0.00250473
0.00228759
