n=32
J=0.707107
eta=1
mu=0.0253165
beta-optimal=0
max-overlap=0
0.837203
0.141043
0.178976
0.0923372
0.146831
0.10234
0.0463779
0.0804501
0.0664133
0.0248168
0.0326213
0.029449
0.0376581
0.0204186
0.0178474
0.0290084
0.033018
0.0167248
0.030432
0.0124833
0.0188049
0.0099404
0.0194912
0.0120923
0.0164039
0.0121651
0.0110764
0.0181762
0.00822102
0.0106624
0.0134503
0.00918926
0.00581534
0.00766454
0.00943358
0.00967206
0.00579046
0.0135386
0.00766786
0.0076761
0.00547719
0.00442417
0.00460469
0.00731664
0.00369657
0.00544887
0.00631422
0.00481147
0.00469782
0.00630942
0.00373967
0.0038273
0.0050809
0.00287319
0.00513859
0.00357017
0.00350903
0.00519192
0.00321735
0.00342463
0.00322834
0.00315923
0.00429152
0.0034801
0.00223503
0.00241132
0.00484366
0.00258433
0.00471005
0.00446552
0.00234775
0.00346806
0.00217929
0.00293664
0.00236464
0.00192713
0.00242954
0.00196322
0.0021687
0.00382669
0.00234344
0.00177458
0.00246006
0.0018566
0.0014789
0.00220656
0.00168031
0.00198277
0.0019917
0.00172294
0.00161631
0.00140478
0.00166098
0.00263327
0.00110668
0.00158071
0.00249784
0.00171407
0.00230366
0.00159537
0.00143758
0.00120473
0.00124303
0.0015029
0.00132353
0.0016492
0.0018929
0.00104526
0.00160026
0.00120258
0.00108801
0.00155226
0.00183788
0.00138562
0.00116105
0.00128984
0.00118683
0.00106195
0.00112977
0.00146314
0.00115776
0.0010068
0.000879748
0.00110053
0.000821764
0.000870018
0.00148357
0.000890929
0.000949067
0.00132
0.00112377
0.000848763
0.000841609
0.00110913
0.00102358
0.00140089
0.000772434
0.00090156
0.000778315
0.000781773
0.00100738
0.000579416
0.000781632
0.000904845
0.000839389
0.000716383
0.00130369
0.000834272
0.000771655
0.00056681
0.000935124
0.000789104
0.000679021
0.00060786
0.000682134
0.00067241
0.000598627
0.000633743
0.000713115
0.000815543
0.000509481
0.000626343
0.000583178
0.000528895
0.00061758
0.000844296
0.000869949
0.000514891
0.000699108
0.000741915
0.000543207
0.000441692
0.000504166
0.000495085
0.000479896
0.000518504
0.000616346
0.000536056
0.000583366
0.000500335
0.000653691
0.000476936
0.000472483
0.000507167
0.000447063
0.000459579
0.000443925
0.00040596
0.000442318
0.000394947
0.000407736
0.000392675
0.000661275
0.000470873
0.000463154
0.000302138
0.000444514
0.000451604
0.000458451
0.000399564
0.000333514
0.000458384
0.000602833
0.000405467
0.000348018
0.000455923
0.000413179
0.000354744
0.000476995
0.00028648
0.000340916
0.000325663
0.000313653
0.000316459
0.000299165
0.000354476
0.00035027
0.000262107
0.000325383
0.000310202
0.000404729
0.000277721
0.000232811
0.000229626
0.000329919
0.000324639
0.000251323
0.00023253
0.000267419
0.000258736
0.00025152
0.000362736
0.00023829
0.000262701
0.000338445
0.000295785
0.000232206
0.000270525
0.000187385
0.000215999
0.000290633
0.000278783
0.000231739
0.00026725
0.000287741
0.000300919
0.000310771
0.000196541
0.000254852
0.00026318
0.000199915
0.000292073
0.00020972
0.00018948
0.000164408
0.000264355
