n=32
J=0.707107
eta=1
mu=0.0101266
beta-optimal=0
max-overlap=0
0.674194
0.523106
0.0845398
0.062054
0.0361119
0.024884
0.0350893
0.0229094
0.0134804
0.0183273
0.0170362
0.00914825
0.0174646
0.0117758
0.00807842
0.0104153
0.00874771
0.0078243
0.00838083
0.00684933
0.00533006
0.00655022
0.00469556
0.00738127
0.006486
0.00446014
0.00485916
0.00382348
0.00573245
0.00350501
0.00470051
0.0036228
0.00484087
0.00197206
0.00282396
0.00385122
0.00242199
0.00147195
0.00219011
0.00170228
0.00123061
0.00204731
0.00236681
0.00281679
0.00189386
0.00189973
0.00348163
0.00184083
0.00120993
0.00200341
0.00147933
0.00204324
0.00100407
0.00261451
0.00106782
0.00186311
0.00128117
0.00185878
0.00175961
0.00110393
0.00112534
0.000937895
0.000945063
0.00108249
0.000908361
0.000899619
0.000928595
0.000744768
0.000834715
0.00174487
0.00107282
0.000541216
0.000632807
0.00125479
0.000964517
0.00144532
0.000351917
0.000870188
0.000959059
0.000559821
0.000571663
0.000618608
0.000347007
0.000387116
0.000721501
0.00073826
0.0006111
0.000829795
0.000568773
0.000603116
0.000543793
0.000514192
0.000539492
0.000473709
0.000564148
0.000437739
0.000433219
0.000376233
0.000588742
0.000523587
0.000630644
0.000320498
0.000462009
0.000514378
0.000623044
0.000465176
0.000388721
0.000423883
0.000438145
0.000383994
0.000405172
0.000553165
0.000387547
0.000350111
0.000278654
0.000425733
0.000499397
0.000292839
0.000302518
0.000267797
0.000376678
0.00023762
0.000232107
0.000133916
0.000307404
0.000313279
0.000175514
0.00046315
0.000212146
0.00034138
0.000291629
0.000400827
0.000232693
0.000337302
0.000486644
0.00038172
0.00036252
0.000384763
0.000263167
0.000139177
0.00020821
0.000300241
0.000259874
0.000263556
0.000322374
0.000174972
0.000168756
0.000253053
0.000241238
0.000417971
0.000174771
0.00020183
0.000179629
0.00012976
0.000168842
0.000209701
0.000203292
0.000131824
0.0001567
0.000246034
0.000159756
0.000159521
0.00018491
0.000130685
0.000175884
0.000112119
0.000110389
0.000173362
0.000125003
0.000143799
0.000138383
0.000119921
0.000161064
0.000193737
9.74309e-05
0.000113242
0.000179277
0.000134908
0.000145873
0.000141676
0.000156836
0.000111144
9.48704e-05
0.000127156
0.000212527
0.000131184
0.000120674
0.000217621
0.000123045
0.00016229
0.00015019
0.000222594
6.67961e-05
8.5731e-05
0.000122894
6.03079e-05
7.98424e-05
8.59769e-05
7.32043e-05
0.000120647
8.88734e-05
0.000125315
0.000146779
0.000116856
0.00017283
0.000107092
0.000160479
9.09964e-05
8.55199e-05
4.58392e-05
8.3941e-05
0.000109187
9.90776e-05
6.81292e-05
9.53202e-05
0.000160881
5.08531e-05
7.11219e-05
0.000116765
7.28065e-05
4.00268e-05
6.83005e-05
8.79249e-05
9.8205e-05
4.90911e-05
9.64633e-05
8.74352e-05
4.43401e-05
5.61202e-05
0.000125916
5.92808e-05
6.36852e-05
6.01956e-05
5.06986e-05
5.98577e-05
8.18905e-05
5.12541e-05
4.0343e-05
4.70689e-05
5.76772e-05
6.61291e-05
7.72066e-05
6.52159e-05
6.65824e-05
3.24717e-05
4.80373e-05
8.25686e-05
6.21638e-05
6.15868e-05
7.24021e-05
5.32034e-05
6.70107e-05
4.86424e-05
4.61544e-05
4.07012e-05
6.33087e-05
