n=32
J=0.707107
eta=1.01266
mu=0.0177215
beta-optimal=0
max-overlap=0
3.75394e-05
0.00293806
0.00051237
0.000706463
0.00165988
0.000348803
0.000147712
0.000843329
7.82342e-05
4.93142e-05
0.00173716
0.000693297
8.49159e-05
0.000171412
1.63971e-05
0.0011335
8.88795e-05
0.000903385
9.7924e-05
0.000699199
0.00120681
0.000776307
9.21414e-05
0.000187524
0.000440487
0.000123023
0.00112029
0.00024666
0.000126663
6.34261e-05
0.000233508
0.000320162
0.000387974
1.64426e-05
0.000164595
7.12476e-05
3.72917e-05
6.97247e-05
0.000124458
0.000125707
0.000108043
3.765e-05
2.41829e-05
0.000349459
9.90839e-05
0.000470477
0.00043618
4.53515e-05
0.000139356
0.000293859
0.000930603
1.20333e-05
0.000127116
0.000167752
0.00013655
0.000116231
0.000172225
0.000199153
0.000146507
0.000243699
0.000162156
0.00012712
4.62573e-05
0.000102094
0.000111717
3.15779e-05
0.000321452
0.000166765
0.000106023
1.56323e-05
1.18312e-05
0.000124808
1.51984e-05
6.55137e-05
0.0002259
2.59531e-05
1.20331e-05
9.57191e-05
2.16447e-05
5.4198e-05
4.04274e-05
8.61002e-05
0.000232565
0.0001274
9.00748e-05
0.000347372
2.87774e-05
0.000227989
7.17374e-07
4.00425e-05
0.000208365
3.82635e-05
3.27683e-05
6.84665e-05
0.000109109
5.80679e-05
4.35911e-05
3.75147e-05
3.22731e-06
6.5173e-05
1.11964e-05
6.656e-05
0.00021943
0.000132349
1.1765e-06
0.000235152
2.98488e-05
0.00012578
5.15129e-05
0.000136646
4.6622e-05
2.34878e-05
2.49624e-06
2.70455e-05
2.11452e-06
0.000169249
1.09188e-05
1.64293e-07
0.000115318
1.99681e-05
2.30498e-05
9.61134e-06
1.06955e-05
2.01667e-05
3.75664e-05
8.58158e-06
0.00023475
5.51791e-06
4.26859e-05
1.20957e-05
1.35617e-05
1.71049e-05
0.000129321
5.05646e-05
3.3155e-05
0.000122459
2.77254e-05
8.2552e-05
8.99037e-05
3.19206e-05
5.32876e-05
1.39856e-05
1.06501e-05
5.65566e-05
9.47857e-06
2.30481e-05
0.00023434
1.05595e-05
5.71117e-05
6.35758e-05
7.59218e-05
2.13739e-05
6.57235e-05
2.16063e-05
6.0108e-06
7.14024e-05
6.92467e-05
1.99857e-05
3.58202e-05
5.6091e-05
3.45771e-06
3.10127e-06
0.00017396
3.44944e-06
2.17432e-05
9.04071e-05
2.41999e-05
1.17667e-06
4.90562e-05
0.000191166
4.19304e-06
2.16916e-05
8.59392e-05
2.94481e-05
4.77967e-05
2.84822e-06
1.54472e-05
9.75149e-06
8.6924e-05
1.63448e-05
1.87322e-05
5.44084e-06
7.88708e-05
1.95706e-05
2.40313e-05
0.000151253
5.57128e-05
1.28584e-05
1.28457e-05
8.28639e-06
6.16188e-05
3.88621e-05
5.62693e-06
1.41964e-05
1.47982e-05
3.55558e-05
1.66667e-05
8.36432e-06
9.20206e-05
9.46969e-05
2.03303e-05
9.35683e-06
4.1654e-07
2.35274e-05
2.44766e-06
9.62588e-05
2.11189e-05
1.63958e-05
5.19857e-05
7.31732e-06
1.95035e-05
2.47122e-05
1.91867e-06
5.08294e-05
0.000153344
1.77031e-05
1.06721e-05
5.00715e-05
4.01655e-05
7.63892e-06
7.46715e-06
2.23218e-05
7.60224e-06
0.000163549
1.3429e-05
9.92692e-05
1.09009e-05
1.53191e-05
0.000145049
1.90953e-05
4.27452e-05
5.18047e-05
3.74885e-06
1.85425e-05
4.20781e-05
3.99828e-05
5.10125e-05
2.64478e-05
1.42114e-05
0.000112442
1.56831e-06
1.58062e-05
4.01365e-05
0.000100482
5.29408e-05
1.17823e-05
1.64212e-05
7.38175e-05
2.47005e-05
2.25773e-05
3.4196e-05
0.000122845
1.16891e-05
7.64257e-06
1.87585e-05
1.3402e-05
