n=32
J=0.707107
eta=1.13924
mu=0.0227848
beta-optimal=0
max-overlap=0
3.21218e-12
2.52456e-12
7.15225e-12
9.5948e-13
1.62114e-12
2.65192e-12
1.60383e-12
2.08075e-12
5.75976e-13
2.19522e-12
2.04574e-12
1.19212e-12
1.72082e-12
2.92648e-12
3.17463e-12
1.76516e-12
1.75232e-12
5.56865e-13
2.25148e-12
8.27321e-13
1.61995e-12
2.29494e-13
1.27536e-12
1.53287e-12
1.77111e-12
1.38398e-12
6.68749e-13
1.26438e-12
7.84539e-13
9.23466e-13
1.33479e-12
1.31466e-12
2.34168e-12
1.14113e-13
8.15517e-13
1.49145e-12
2.95551e-13
4.18006e-13
9.90938e-13
7.64325e-13
1.32646e-12
3.31907e-13
2.70507e-13
1.53141e-12
9.48728e-13
1.17576e-12
2.28215e-12
7.22453e-13
1.39221e-12
9.61748e-13
2.39525e-12
7.60665e-13
9.2509e-13
3.98383e-13
1.02537e-13
1.38843e-12
7.10032e-13
1.08519e-12
5.25814e-13
1.36161e-12
3.78838e-13
1.53218e-13
2.01452e-13
4.11301e-13
6.4956e-13
2.35223e-14
9.90758e-13
5.57126e-13
8.93975e-13
4.97859e-13
6.12767e-13
2.38424e-13
6.44373e-13
1.25537e-13
1.33559e-12
1.02465e-12
7.014e-13
4.59982e-13
4.48145e-13
7.08263e-13
7.96728e-13
3.27135e-13
2.44898e-13
7.48406e-14
9.45597e-13
2.53202e-13
3.12833e-13
3.5438e-13
2.20357e-13
4.77366e-14
4.55483e-13
1.02937e-12
4.97098e-13
2.74072e-13
4.32348e-13
8.15888e-13
7.07391e-13
2.80283e-13
2.0845e-13
8.54311e-13
1.27125e-12
2.09453e-12
1.22778e-12
1.62744e-12
5.35795e-13
3.16911e-13
1.14304e-12
4.31718e-13
1.9917e-13
4.37549e-13
3.22324e-13
6.23085e-13
2.22758e-13
2.83821e-13
1.39199e-13
2.71649e-13
7.34072e-13
2.77725e-13
3.46515e-13
6.58222e-14
2.20083e-13
3.04733e-13
3.08376e-13
2.69947e-13
2.57519e-13
2.38644e-13
1.74903e-13
6.27717e-13
1.11372e-13
4.08069e-13
2.85711e-13
6.93593e-13
4.25046e-13
3.03308e-13
5.16176e-13
3.7794e-13
5.34197e-13
5.99257e-13
3.80038e-13
1.75561e-13
5.61904e-13
2.15254e-13
3.44093e-13
2.25077e-13
1.31942e-13
2.67136e-13
2.36347e-13
1.05327e-13
4.92393e-13
4.1959e-13
2.85832e-13
3.39936e-13
1.24846e-13
4.32555e-13
1.42319e-13
1.89537e-13
1.59878e-13
2.116e-13
6.45118e-13
6.56883e-13
7.74242e-13
6.97477e-13
2.60436e-13
7.14254e-13
6.38356e-13
6.07654e-13
1.13662e-13
4.05416e-13
1.66218e-13
3.08727e-13
1.67131e-13
1.82824e-13
3.05428e-13
2.38941e-13
1.59033e-13
2.71071e-13
2.73185e-13
2.26794e-13
5.32627e-13
5.10681e-13
1.48148e-13
1.81845e-13
1.02169e-13
2.89762e-13
3.34195e-13
2.64626e-13
1.37179e-13
1.37154e-13
7.71481e-13
1.51368e-13
3.98554e-13
5.08608e-13
9.18966e-14
8.06463e-14
2.37287e-13
7.84142e-14
6.34501e-14
2.07575e-13
2.2557e-13
4.6309e-13
2.90139e-13
1.27193e-13
1.31184e-13
1.92567e-13
8.85631e-14
1.85641e-13
2.80863e-13
1.54278e-13
1.42511e-13
9.41087e-14
3.48269e-13
1.27817e-13
4.54376e-13
6.09503e-13
7.10971e-13
8.01358e-13
1.90502e-13
2.55754e-13
3.08969e-13
3.9629e-13
1.69605e-13
7.87013e-14
1.4146e-13
1.62547e-13
1.33228e-13
1.49077e-13
4.79375e-13
7.09277e-14
8.7651e-14
3.04629e-13
5.01026e-13
1.65028e-13
5.61027e-14
3.71467e-13
3.54982e-13
3.70496e-13
2.07074e-13
3.3355e-13
1.77486e-13
6.64637e-14
1.69196e-13
2.32988e-13
2.57431e-13
1.41504e-13
1.26463e-13
4.1876e-13
3.40227e-13
5.19032e-13
1.01224e-13
4.56022e-14
2.49375e-13
4.0523e-13
2.77454e-13
1.43878e-13
8.85995e-14
1.70491e-13
