n=32
J=0.707107
eta=1
mu=0.0253165
beta-optimal=0
max-overlap=0
0.719307
0.359842
0.226937
0.161629
0.113935
0.126349
0.0742461
0.0620172
0.0709639
0.0533291
0.0370895
0.0333452
0.0517115
0.0334542
0.0364734
0.0362072
0.0436078
0.0304908
0.0251858
0.0229462
0.018496
0.0237617
0.0151639
0.0180406
0.0133945
0.0203236
0.0234442
0.0193736
0.0122583
0.0106578
0.0139225
0.0136038
0.0111402
0.00910815
0.00745144
0.00826987
0.0102858
0.00787166
0.0116593
0.0115363
0.00716272
0.00804789
0.00829466
0.00804285
0.0075115
0.00700201
0.00681837
0.0051963
0.00558093
0.00509262
0.0091611
0.00505405
0.00599063
0.00563438
0.00507394
0.00571829
0.00461814
0.00510924
0.00612132
0.0060838
0.00320461
0.0040151
0.00476862
0.00509382
0.00615904
0.00538633
0.00346738
0.00403489
0.00420557
0.00377772
0.00307894
0.00402611
0.00303055
0.00448026
0.00339794
0.00355369
0.00361239
0.0026599
0.00293736
0.00337951
0.00295254
0.00296052
0.00251443
0.00251208
0.00209222
0.00231598
0.00312699
0.00360354
0.00246622
0.00255754
0.0017193
0.00251703
0.00222836
0.00236125
0.00204167
0.0019436
0.00148974
0.00183462
0.00189683
0.00232157
0.00246956
0.00162953
0.0018877
0.00222392
0.00163027
0.00163683
0.00212064
0.00204321
0.0012223
0.00161992
0.00178418
0.00124796
0.00110596
0.00171133
0.0022761
0.00136706
0.00163263
0.00129636
0.0014758
0.00114661
0.00194692
0.0020746
0.00125351
0.00148613
0.00143118
0.00125836
0.00118126
0.00150226
0.00111991
0.00152005
0.00133334
0.00115463
0.0011284
0.00113531
0.000940368
0.00111461
0.00115271
0.00102956
0.00112265
0.000907031
0.00109733
0.000924671
0.0010772
0.00107171
0.00102634
0.000835115
0.000772374
0.00129321
0.000790674
0.00106613
0.00124407
0.000964372
0.000729409
0.000920125
0.00123819
0.000860504
0.000700966
0.000628628
0.00118108
0.000667594
0.000685684
0.000811223
0.00112379
0.000756504
0.00066865
0.00082052
0.000770636
0.000946903
0.000674961
0.000579361
0.000868628
0.000810446
0.00066539
0.000837512
0.000633865
0.0007044
0.000745357
0.000768819
0.000726205
0.000708647
0.000597904
0.000593846
0.000626637
0.000575157
0.000593404
0.000645223
0.000579253
0.000591515
0.000533522
0.000524718
0.000480208
0.000558092
0.000579324
0.000532275
0.000676391
0.000543551
0.000714081
0.000587834
0.000568743
0.000666678
0.000572805
0.000435943
0.000484724
0.000668975
0.000528954
0.000390354
0.000512453
0.000496957
0.000486976
0.000396102
0.000464993
0.000466764
0.000362371
0.000584951
0.000426202
0.000404322
0.000425714
0.000451231
0.000467064
0.000408952
0.000438133
0.000390123
0.000394159
0.000429933
0.000345339
0.000356812
0.000435787
0.000422645
0.000427202
0.000379658
0.000304133
0.000383553
0.000387146
0.000357258
0.000404369
0.000394424
0.00038565
0.000299277
0.000309295
0.000300655
0.000364614
0.000368041
0.000342056
0.000350448
0.000322801
0.000304858
0.000372581
0.000242857
0.000249604
0.000299948
0.000194804
0.000209776
0.000203646
0.000218026
0.000344252
0.000211648
