n=32
J=0.707107
eta=1.01266
mu=0.00759494
beta-optimal=0
max-overlap=0
1.41624e-10
2.55934e-11
9.40017e-11
6.58078e-11
7.23336e-11
3.15057e-11
1.94136e-11
1.37118e-11
2.94447e-11
2.47404e-11
2.61004e-11
3.36729e-11
2.22217e-11
4.7161e-12
6.6247e-12
1.22747e-11
1.25475e-11
7.45995e-12
2.80676e-11
9.69464e-12
1.31676e-11
2.01344e-11
1.09718e-11
3.687e-12
1.87772e-11
1.816e-11
3.94944e-12
9.00405e-12
1.30218e-12
2.13363e-12
4.16134e-12
4.43173e-13
6.67419e-12
3.00812e-12
5.26741e-13
1.08899e-11
3.66981e-12
4.59569e-12
6.66644e-12
1.63376e-12
1.4657e-12
1.39737e-12
8.0102e-13
2.1909e-13
1.65095e-11
6.78487e-12
2.50341e-12
2.03463e-12
4.56299e-12
5.70503e-12
2.64953e-12
1.39865e-12
3.37708e-12
7.00139e-12
1.54954e-12
3.88656e-12
4.51591e-12
3.88694e-12
2.83722e-12
6.33124e-12
7.97281e-13
1.21965e-12
1.20474e-12
3.71069e-12
2.81642e-12
4.88715e-12
1.97403e-12
6.70839e-13
2.5801e-12
1.1187e-12
1.33833e-12
3.96766e-13
4.01156e-12
1.74899e-11
1.22556e-12
1.54471e-12
2.126e-12
3.46748e-12
2.01202e-12
4.95638e-12
3.13744e-12
7.76427e-13
4.82655e-13
1.99399e-12
1.85175e-12
2.78505e-12
6.54332e-13
5.16903e-12
1.09451e-11
1.41837e-12
1.11355e-12
3.11383e-12
2.38875e-12
8.04849e-12
3.47924e-12
2.804e-13
9.20443e-13
2.98687e-12
4.05609e-13
7.04812e-13
7.09207e-13
5.48379e-13
1.9811e-12
5.0413e-12
5.67115e-13
4.65976e-12
4.00112e-12
2.29146e-12
2.28725e-13
7.52891e-13
7.22988e-13
1.48069e-12
3.31621e-13
1.49758e-13
6.97362e-13
4.61748e-12
1.62817e-12
2.04628e-13
3.25392e-13
6.34065e-13
1.85969e-13
1.16546e-12
1.12756e-12
8.0475e-13
2.32761e-12
6.18655e-13
1.2543e-12
1.70324e-12
6.00851e-13
1.65098e-12
5.41459e-12
5.90885e-13
1.11305e-12
1.8553e-12
4.88513e-12
1.2295e-12
3.50204e-13
8.77148e-13
2.1447e-12
2.23693e-12
1.40507e-12
3.92716e-12
2.83907e-12
1.15507e-13
2.66956e-12
4.75764e-13
7.3011e-13
5.97137e-13
2.75692e-12
1.04765e-12
1.59771e-12
3.36018e-12
1.92468e-12
1.03638e-12
4.2983e-13
2.40277e-12
1.40331e-12
3.05772e-13
4.74901e-13
3.64444e-13
8.89001e-13
2.58254e-12
2.06506e-12
6.20855e-13
3.28847e-12
9.59032e-13
2.12095e-12
1.53915e-12
2.00524e-12
7.09312e-13
1.78574e-12
4.91929e-13
9.22994e-13
1.08354e-13
3.51223e-13
1.20002e-12
5.25706e-13
6.26198e-14
1.95438e-13
5.89922e-13
7.61528e-13
1.47941e-12
1.18233e-13
9.09421e-13
4.27484e-12
2.71637e-13
1.20392e-12
1.42649e-12
2.28589e-13
2.54587e-12
1.05271e-12
3.15382e-12
9.30646e-13
4.91274e-13
3.13526e-13
5.56876e-13
2.99824e-13
6.72187e-14
4.87074e-13
1.14482e-12
7.88528e-13
1.21961e-12
1.24331e-12
8.17259e-13
2.64822e-12
1.38028e-12
2.43933e-12
1.76736e-12
7.95475e-13
4.53278e-13
2.65533e-13
1.79125e-12
1.64539e-12
9.58264e-13
3.41411e-14
2.08282e-12
4.2763e-13
9.6902e-13
5.77193e-13
6.94123e-13
3.23632e-13
8.68429e-13
3.923e-13
1.12274e-12
4.28531e-13
1.64228e-12
2.3441e-12
9.9482e-13
1.80884e-13
6.32744e-13
1.51034e-12
3.43521e-13
1.66855e-12
1.80521e-13
7.62952e-13
3.0097e-13
1.29567e-12
3.59287e-12
1.76898e-12
9.94054e-13
2.88106e-12
5.85131e-13
3.44781e-12
2.55191e-13
9.06908e-13
1.47658e-12
5.94593e-13
2.57174e-13
6.87615e-13
8.56712e-13
2.59465e-13
6.70733e-13
4.52837e-13
1.10962e-12
6.08432e-13
2.55604e-12
