n=32
J=0.707107
eta=1.01266
mu=0.0607595
beta-optimal=0
max-overlap=0
0.434014
0.334289
0.303944
0.270515
0.229411
0.221548
0.159036
0.154253
0.155011
0.141629
0.113044
0.109791
0.126555
0.104758
0.106723
0.108932
0.111578
0.088907
0.084613
0.0734438
0.0633454
0.0689395
0.0581116
0.0573191
0.0526218
0.0617294
0.0644853
0.0562671
0.0487214
0.0426294
0.0495745
0.0490405
0.0447531
0.0376971
0.0354625
0.0363166
0.0381969
0.0347934
0.037261
0.0377187
0.0326437
0.0322871
0.0344592
0.0324586
0.0288746
0.0306693
0.0282247
0.0244248
0.0282693
0.0243875
0.0308606
0.0233283
0.0258462
0.0225764
0.0227129
0.0242493
0.0211722
0.0215495
0.0237188
0.0251193
0.0178256
0.0207873
0.0196288
0.0216275
0.0222978
0.0232881
0.0167245
0.0184676
0.0178899
0.0164944
0.0166151
0.0175906
0.0153299
0.0189482
0.0149221
0.0167743
0.0155013
0.0145781
0.0145492
0.0144151
0.0144885
0.0147495
0.0130203
0.012177
0.0119354
0.0123296
0.0145695
0.0140811
0.0116798
0.0123141
0.0109091
0.0116232
0.0112736
0.0119364
0.0111435
0.0108761
0.00967854
0.00995542
0.0101317
0.0115881
0.0104019
0.00939837
0.0102763
0.00979345
0.0093119
0.0092613
0.0106925
0.0104226
0.00802599
0.00879485
0.00927467
0.00727632
0.00781094
0.00857471
0.00927558
0.00793709
0.0086152
0.00774059
0.00843766
0.00747936
0.00956389
0.00934802
0.00742161
0.0076636
0.00786045
0.00720376
0.00659832
0.0073962
0.00702137
0.00733925
0.00703055
0.00672516
0.00641872
0.00666325
0.00631588
0.00626368
0.00633053
0.00622425
0.00632144
0.00599684
0.00583149
0.00567592
0.0058102
0.00608451
0.005721
0.00519016
0.00521503
0.00618824
0.00517174
0.00575235
0.00617489
0.00514698
0.00516124
0.00515898
0.0057408
0.00482943
0.00480055
0.0045016
0.00564178
0.00450432
0.00439741
0.00493054
0.0051299
0.00460735
0.00446498
0.00475176
0.00472897
0.0048947
0.00419406
0.00393623
0.00483562
0.00447259
0.00429863
0.00467056
0.00411283
0.00409997
0.00436235
0.0041432
0.00427559
0.00401246
0.00384756
0.00394794
0.00376354
0.00390857
0.00375858
0.00384552
0.00357846
0.00370466
0.003568
0.00351093
0.00334372
0.00370493
0.00362097
0.00346544
0.00348603
0.00335014
0.00364848
0.0033174
0.00342328
0.00386931
0.00340338
0.00315177
0.00313057
0.00360277
0.00321975
0.00288273
0.00324619
0.00306852
0.0030849
0.00281948
0.00297123
0.00278233
0.00261683
0.00295087
0.00268889
0.00264171
0.00274972
0.00263784
0.00267038
0.00277449
0.00264518
0.0025093
0.00253923
0.00255443
0.00240412
0.00255248
0.00248865
0.0026543
0.00250882
0.00234771
0.00226059
0.00229438
0.00245162
0.00232208
0.00250919
0.00240196
0.00235658
0.00208706
0.00214248
0.00205019
0.00223989
0.00227166
0.00208771
0.00212576
0.00204488
0.00202344
0.00212552
0.00186136
0.00181931
0.00191874
0.00168907
0.00169022
0.00164019
0.00164355
0.00188408
0.00155108
