n=32
J=0.707107
eta=1.16456
mu=0.0810127
beta-optimal=0
max-overlap=0
9.42751e-12
1.51734e-11
8.64237e-12
1.59177e-12
5.00024e-12
4.39937e-12
6.92294e-12
3.46739e-12
4.96757e-12
3.11464e-12
2.95645e-12
5.68721e-12
4.54365e-12
3.91256e-12
1.01537e-11
4.97453e-12
7.67242e-12
2.01454e-12
5.18396e-12
5.00276e-12
6.30525e-12
2.43448e-13
5.96529e-12
2.31756e-12
2.47386e-12
2.69179e-12
1.94854e-12
3.0829e-12
1.85571e-12
1.28683e-12
1.17911e-12
2.79933e-12
2.52176e-12
1.57263e-12
1.87175e-12
2.20587e-12
3.73399e-12
2.42794e-12
1.7198e-13
2.75761e-12
3.2229e-12
9.40474e-13
2.12968e-12
1.8104e-12
6.85143e-13
3.52229e-12
1.7813e-12
1.21071e-12
9.72743e-13
8.19046e-13
3.67281e-12
1.19792e-12
1.11346e-12
2.94564e-12
6.21928e-13
1.53883e-12
1.49706e-12
1.34055e-12
7.59166e-13
1.21888e-12
3.54384e-12
9.15797e-13
6.71019e-13
1.32454e-12
5.828e-13
3.8129e-12
7.85496e-13
1.59423e-13
1.32904e-12
2.89456e-12
1.18314e-12
6.79096e-13
1.84469e-12
1.53743e-12
1.87058e-12
3.57775e-13
6.29067e-13
9.1408e-13
2.73476e-13
1.09664e-12
8.65502e-13
3.06614e-13
2.85456e-12
1.53598e-12
1.77831e-12
1.7943e-12
1.57576e-12
2.35857e-12
1.08423e-12
6.20217e-13
2.348e-13
1.90584e-12
4.03493e-13
3.60573e-14
2.31239e-12
1.15615e-12
5.44427e-13
3.75371e-13
1.68719e-12
1.35451e-12
1.52939e-12
1.34759e-12
6.75776e-13
2.36451e-13
8.10927e-13
3.27278e-13
3.85021e-13
7.35542e-13
7.12935e-13
3.40641e-13
9.13916e-13
9.24939e-13
1.18899e-13
1.34131e-12
4.86503e-13
1.31268e-12
5.22848e-13
1.718e-12
4.5834e-13
4.6801e-13
1.41393e-13
1.20169e-12
2.38886e-13
2.10853e-12
2.39206e-13
6.38958e-13
9.91221e-13
7.59041e-13
2.27467e-13
6.82406e-13
4.28144e-13
1.71672e-12
6.47949e-13
4.71734e-13
2.53731e-13
3.04175e-13
1.95758e-12
2.7292e-13
1.95339e-12
8.97305e-13
8.54605e-13
8.67207e-13
7.80423e-13
4.16035e-13
1.22332e-12
3.01567e-13
1.27397e-12
6.70875e-13
2.48156e-13
7.08477e-13
1.36476e-12
4.16706e-13
1.53424e-13
2.42166e-13
2.65578e-13
8.86844e-13
7.90425e-13
1.74957e-12
6.00729e-13
3.78932e-13
8.09945e-13
6.77502e-13
4.95181e-13
6.87022e-13
4.3435e-13
3.58936e-13
4.14909e-13
3.167e-13
9.94051e-13
8.54991e-13
3.76905e-13
2.37212e-13
5.90076e-13
1.01674e-12
3.59058e-13
6.92185e-13
3.22569e-13
6.02828e-13
5.82211e-13
5.95152e-13
4.05056e-13
4.68955e-13
4.45406e-13
1.90393e-12
7.40562e-13
3.53773e-13
3.66289e-13
1.01152e-13
2.99351e-13
8.72266e-13
1.16564e-12
6.31637e-13
3.49749e-13
3.50707e-13
1.7286e-13
3.8669e-13
5.23772e-13
3.72296e-14
5.24798e-13
1.1823e-12
3.23146e-13
4.94316e-13
9.64246e-14
1.06562e-13
3.97792e-13
3.73869e-13
5.63199e-13
7.36958e-13
2.39094e-13
5.94878e-14
4.07459e-13
5.03001e-13
2.40836e-13
7.82213e-13
6.48798e-13
3.28953e-13
1.03529e-12
6.92502e-13
8.16029e-13
7.14913e-13
2.28649e-13
3.61215e-13
9.69267e-13
3.98725e-13
9.65412e-14
6.8784e-13
9.70949e-14
8.04904e-13
4.51418e-13
5.0376e-13
1.00735e-12
2.63229e-13
1.55027e-12
1.95439e-13
9.41312e-13
4.89533e-13
4.4987e-13
3.05108e-13
5.26264e-13
5.16686e-13
5.65189e-13
2.48679e-13
1.02859e-12
3.35942e-13
4.77084e-13
8.48067e-13
3.22798e-13
6.7855e-13
1.0363e-13
3.4578e-13
8.78767e-13
2.96565e-13
8.12627e-13
4.88165e-13
1.25669e-12
6.55102e-13
