n=32
J=0.707107
eta=1.89873
mu=0.118987
beta-optimal=0
max-overlap=0
0.000552413
0.00158736
0.000176278
0.00181488
0.00112399
0.00015778
0.000834865
0.000238302
0.00122101
0.00105157
8.21953e-05
0.000193241
0.000542144
0.000518451
0.0018601
0.000983395
0.00282253
0.00045254
0.000564463
0.0016122
0.000249868
0.000635949
3.4623e-05
5.50056e-05
0.000270948
1.84687e-05
0.00045535
0.00110778
0.000356572
0.0010312
0.000696956
0.000940312
0.000245181
0.000282175
0.000412284
1.77683e-05
0.000667349
0.000450938
0.00103728
0.000404867
0.000122633
0.00104272
0.000559313
0.000981052
0.000286887
0.000210395
0.000486179
0.000996692
6.15247e-05
0.000211428
0.00058894
0.000678106
0.000151386
0.000146233
0.000593633
0.000405512
0.000707277
0.00110691
0.00129755
0.00109761
4.07533e-05
0.00118354
0.00066056
4.56986e-05
0.00099912
0.000458474
0.000443717
0.000441508
0.00029203
2.80647e-05
0.000127127
0.000601309
4.64365e-05
0.000384052
0.000647011
0.000604579
0.000660187
0.000332947
0.000318923
0.00133352
9.19144e-05
0.000438753
0.000222146
0.000225958
0.000306102
2.32624e-05
0.000900459
0.000295438
0.000564596
2.45617e-05
0.000365545
0.000327525
5.38009e-05
0.000522023
0.000489645
0.000672392
0.000330533
0.000179115
0.00026106
8.48741e-06
0.000295489
0.000301663
0.000150874
6.64015e-05
0.000842544
0.000217985
0.000658566
0.00029091
0.000280602
0.000368577
0.000129103
0.000680468
0.000192917
5.94247e-06
0.00018109
8.80226e-06
0.000274036
0.000308956
0.000152328
2.57074e-05
0.000403589
0.000204764
0.000373024
0.000580361
0.000169548
0.000241137
4.10796e-05
0.000120964
0.000534023
0.000476003
0.000425177
2.1491e-05
0.000293426
1.40491e-05
0.000318447
0.000189878
0.000171518
0.00047669
0.000272118
0.00083102
0.000466375
0.000137865
0.000601728
0.000110977
1.38494e-05
0.000354
0.00108222
0.000812961
1.28058e-05
0.000705032
0.000103363
0.000307017
0.000320895
7.99506e-05
0.000448711
0.000778261
0.000469733
0.000324201
0.00032017
0.000831197
0.00052332
7.29706e-05
0.000900467
0.00017649
0.000208673
0.000186878
0.000490619
0.000238174
0.000263331
0.000997702
6.2492e-05
0.000304464
0.000244226
0.000336741
4.69137e-05
0.000222705
0.000256066
0.000256011
0.000275504
0.000333654
0.000149838
0.000385845
0.000217384
0.000191692
9.3612e-05
0.000216789
0.000175759
0.000213403
2.8664e-05
0.000270563
0.000416365
0.000427291
0.000391722
0.000402796
0.000156331
0.000179616
0.000845304
0.00046052
0.000931994
0.000568295
1.93199e-05
3.43174e-05
0.000111618
0.000479362
7.12933e-05
0.000615737
0.000248024
0.000225284
4.93628e-05
0.000218248
0.000252423
0.000702894
6.64808e-05
0.000225026
0.000269062
0.000259279
0.000226727
0.000123496
0.00022808
7.00744e-05
0.000226152
1.39079e-05
0.000270263
0.000250626
0.000904255
5.47769e-05
0.000274928
0.000376313
4.20899e-05
5.77028e-05
0.000836463
0.000173839
0.000679774
0.000176652
4.38699e-05
0.000113507
0.000107385
0.00019852
0.000379401
0.000648452
0.000524869
0.000388725
0.000174178
4.3499e-05
0.000586273
0.000398861
0.000639354
4.53008e-05
0.000574325
0.000725333
0.000484733
0.000324484
8.68465e-05
0.000496782
0.000550275
0.000308079
