n=32
J=0.707107
eta=1.24051
mu=0.0632911
beta-optimal=0
max-overlap=0
1.26586e-12
2.25967e-12
1.34524e-11
9.42975e-12
2.53128e-12
4.19044e-12
2.69719e-12
4.45683e-12
6.33537e-12
9.37218e-12
2.95055e-12
1.19802e-12
4.60553e-12
2.10161e-12
3.67732e-12
1.08349e-12
5.77035e-12
1.03451e-12
2.11087e-12
1.13207e-12
1.638e-12
8.89688e-13
7.88025e-13
4.20983e-12
5.77539e-13
1.71716e-12
2.56245e-12
1.8718e-12
5.56221e-12
9.01734e-13
2.82564e-12
1.09883e-12
2.14461e-12
1.00416e-12
1.04831e-12
9.26726e-13
2.17325e-12
3.36802e-13
7.72537e-13
2.09939e-12
1.10397e-12
1.17491e-12
5.78146e-14
1.76155e-12
9.51982e-13
1.97143e-12
4.31384e-12
7.87296e-13
2.01122e-12
8.98959e-13
1.08651e-12
1.11527e-12
7.02788e-13
2.50681e-12
2.12171e-12
3.06751e-13
9.08994e-13
1.51749e-12
1.07449e-12
5.09712e-13
3.13851e-12
1.61444e-12
6.72819e-13
7.53583e-13
6.17756e-13
6.1256e-13
3.91825e-13
6.51023e-13
1.02214e-12
3.22138e-13
1.75739e-12
4.03317e-13
6.96226e-13
1.69125e-12
1.35246e-12
1.38757e-12
1.66839e-12
2.33608e-13
3.99803e-12
9.72079e-13
2.17828e-12
5.7127e-13
7.88346e-13
9.57118e-13
4.73197e-13
1.28811e-12
5.99156e-13
8.95267e-13
1.62712e-12
7.33013e-13
3.60192e-13
2.38365e-12
3.94135e-13
1.50886e-12
4.90909e-13
1.50212e-13
4.25311e-13
1.84907e-12
3.46641e-13
7.75087e-13
2.54863e-12
4.99144e-13
1.79241e-13
8.71331e-13
1.89417e-13
2.65695e-13
1.43137e-12
4.68313e-13
1.30623e-12
4.32762e-13
8.04066e-13
1.51486e-12
1.31945e-12
1.3767e-13
9.80919e-13
4.25273e-13
3.81775e-13
1.65999e-13
3.72578e-13
6.43052e-13
6.87392e-13
4.8881e-13
3.44724e-13
6.42843e-13
3.02035e-13
3.7489e-13
1.26685e-12
3.31753e-13
1.60545e-13
6.20397e-13
7.53363e-13
8.7278e-13
2.16087e-13
3.59209e-13
2.28651e-13
6.23513e-13
3.2375e-13
3.60282e-13
2.18492e-13
3.89469e-13
1.50103e-12
6.884e-13
4.8466e-13
4.18122e-13
8.24047e-13
7.53594e-13
3.18839e-13
2.77175e-13
1.75173e-13
4.94317e-13
7.60701e-13
6.01343e-13
7.27376e-13
4.18696e-13
9.82667e-13
6.83328e-13
5.60452e-13
7.70834e-13
2.09521e-13
7.5322e-13
6.65988e-13
3.78088e-13
5.26685e-13
8.29319e-13
2.02742e-13
7.65727e-14
8.40726e-13
3.72715e-13
6.33292e-13
9.98727e-13
4.49217e-13
3.24371e-13
2.57391e-13
3.89247e-13
1.41784e-13
5.61462e-13
3.39036e-13
6.94536e-13
2.00594e-13
9.66713e-13
1.44785e-13
2.28424e-13
1.75826e-12
5.25381e-13
7.62881e-13
3.12526e-13
1.53615e-12
4.17957e-13
1.02238e-12
1.81209e-13
2.80898e-13
8.13574e-13
2.34802e-13
6.99895e-13
9.12443e-13
1.18638e-12
9.9978e-13
3.19495e-13
3.21851e-13
1.2334e-13
6.10884e-13
2.57385e-13
1.25824e-13
7.16121e-13
4.83177e-13
6.94861e-13
3.35276e-13
1.48171e-13
2.03305e-13
2.92527e-13
1.06365e-12
1.46203e-13
4.13378e-13
2.91089e-13
8.53642e-13
8.97214e-14
9.5364e-14
1.04561e-12
7.1208e-13
7.43143e-14
9.63048e-13
5.00963e-13
1.07172e-12
6.7184e-14
6.40692e-13
2.7432e-13
3.53311e-13
5.84888e-13
1.65261e-13
3.64285e-13
1.02802e-13
8.89009e-14
2.76546e-13
3.31341e-13
7.57206e-14
8.706e-13
2.63869e-13
7.7563e-13
5.84774e-13
1.40871e-13
4.92586e-13
1.02883e-13
2.25738e-13
3.60882e-13
3.19686e-13
2.78055e-13
1.63497e-13
8.37109e-14
1.59901e-13
1.41361e-12
2.64592e-13
2.3837e-13
3.91153e-13
6.71141e-13
8.43923e-13
7.15239e-13
