n=32
J=0.707107
eta=1.01266
mu=0.0556962
beta-optimal=0
max-overlap=0
2.21892e-09
1.03781e-09
1.19625e-09
9.56821e-10
1.08229e-09
8.78333e-10
5.43518e-10
5.91124e-10
5.796e-10
3.65322e-10
3.87923e-10
3.92768e-10
3.59179e-10
3.47539e-10
2.718e-10
3.03749e-10
2.7183e-10
2.90361e-10
3.24308e-10
2.28214e-10
1.94166e-10
1.81465e-10
2.14165e-10
1.95981e-10
2.08896e-10
2.39688e-10
1.69668e-10
2.0572e-10
1.47471e-10
1.5363e-10
1.5571e-10
1.32113e-10
1.38056e-10
1.42275e-10
1.14797e-10
1.166e-10
1.16295e-10
9.19057e-11
1.10588e-10
1.07561e-10
1.08452e-10
1.11404e-10
1.18227e-10
1.08025e-10
6.18519e-11
7.89878e-11
9.65409e-11
1.01588e-10
9.77497e-11
9.73193e-11
5.69888e-11
8.7574e-11
7.06171e-11
4.99275e-11
9.67239e-11
5.74673e-11
6.33887e-11
6.78445e-11
6.52057e-11
6.19639e-11
6.13321e-11
6.67663e-11
5.13167e-11
6.93659e-11
5.98869e-11
6.05678e-11
7.12166e-11
6.26203e-11
6.15562e-11
8.62047e-11
4.04076e-11
5.10378e-11
5.37764e-11
3.01683e-11
3.81128e-11
3.91152e-11
4.90654e-11
4.40787e-11
3.67221e-11
4.58605e-11
4.84929e-11
3.088e-11
3.85787e-11
4.4497e-11
4.57217e-11
3.3164e-11
3.42326e-11
3.23935e-11
4.35695e-11
3.12283e-11
3.95597e-11
2.71909e-11
2.34435e-11
3.93847e-11
2.51491e-11
2.62819e-11
4.93994e-11
3.39878e-11
4.45114e-11
2.95198e-11
2.50755e-11
3.2063e-11
4.18015e-11
2.75241e-11
3.56706e-11
4.20695e-11
4.13944e-11
2.08755e-11
3.4423e-11
2.88356e-11
3.51347e-11
3.41804e-11
2.86271e-11
2.85156e-11
1.94077e-11
3.44859e-11
2.66793e-11
2.22276e-11
3.06082e-11
2.27053e-11
2.56721e-11
2.62448e-11
2.00818e-11
2.66097e-11
1.82385e-11
2.45908e-11
1.94341e-11
1.26566e-11
2.33143e-11
1.87095e-11
2.00341e-11
1.92203e-11
1.88288e-11
2.58972e-11
2.25086e-11
1.98358e-11
1.69759e-11
1.65588e-11
1.542e-11
1.4552e-11
1.4978e-11
1.485e-11
1.55128e-11
2.23483e-11
1.70552e-11
1.74238e-11
1.61207e-11
1.81839e-11
1.99938e-11
1.44317e-11
1.30523e-11
1.95673e-11
1.45356e-11
7.01838e-12
2.01194e-11
1.39836e-11
1.17338e-11
1.4657e-11
2.84536e-11
1.32844e-11
1.4865e-11
1.09513e-11
2.20233e-11
1.5348e-11
1.38362e-11
1.47487e-11
1.65412e-11
1.18521e-11
1.68143e-11
1.53007e-11
1.48121e-11
1.01225e-11
8.55005e-12
1.36252e-11
9.45398e-12
1.22782e-11
1.49622e-11
1.15233e-11
1.13358e-11
1.39052e-11
1.60948e-11
1.2526e-11
1.34866e-11
1.2252e-11
7.23362e-12
1.30005e-11
7.62675e-12
1.15453e-11
1.29769e-11
1.29629e-11
1.04966e-11
9.71541e-12
1.30001e-11
7.67646e-12
1.28541e-11
7.02685e-12
8.0467e-12
5.77512e-12
8.8885e-12
7.17366e-12
8.08185e-12
7.47735e-12
6.96606e-12
1.3622e-11
1.05518e-11
1.15696e-11
9.96207e-12
1.11687e-11
1.13557e-11
9.89873e-12
1.08998e-11
6.13083e-12
7.18873e-12
5.42906e-12
1.01064e-11
7.14023e-12
7.42447e-12
9.53551e-12
6.85645e-12
5.82301e-12
6.91664e-12
6.38681e-12
7.55742e-12
6.53573e-12
8.66275e-12
8.27367e-12
6.5744e-12
6.68616e-12
6.28173e-12
7.12011e-12
6.85647e-12
7.11772e-12
8.18333e-12
6.82783e-12
1.03885e-11
6.02692e-12
4.12119e-12
9.56719e-12
4.88159e-12
4.65618e-12
6.02435e-12
7.69615e-12
9.73387e-12
7.28955e-12
4.97351e-12
7.84146e-12
7.11415e-12
7.12105e-12
6.01965e-12
5.20388e-12
5.01415e-12
4.63292e-12
4.26138e-12
5.15768e-12
4.89238e-12
5.54985e-12
