n=32
J=0.707107
eta=1.11392
mu=0.0531646
beta-optimal=0
max-overlap=0
0.00145429
0.00217561
0.00239564
0.00322131
0.000690534
0.00245374
0.00497994
0.00329184
0.000188928
0.00113055
0.000266223
0.00102739
0.000107486
0.00201843
0.000428724
0.00227021
0.000339101
0.000537889
0.000459477
0.00303453
0.00105773
0.00125806
0.00043381
0.000151538
0.000207686
0.000470186
0.000928041
0.00185843
0.00138572
0.000407067
1.93534e-05
0.000419417
0.000211532
0.0019215
0.00025909
0.000908086
0.000726921
0.0013714
0.000533929
0.000131656
0.000302949
5.63005e-05
0.000299572
0.00107571
0.00176503
0.000557905
0.00140353
0.000724718
0.000333796
0.000808169
0.0012851
0.00126303
0.000549302
0.0011744
0.000252475
0.00018268
0.000543876
0.000851067
0.000938049
0.000356657
0.000460638
0.0012686
0.00061478
0.000279041
0.000938895
6.33383e-05
0.000235127
0.000229595
0.000470797
7.87938e-05
0.00118252
8.85923e-05
1.64856e-05
0.00040036
0.000534891
0.000115506
0.000150859
0.000436551
0.000303051
0.000153755
0.000360815
0.000727208
0.000402626
0.000148165
2.95871e-05
0.000462774
0.000951518
0.000614519
3.08052e-05
0.000186905
0.000229067
8.78344e-05
0.000274346
0.000737427
0.000538398
3.6813e-05
0.000345936
0.000596441
0.000406936
0.000314162
9.85061e-05
0.000180575
0.000312391
0.000160628
0.000234684
6.28842e-05
1.02038e-05
0.000261715
0.000109773
4.44191e-05
8.08952e-05
0.000258394
0.000481276
0.000689281
0.000740805
0.000526488
1.1044e-05
0.000155451
6.86758e-05
0.000121032
1.65694e-06
0.00060211
0.000866399
7.5731e-05
0.000280069
0.000207648
0.000372073
0.000377116
0.000416954
0.000259263
0.000673058
8.75435e-05
5.21704e-05
0.000274381
0.00011559
0.00010515
0.000202277
9.37294e-05
0.000587093
7.81077e-05
3.76607e-05
1.34413e-06
4.97723e-06
0.0004978
0.000219146
0.000146965
0.000114108
0.000218313
0.000151152
2.75696e-05
0.000116849
0.000240442
0.00022746
0.000238419
0.00024787
0.000306819
0.000162373
1.33202e-05
0.000180088
4.73421e-05
1.85092e-05
0.000390452
0.000125543
0.00060559
0.000180102
0.000457978
0.000194038
0.000196187
3.82286e-05
7.71367e-05
2.40918e-05
0.000259113
8.4267e-05
9.81115e-06
9.18591e-06
8.44606e-05
2.82741e-05
0.000102534
0.000257453
7.96319e-05
6.32862e-05
0.000384292
0.000271706
3.3553e-05
0.000204503
0.000138389
0.000199076
0.000319816
1.05623e-05
9.66333e-06
0.000150645
3.41276e-05
0.000124359
0.000267782
0.000201728
6.59858e-07
0.000144669
7.12314e-05
0.000271393
2.57504e-05
0.000297905
0.000117499
9.61873e-05
0.000360872
8.50866e-05
0.000162999
3.4179e-06
0.000310055
0.000282373
0.000247809
1.43314e-05
8.94234e-05
0.000133332
0.000239851
0.000110599
0.00019593
9.22321e-05
0.000170229
2.42362e-06
0.000304963
4.76888e-05
0.000136839
2.26474e-05
0.000165573
4.0235e-05
0.000120914
8.0702e-05
0.0001281
0.000364141
0.000334515
7.21317e-05
0.000103697
0.000124409
3.67304e-05
4.7667e-05
3.62056e-05
8.26589e-05
0.000208255
0.000309831
6.20214e-05
0.000381791
0.000463102
4.46048e-05
0.00011091
0.000132599
0.000145942
0.000209257
0.000223951
9.74416e-05
5.98409e-05
0.000187754
0.0001745
0.000255372
0.000130546
0.000496885
0.000214577
