n=32
J=0.707107
eta=1.06329
mu=0.0151899
beta-optimal=0
max-overlap=0
8.57257e-12
6.53011e-12
8.9988e-12
7.58774e-12
5.36137e-12
7.56684e-13
8.95826e-12
2.71114e-12
5.32977e-13
2.79896e-12
2.59629e-12
5.87289e-13
1.5445e-12
2.97089e-12
7.81344e-12
2.60417e-12
6.65119e-12
1.32705e-12
1.28078e-12
8.31104e-13
1.23171e-12
5.95895e-12
4.12507e-13
1.50695e-12
6.80596e-13
8.60153e-13
3.78328e-13
1.16872e-12
6.2972e-13
4.793e-13
1.52225e-12
8.19116e-13
1.91119e-12
8.20849e-13
4.17091e-13
8.39234e-13
9.13568e-13
2.17546e-13
2.36272e-12
9.73103e-13
5.41234e-13
8.97583e-13
4.58843e-13
1.51832e-12
2.94741e-13
7.11983e-13
3.46009e-13
1.27255e-12
1.08575e-12
8.82453e-13
3.31384e-12
1.28518e-12
5.24363e-13
1.09314e-12
3.99687e-13
6.92747e-13
3.46292e-13
5.90407e-13
2.69923e-13
5.71902e-13
2.09055e-12
5.86264e-13
3.9625e-13
6.24201e-14
7.17753e-13
7.95102e-13
3.54622e-13
7.05368e-13
2.74821e-13
1.85363e-13
2.87184e-13
1.82855e-13
3.95444e-13
3.02566e-13
1.06611e-12
2.57097e-13
7.07101e-13
2.36699e-13
6.87389e-14
3.90556e-13
9.45183e-13
7.02709e-14
5.11051e-13
1.01577e-13
4.38071e-13
1.33121e-13
2.52786e-13
9.61355e-13
1.28826e-13
2.86719e-13
1.47011e-13
3.48819e-13
1.43601e-13
5.33573e-13
3.70076e-13
9.6039e-14
7.16094e-13
7.16491e-13
2.18673e-13
2.79468e-13
6.07798e-13
1.45772e-13
8.0452e-13
6.24829e-13
3.91574e-13
2.02666e-13
6.11436e-13
6.20671e-13
3.4223e-13
1.66955e-13
4.04001e-13
5.69828e-13
1.57897e-13
2.7758e-13
1.29329e-13
1.70988e-13
1.12769e-13
4.19424e-13
3.79438e-13
2.14713e-13
1.33885e-13
2.9185e-13
2.80065e-13
8.16002e-14
6.44835e-13
5.63715e-14
2.32983e-13
1.66922e-13
4.58065e-13
4.33423e-13
2.65489e-13
5.87788e-14
2.28587e-13
2.62286e-13
3.1628e-13
1.89113e-13
5.03585e-13
6.93659e-14
1.38302e-13
1.15244e-13
2.13467e-13
1.47864e-13
1.0972e-13
1.04793e-13
2.72236e-13
6.00285e-13
9.01545e-14
8.474e-13
4.97873e-14
1.56041e-13
6.48376e-14
1.40741e-13
1.9716e-13
6.92394e-14
2.06888e-13
1.20188e-13
7.36414e-14
5.68997e-14
3.83985e-13
8.98057e-13
4.80432e-13
8.70049e-13
5.14941e-13
3.49496e-13
2.2904e-13
1.07041e-13
2.30794e-13
1.75373e-13
2.441e-13
3.22032e-15
3.88901e-13
1.37482e-13
7.14507e-14
9.96799e-14
4.347e-15
1.00953e-13
3.72396e-13
9.82779e-14
2.33346e-13
2.99333e-14
4.67518e-13
3.28949e-13
5.07556e-14
6.94104e-13
1.23632e-13
6.43573e-13
1.87382e-13
1.70844e-13
1.19997e-13
8.96377e-14
2.714e-14
4.02776e-14
2.23996e-13
2.19766e-13
1.60988e-13
1.08904e-13
6.59438e-13
6.88811e-14
1.13094e-13
8.56159e-14
4.74711e-13
1.42133e-13
3.9691e-14
1.08912e-13
2.16703e-13
2.17132e-13
7.12241e-14
4.02038e-13
6.04792e-13
6.9673e-13
9.63159e-13
7.97108e-13
3.26743e-13
5.13482e-14
1.41148e-13
4.34345e-14
2.39282e-13
1.94104e-13
6.1333e-14
2.39503e-13
1.52721e-13
6.08077e-14
1.50822e-13
3.15526e-13
5.75173e-14
5.22838e-14
2.25585e-13
2.69258e-14
7.12796e-14
2.1154e-13
2.24275e-13
6.76844e-14
3.15461e-13
1.71885e-13
6.07882e-13
1.38698e-13
1.18668e-13
2.06771e-13
5.86024e-14
2.50345e-13
9.20461e-14
1.26509e-12
3.51942e-13
2.04796e-13
7.42025e-14
5.91665e-13
7.00635e-14
6.53028e-13
2.37412e-13
6.60437e-14
2.1327e-13
1.693e-13
1.3321e-13
5.682e-14
1.37527e-13
4.99202e-13
