n=32
J=0.707107
eta=1.08861
mu=0.101266
beta-optimal=0
max-overlap=0
1.01149e-11
9.65451e-12
4.42113e-12
3.7034e-12
2.26675e-12
1.97235e-12
1.17959e-11
5.30215e-12
2.65121e-12
1.02206e-11
1.05224e-11
1.28265e-11
8.1551e-12
9.20387e-12
2.54342e-12
9.8325e-13
3.76894e-12
7.31236e-12
3.43458e-12
2.29301e-12
4.50424e-12
6.91568e-12
3.20424e-12
6.08911e-12
4.23705e-12
1.8272e-12
6.36463e-12
2.78073e-12
4.19642e-12
5.73837e-12
7.36592e-13
2.36374e-12
9.19119e-13
5.80309e-12
1.05975e-11
2.21235e-12
4.25857e-12
3.75093e-12
2.12431e-12
4.19158e-12
1.2671e-12
1.65885e-12
2.05372e-12
3.16539e-12
1.34571e-12
8.70804e-12
2.54461e-12
1.48278e-12
2.77971e-12
6.05891e-12
2.33874e-12
6.88417e-13
1.26974e-12
1.29539e-12
2.65264e-12
8.41566e-13
4.30472e-12
3.24782e-12
4.84046e-12
8.33716e-13
3.79032e-12
1.75248e-12
1.49937e-12
5.22136e-13
2.61373e-13
1.5408e-12
4.36455e-13
2.46626e-12
1.43232e-12
2.01248e-12
1.13796e-12
2.57584e-12
1.31957e-12
1.32688e-12
4.03009e-12
1.34931e-12
1.42513e-12
4.06428e-13
1.06399e-12
3.89725e-12
2.00411e-12
2.5401e-12
7.1538e-13
1.06173e-12
3.81455e-12
3.92329e-13
2.51817e-12
4.18755e-13
1.86211e-13
1.01368e-12
1.05642e-12
7.87291e-13
1.69323e-12
1.03399e-12
3.55737e-13
1.42e-12
1.0019e-12
2.20716e-12
5.19101e-13
2.26842e-13
2.38716e-13
7.98974e-13
1.61633e-12
1.82191e-12
3.0905e-12
1.18548e-12
9.66678e-13
2.27202e-12
1.32768e-12
1.71427e-12
2.51213e-12
1.21121e-12
6.52661e-14
2.72737e-12
4.94421e-13
4.48142e-12
4.62979e-13
4.87378e-13
4.76442e-13
1.39579e-12
1.34641e-12
1.27699e-12
3.90707e-13
1.20204e-12
1.35905e-12
1.33352e-12
7.38519e-13
1.25841e-12
5.67905e-13
3.38989e-13
4.33194e-13
1.40893e-12
7.5229e-14
1.64872e-12
3.51994e-12
1.65732e-12
6.5577e-13
7.9296e-13
6.73064e-13
6.37388e-13
4.23362e-13
1.35287e-13
3.78117e-13
1.27254e-13
7.03543e-13
2.432e-12
5.24799e-13
9.73805e-13
1.00396e-12
8.63366e-13
1.37635e-12
1.77167e-13
1.55667e-12
5.595e-13
4.23866e-13
1.47251e-12
8.37401e-13
1.09956e-12
9.37575e-13
6.23206e-13
1.86708e-12
8.80046e-13
7.08667e-13
1.48202e-12
1.06903e-12
4.42119e-13
4.87511e-13
1.67703e-12
1.11635e-12
1.06957e-12
1.2354e-13
6.80386e-13
2.73704e-13
5.87249e-13
5.16457e-13
1.85431e-13
1.77639e-13
4.87566e-13
1.08865e-12
1.04721e-12
1.87943e-12
3.0241e-13
2.64005e-13
7.81338e-13
1.04196e-12
1.13012e-12
1.05854e-13
1.3754e-12
1.96201e-13
1.20913e-12
3.08273e-13
1.09282e-12
4.65127e-13
2.95414e-13
2.24794e-13
1.03864e-12
2.35877e-13
1.68287e-12
5.20343e-13
1.93479e-13
1.38607e-12
9.09025e-13
5.2412e-13
1.55733e-12
3.55667e-13
4.70914e-13
9.53742e-13
3.79556e-13
6.99356e-13
5.54058e-13
4.41242e-13
4.65275e-13
6.54311e-13
5.66394e-14
4.27103e-13
5.20725e-13
1.07551e-12
3.29847e-13
3.81858e-13
1.2584e-12
6.99465e-13
4.65415e-13
6.18351e-13
1.31399e-13
5.14669e-13
5.07975e-14
1.08686e-13
5.48291e-13
3.50985e-13
4.55967e-13
2.95683e-13
1.28545e-12
4.18072e-13
1.31464e-13
1.86533e-13
4.34133e-13
3.2292e-13
1.09187e-12
6.35264e-13
8.98539e-13
4.8814e-13
9.42509e-14
7.65099e-14
1.36058e-13
4.0399e-13
4.00916e-13
4.5565e-13
6.43983e-13
4.59504e-13
1.92805e-13
3.30791e-13
4.23737e-13
1.03444e-12
3.03949e-13
2.21611e-13
3.75467e-13
