n=32
J=0.707107
eta=1.08861
mu=0.0556962
beta-optimal=0
max-overlap=0
0.00521789
0.00354547
0.00268643
0.0011413
0.00232177
0.00275127
0.00417962
0.000647337
0.000605627
0.00150407
0.00263167
0.00245828
0.000925601
0.000391487
0.00299793
0.000208652
0.00151362
0.00167973
0.000461516
0.00252411
0.000651316
0.000421863
0.00141489
0.000555117
0.000989273
0.00038275
0.00202147
0.00070817
0.000560787
0.00210974
0.000494147
0.00211768
0.000928479
0.000620633
0.00115105
0.000553674
0.00116872
0.00154024
0.000273221
0.000362744
0.000761402
0.00073757
0.000283795
0.00147849
0.000922277
0.000820197
0.000286509
0.000918209
0.000410314
0.000488412
0.000713423
0.000103258
0.000350248
0.000148334
0.000177572
0.00017046
0.000664203
0.00116782
0.000793924
0.000149444
0.000926763
0.000449464
4.97078e-05
0.000171171
0.000265519
0.000688873
0.000466991
0.000960937
7.08552e-05
0.000714392
0.000953331
0.000266506
0.000257308
4.54083e-06
0.000170017
0.000388592
0.00041481
0.00146855
0.000213483
6.37024e-05
0.000290302
0.00020771
0.00065188
2.93419e-05
0.000355918
7.59489e-05
0.000305041
0.000326424
3.912e-05
0.000877155
0.000197056
0.000724995
0.000239529
0.000318457
3.48872e-05
0.000544865
0.000404341
0.000344979
0.00051624
0.000679
3.09359e-05
0.000424684
8.02715e-05
0.000406976
3.56985e-05
0.000149287
4.06558e-07
0.000223307
0.000544107
0.000648028
0.000119067
5.33345e-05
0.000125598
1.6714e-05
0.000919566
0.00016578
0.000338796
0.000602261
0.000245904
0.000258476
2.82438e-05
0.00017367
0.000441045
8.95354e-05
0.000682546
0.000380587
0.000227081
0.000313522
0.000165624
0.000323476
0.000507589
0.000406635
7.09584e-05
0.000266494
0.000404454
0.000631495
1.59565e-05
0.000460589
0.000418933
0.000255324
9.82463e-05
0.000487623
0.000218136
0.000228308
5.31312e-05
0.000306709
0.000296244
7.54298e-06
0.000283082
7.15093e-05
6.29029e-05
1.8367e-05
0.000134405
0.000288667
3.00069e-05
6.72953e-05
0.000461175
0.000206442
0.000117586
0.000209666
0.000142881
2.42368e-05
0.000255864
8.02041e-05
7.69305e-05
0.00017876
0.000300338
0.000144205
4.44395e-06
9.89017e-05
8.47893e-05
9.82317e-06
0.000146835
0.000242744
0.000409902
6.91968e-05
0.000120118
0.000115091
8.44415e-05
0.000488917
0.000329856
0.000201631
0.000144915
0.000436645
0.000218676
2.27347e-05
2.04208e-05
0.000140112
0.000129621
8.07618e-05
0.000237935
0.000139125
5.70221e-05
0.000178597
2.08363e-05
6.71011e-05
2.14233e-05
0.000311731
0.000389009
3.84617e-05
8.91506e-06
0.000173398
0.000250803
0.000297378
0.000180381
0.000182448
0.000223537
0.000157663
0.00021067
0.000258196
0.000254836
8.00414e-05
0.000121137
0.000121529
0.000396946
5.48348e-05
0.000183639
0.000210719
0.0002973
0.000536239
6.72657e-05
0.000479694
0.000108066
0.000356143
0.000383979
0.000263431
0.000142281
0.000165752
0.000178073
0.000243418
0.000155794
0.000238047
0.000222981
4.44732e-05
0.000114453
0.000119998
0.000247979
9.63135e-05
8.70003e-05
0.000178811
9.54867e-05
0.000121792
9.37467e-05
0.000515124
8.04893e-05
0.000108863
0.000359695
2.32182e-05
0.000227923
0.000204652
0.000270136
4.37436e-05
5.12919e-06
0.000100087
0.000149866
4.9478e-06
