n=32
J=0.707107
eta=1
mu=0.0658228
beta-optimal=0
max-overlap=0
0.415452
0.354719
0.306842
0.315227
0.218983
0.180004
0.173565
0.164244
0.157819
0.157028
0.128964
0.113772
0.115209
0.116496
0.0961354
0.0840977
0.10187
0.093216
0.0885955
0.0785705
0.0753614
0.0783886
0.0827511
0.0589081
0.0571207
0.0608358
0.0546242
0.0596253
0.0583309
0.0576394
0.0554756
0.0511224
0.0507647
0.0493768
0.0461246
0.0465051
0.0375413
0.0472948
0.0386519
0.0362327
0.0343839
0.0355176
0.0349971
0.0328983
0.0357033
0.0369492
0.0330234
0.0350346
0.0281354
0.0289161
0.0348011
0.025787
0.0271828
0.0257426
0.025912
0.026141
0.0281553
0.0250799
0.025599
0.0225324
0.0229469
0.0234293
0.0211619
0.0218669
0.0239116
0.0205681
0.0230227
0.0204585
0.0172595
0.0201676
0.0204307
0.0197207
0.0185709
0.0184541
0.0175448
0.0177225
0.0173644
0.0168274
0.0159884
0.0158697
0.0153845
0.0148526
0.0151268
0.0155036
0.0146566
0.0154178
0.0153217
0.0147036
0.0136729
0.0150525
0.0124063
0.0136705
0.0139188
0.0128566
0.0127957
0.0126893
0.0113502
0.0120817
0.0122078
0.0118048
0.0130059
0.0111579
0.0105231
0.0113409
0.0113896
0.0116428
0.0109902
0.0100938
0.0102564
0.0111456
0.010297
0.0105922
0.0102151
0.0112773
0.0097548
0.0101768
0.00859297
0.00917024
0.0099443
0.0090205
0.00973297
0.00863855
0.009238
0.0077278
0.00916004
0.00831253
0.00779409
0.00856297
0.00897998
0.00778026
0.00780393
0.00786697
0.00667767
0.00684072
0.00745759
0.0076357
0.00743489
0.00717754
0.00747534
0.00748135
0.00739924
0.00694324
0.00743432
0.00749851
0.00760611
0.00637844
0.00652176
0.00759642
0.0069497
0.00629519
0.00630137
0.00656918
0.00567068
0.00597434
0.00638991
0.00586212
0.00615341
0.00592969
0.00550111
0.00608419
0.0058805
0.00524635
0.00555674
0.00525566
0.00553704
0.00493022
0.00600381
0.00583251
0.00520515
0.00513159
0.0053853
0.00503157
0.0049094
0.0050725
0.00454533
0.00493553
0.00502053
0.00503585
0.00530758
0.00465693
0.00429819
0.00453912
0.00483178
0.0046298
0.00464555
0.00524361
0.00454384
0.00445033
0.00405865
0.00402557
0.00464341
0.00419525
0.00419661
0.00392494
0.0038351
0.00381074
0.0034401
0.00392189
0.00386423
0.00417652
0.00361149
0.00383125
0.00362124
0.00379389
0.00347682
0.00398484
0.00368494
0.00352404
0.00364672
0.00381942
0.00338803
0.00340906
0.00350551
0.00374337
0.00317534
0.00356878
0.00323395
0.00333776
0.0033969
0.00294694
0.0031806
0.0033194
0.00310961
0.00331984
0.00311553
0.00319155
0.00309213
0.00306583
0.00316536
0.00313747
0.0032073
0.00288191
0.00299478
0.00271045
0.00269489
0.00266224
0.00280765
0.00253681
0.00270952
0.00258564
0.00249838
0.00242828
0.00245055
0.00236173
0.00244341
0.00223469
0.00226186
0.00227313
0.00233089
0.00237495
0.00245676
0.00240205
0.00214383
0.00221914
0.00208892
0.00184823
