n=32
J=0.707107
eta=1
mu=0.187342
beta-optimal=0
max-overlap=0
0.194949
0.183191
0.18039
0.17892
0.172209
0.165575
0.150855
0.149636
0.148983
0.143221
0.136421
0.137245
0.137192
0.131099
0.126831
0.127094
0.126915
0.120769
0.117853
0.113338
0.106945
0.108309
0.109834
0.107874
0.106019
0.104562
0.096813
0.10116
0.101393
0.0983506
0.0991256
0.0956273
0.0936709
0.0948956
0.0911803
0.0920455
0.088441
0.0839324
0.0877701
0.0847407
0.0843495
0.0839943
0.0828987
0.0800651
0.0785692
0.079104
0.0742112
0.0759234
0.0741993
0.0716194
0.0727086
0.0709528
0.0708853
0.0738252
0.0680888
0.0689123
0.0694775
0.0657644
0.0673381
0.0675804
0.065087
0.0650388
0.0646339
0.0634459
0.0648245
0.0592723
0.0590183
0.0589371
0.0622106
0.0603866
0.0598496
0.0590375
0.0569302
0.0577556
0.0579851
0.0558351
0.0563172
0.0540225
0.0550472
0.0548174
0.0538162
0.0528156
0.0520105
0.051536
0.0510202
0.0497478
0.0508619
0.0505296
0.049387
0.049656
0.0496741
0.0474862
0.0474962
0.0482329
0.0464492
0.0483406
0.0451535
0.0461708
0.0441137
0.0439714
0.0457662
0.0432569
0.0447286
0.0436156
0.0436593
0.0431407
0.0423689
0.0419292
0.042378
0.0418209
0.0406274
0.0415116
0.0396669
0.0401339
0.0412566
0.0392091
0.0380187
0.0388447
0.0375438
0.038362
0.0378406
0.037691
0.0375405
0.0371057
0.0373362
0.0369264
0.0358575
0.0366491
0.0359074
0.0361355
0.0359787
0.035269
0.0340027
0.0343761
0.0338764
0.0337911
0.0340776
0.0340381
0.0329812
0.0324677
0.0332761
0.0316427
0.0333421
0.0322535
0.0323012
0.0316153
0.0315111
0.0317417
0.0307172
0.0314336
0.0311086
0.0296303
0.0298594
0.0297106
0.0291592
0.0296025
0.0288159
0.029013
0.0291082
0.0289286
0.0288772
0.0286508
0.0280651
0.0281581
0.0274326
0.0275868
0.0271822
0.0274336
0.0268751
0.0266208
0.0260114
0.0272146
0.0259987
0.0256065
0.0259443
0.0255575
0.025099
0.0257614
0.0250363
0.0250102
0.0246458
0.0244674
0.0247809
0.024434
0.0241442
0.0243961
0.0239016
0.0240308
0.0238393
0.0228039
0.0232848
0.0232315
0.0233072
0.0230948
0.0221949
0.0228198
0.0225787
0.0222847
0.0221584
0.0218833
0.0213834
0.0216043
0.0208582
0.0208484
0.0213499
0.0207905
0.0203521
0.0208401
0.0203185
0.0202292
0.0200582
0.0197959
0.020354
0.0202652
0.0192685
0.0196589
0.019565
0.019391
0.0192316
0.0191927
0.0186675
0.0183836
0.0186674
0.0181577
0.0181365
0.0184262
0.0180672
0.0180851
0.017565
0.0176338
0.0173507
0.0175286
0.0174292
0.0171441
0.0166313
0.0172132
0.0170676
0.0164198
0.0164481
0.0161971
0.0162459
0.0158161
0.0160169
0.0157035
0.0155964
0.0152675
0.0145814
0.0147419
0.0153264
0.0147677
0.0146888
0.0143092
0.0143761
0.0142863
0.014098
0.0137971
