n=32
J=0.707107
eta=1.08861
mu=0.0556962
beta-optimal=0
max-overlap=0
0.000863833
0.00327604
0.00484933
2.52398e-05
0.00268316
0.00106702
0.00618939
0.000577265
0.00060174
0.000489503
0.00155478
0.00172694
0.0017131
0.00023495
0.0003269
0.00210158
0.00113577
0.000886638
0.000272282
0.00103973
0.00164765
0.00144637
2.15914e-05
0.00027086
0.000499105
0.000593973
0.000694686
0.00135127
0.000766184
0.00119424
0.000101669
0.00155977
0.00165324
0.000490151
0.000709425
0.000966264
0.00223878
0.000240427
0.00194396
0.000273448
0.00075335
0.00055346
0.000363264
4.481e-05
0.000115892
0.00186301
0.000169985
0.000261604
2.31028e-05
0.000355175
0.000968898
3.21023e-05
0.000140694
0.00130176
0.000515115
0.000348459
0.000326506
0.00114929
0.000753498
0.000620233
0.000167456
0.000574291
0.00134618
0.000370921
0.000115896
4.22332e-05
8.08664e-05
0.000101365
0.000144123
0.000229806
0.000174013
0.000723789
0.000476692
0.000684025
0.000573181
0.000507769
0.000286753
0.00102537
0.000879546
0.000674247
0.000528899
0.000377939
0.000572847
0.000581894
9.59552e-06
0.000505641
0.000941438
0.000501583
6.11523e-05
0.000399948
0.000747661
0.000155566
0.000142885
0.000188962
0.000421771
0.000765679
6.493e-05
0.000543986
5.09167e-05
0.000409889
0.000642287
0.000200345
0.000131496
2.89601e-05
0.000309362
0.000562309
0.000243403
5.9905e-05
9.2924e-06
0.000208025
1.78084e-05
0.000420769
0.000101584
0.000583523
0.000265089
5.63295e-06
0.000119343
0.000508164
0.000219792
0.000222794
0.000153984
0.000636277
0.000163001
0.000134123
0.000663878
0.000128936
0.000513372
0.000238717
0.000501192
0.000225658
2.58803e-05
2.66928e-05
7.65339e-05
3.46535e-06
2.32535e-05
0.000233923
6.99473e-05
0.000164692
0.000363827
0.000560298
0.000397894
0.000176947
0.000401662
0.000489266
0.000484572
3.64013e-05
0.000252699
0.000140784
5.61538e-06
0.00029262
2.67959e-05
0.000411727
6.90023e-05
0.000144786
0.000137185
9.55305e-05
4.37477e-05
0.000305139
4.73273e-05
0.000507353
0.000480839
0.000111342
0.000154117
3.04795e-06
0.000201598
0.000159745
0.000128102
6.36733e-05
0.000192965
0.000142815
0.000380708
0.000344145
0.000247773
7.29575e-05
3.37827e-05
6.63536e-05
7.32651e-05
0.000129782
0.000352373
8.49247e-05
0.000149825
6.67863e-06
0.000236524
0.000935069
0.000252238
0.000165081
0.000135519
0.000216224
0.000214751
0.000255195
0.000329845
6.59079e-05
0.000115234
0.00019735
0.000129802
0.000337274
0.000158311
0.000154667
0.000118082
0.000117735
5.52564e-05
0.000201083
0.000201494
0.000150928
0.000223148
0.000299957
0.000260585
0.000386086
8.34666e-05
0.000176676
0.000229924
0.000142589
7.74086e-05
3.06451e-05
0.000164938
6.00532e-05
0.00037357
0.000252667
0.00010066
2.2466e-05
3.50833e-06
0.000199925
3.9891e-05
0.000422302
0.000317896
0.000195472
0.000196667
0.000305073
0.000100211
9.3194e-05
0.000202873
0.000239983
0.000197362
0.000147105
0.000304562
2.41431e-05
0.000423338
0.000150098
0.000191471
0.000125018
3.18775e-06
6.1321e-05
3.62627e-05
1.14768e-05
0.000204373
0.000433611
0.000198401
0.000195227
0.000360041
0.000135288
0.000266213
2.16202e-05
0.000116431
0.000200757
0.000115881
0.000118429
