n=32
J=0.707107
eta=1.06329
mu=0.0506329
beta-optimal=0
max-overlap=0
0.0017327
0.0122077
0.00709115
0.00738272
0.00632627
0.00602477
0.00235617
0.00149508
0.00126003
9.89128e-05
0.000898836
0.00338656
0.00192304
0.00416604
5.47658e-05
0.000609331
0.0039213
0.00152738
0.00190631
0.000156401
0.00164245
0.00244291
0.00126714
0.000388004
0.000899914
0.000376878
5.99847e-05
0.00062091
0.000378263
0.000965127
0.00163584
0.00053491
0.000704229
0.000631436
0.000718489
0.0004356
7.63908e-05
0.000423816
0.000529241
0.00158416
0.000499229
3.56592e-06
0.00130358
0.00032424
0.000189225
0.000172514
0.00152386
0.000822
6.20487e-05
0.000977014
0.0017802
0.000860228
0.000515779
0.00135589
0.000215362
0.000531347
0.000424978
0.000487816
0.00100101
0.00122654
0.000929301
0.000180389
0.000174113
4.54288e-05
0.000198617
0.000752858
0.00110186
0.000252011
0.00103518
7.82368e-05
0.00090285
0.000713729
0.000387425
0.000189643
0.000449514
0.00121812
0.000222056
0.000121946
0.000182649
2.38924e-05
0.000740726
0.000207288
0.000230844
0.000439228
0.000237639
0.000437534
0.00015139
0.000157804
2.46068e-05
0.000212164
0.000148375
0.000469117
0.00044881
0.000296025
0.000192024
1.88411e-05
0.00041171
0.000229871
0.000323597
4.32636e-05
0.000706786
0.000411903
0.00022028
0.000646163
0.000413411
0.000367677
0.000362782
3.93642e-05
0.000691524
0.000167098
0.000378408
0.000119983
8.9333e-06
0.000343697
0.000140469
0.000397833
0.000310558
3.16102e-05
1.07871e-05
0.000470641
0.000404493
0.000114299
0.000196765
0.000312208
0.00025721
0.000347569
6.70648e-05
0.000526619
7.92797e-05
0.000130532
5.93502e-05
0.000461064
0.000214384
9.63067e-05
0.000390293
1.47437e-07
0.000589071
0.00017263
0.000286117
6.53958e-05
0.00020827
0.000108958
0.000204805
0.00042512
0.000812527
9.5881e-05
0.000496455
4.45982e-06
6.76296e-05
7.59636e-05
0.000343783
6.74578e-05
0.000316242
3.40701e-06
0.000127267
6.09329e-05
0.00015109
3.94197e-05
0.000243705
0.000532693
0.000253653
0.000253681
0.000176228
6.76805e-05
3.7237e-05
0.000318985
0.000203773
0.000370392
7.59616e-05
9.14839e-05
0.000282072
2.23629e-05
0.000242424
0.000103942
2.13106e-05
0.000203108
0.000225658
0.000118887
0.000257653
0.000412005
0.000170202
3.98869e-05
6.53832e-05
0.000171814
0.000301933
0.000231125
0.00011186
0.000212615
0.000353
0.000338862
0.000217603
9.63537e-05
6.87333e-05
9.14762e-05
0.000192592
0.000128717
3.48545e-05
4.97808e-05
0.0001073
0.000205513
0.000253374
1.86279e-05
8.59513e-06
0.000201398
7.45293e-05
8.66362e-05
0.000164219
8.23594e-05
3.4852e-05
0.000155478
2.0348e-05
8.9177e-05
0.000182938
0.0001505
0.000215794
0.000129094
0.000135477
0.000382242
0.000310174
9.81514e-06
0.000113654
0.000485276
7.27831e-05
0.000257909
4.53722e-05
2.93749e-05
0.000275766
8.21649e-06
0.0001372
0.00048203
2.03712e-05
0.000108013
7.50054e-05
0.000177825
0.000136761
8.31257e-05
0.000152738
4.00609e-05
3.17832e-05
7.27505e-05
0.000163546
0.000257523
0.000200191
0.000176461
3.32821e-05
0.000149108
4.57229e-05
0.000154125
0.000109958
0.000179638
3.88358e-05
0.000273909
0.000170232
0.000154433
0.000273494
5.46839e-05
