n=32
J=0.707107
eta=1.06329
mu=0.0379747
beta-optimal=0
max-overlap=0
1.73679e-11
3.60148e-11
2.14857e-11
1.53321e-11
2.51393e-11
2.92785e-11
2.03177e-11
8.18521e-12
1.26123e-11
7.04904e-12
9.43875e-12
9.92916e-12
1.69015e-12
2.9412e-12
1.42488e-11
1.51134e-11
1.13353e-12
1.92068e-12
4.36934e-12
2.60001e-12
4.81341e-12
1.77258e-11
4.29763e-12
4.52988e-12
8.98771e-12
1.19145e-12
4.14564e-12
4.17987e-12
7.31299e-12
6.39317e-12
4.99672e-12
3.38589e-12
7.60966e-13
4.34994e-12
2.09113e-12
3.16638e-12
3.05368e-12
2.3565e-12
8.5849e-13
3.11937e-12
5.72582e-12
9.19816e-13
1.85522e-12
2.11401e-12
1.53615e-12
2.94874e-12
1.84611e-12
2.115e-12
6.19913e-13
5.95442e-12
1.79304e-12
2.97107e-12
2.06199e-12
3.77306e-12
3.46713e-12
3.7715e-12
1.84235e-12
4.34285e-12
1.11024e-12
1.85762e-12
7.14716e-13
1.54144e-12
8.43916e-13
3.80596e-12
1.50509e-12
3.8845e-12
3.18576e-12
1.09582e-12
3.87192e-12
1.44823e-12
4.88377e-12
2.02647e-13
2.70795e-13
1.29424e-12
9.49938e-13
2.39602e-12
9.83264e-13
2.32014e-13
1.85277e-12
1.65814e-12
3.78273e-12
6.93793e-13
9.67279e-13
7.99177e-13
2.19048e-12
2.21662e-12
2.99903e-12
2.13689e-13
2.38576e-12
4.33532e-12
6.93412e-13
3.80388e-13
6.06455e-13
3.5673e-13
8.51376e-13
6.95359e-13
2.91475e-13
1.03237e-12
3.22578e-12
1.80913e-12
7.37875e-13
1.78247e-12
1.05467e-12
1.38498e-12
7.9085e-13
4.38608e-13
1.89611e-12
4.57304e-13
6.5416e-13
2.15649e-12
1.19201e-12
2.6534e-12
1.04601e-12
1.22251e-12
2.96619e-12
5.67554e-13
5.12418e-13
8.01874e-13
1.84126e-12
3.79073e-13
2.27012e-12
3.46448e-13
8.02722e-13
1.04299e-12
9.0842e-13
1.48622e-12
1.02412e-12
2.88051e-13
5.09867e-13
1.77316e-13
1.1771e-12
1.46361e-14
5.15821e-13
6.28412e-13
1.82888e-12
4.03704e-13
3.50222e-13
7.44474e-13
4.60398e-12
4.48626e-13
6.18334e-13
6.34511e-13
1.55961e-12
9.00631e-13
6.08915e-13
2.30672e-12
1.24759e-12
7.32387e-13
5.50204e-13
2.27852e-12
2.35238e-13
3.8097e-13
5.39145e-13
2.1961e-12
3.37869e-13
9.73169e-13
1.66452e-12
1.01689e-12
8.71359e-13
1.76173e-12
2.56447e-13
1.74527e-12
6.50591e-13
1.14925e-12
3.19734e-13
7.88648e-13
9.18456e-13
9.85298e-13
2.39681e-12
8.97407e-13
1.20438e-12
1.33722e-12
9.0696e-13
4.12277e-13
1.92125e-12
6.91757e-13
6.80367e-13
1.1409e-12
2.02606e-12
5.14584e-13
1.61053e-13
6.02761e-13
1.71985e-12
1.11515e-12
1.02265e-12
5.64796e-13
1.69752e-12
6.5428e-13
1.21124e-12
6.69761e-13
4.28148e-13
1.11892e-13
1.63068e-12
4.59154e-13
8.58161e-13
8.03841e-13
8.96225e-13
1.8556e-13
1.18428e-12
1.12521e-12
3.89051e-13
8.90055e-13
7.36449e-14
2.8626e-13
7.22452e-13
4.55394e-13
2.97453e-13
1.16458e-12
2.5201e-13
1.2364e-12
1.21311e-12
7.7687e-13
9.99176e-13
3.34916e-13
7.58459e-13
1.51997e-12
1.61619e-12
8.08731e-13
1.2972e-13
1.50297e-12
3.72347e-13
2.40325e-13
3.44745e-13
1.06864e-12
7.73505e-13
5.91842e-13
6.36052e-14
4.60864e-13
1.78326e-13
1.30572e-12
1.37335e-12
4.6079e-13
3.9361e-13
1.0151e-12
1.03481e-12
6.45081e-13
2.23563e-12
3.07285e-13
9.98739e-13
5.15963e-13
9.45684e-13
8.70424e-13
3.70627e-13
1.63418e-12
1.36975e-13
7.70727e-13
2.32927e-13
8.43969e-13
4.5842e-13
1.82124e-13
4.01511e-13
2.21855e-13
2.21609e-13
1.88007e-13
1.43907e-13
1.88042e-13
