n=32
J=0.707107
eta=1.13924
mu=0.0962025
beta-optimal=0
max-overlap=0
0.00707001
0.00100872
0.00496518
0.0022096
0.000331047
0.000844633
0.00609626
0.00302058
0.0042863
0.00141277
0.00298592
0.00310954
0.00127784
0.000983172
0.00138221
0.000418323
0.00298722
0.00158018
0.00327185
0.00163893
0.00323356
0.000903506
0.0025778
0.00124642
0.000421464
0.000954228
0.00146925
0.000770133
0.000825308
0.00037101
0.00152075
8.09998e-05
0.00140456
0.000757839
2.66353e-05
0.000469434
0.000597364
0.000136423
0.00110854
0.000665456
0.000366324
0.000127934
0.00033874
0.000775019
0.00102073
0.000195411
0.00151647
0.00110265
0.00102922
0.000228851
3.12064e-05
0.000683891
0.00187433
0.000191757
0.00139017
0.00054426
0.000245536
0.000927485
0.000640617
0.000328854
0.00134134
0.000555491
0.000951756
7.86354e-05
0.000564135
0.000231575
0.000206973
0.000995046
0.00163692
0.000456137
0.000410105
0.000533017
0.00046023
0.0010857
0.000942848
0.000575281
0.000336751
0.00010762
0.00210084
0.000394602
0.000572087
9.56262e-05
0.000477662
0.000462786
0.000490267
0.000882657
0.000570778
0.00159175
0.000683518
0.000654611
0.000432832
0.000455086
0.000373247
4.66368e-05
0.000280337
0.000178474
0.000422559
0.000257079
0.000437098
2.39979e-05
0.000603135
8.86731e-05
0.000898743
0.000202897
0.000285488
0.000403664
0.000774281
0.000283665
0.000489084
0.000299619
3.70494e-05
7.28006e-05
0.000200237
0.000907243
0.000279167
0.00104757
0.000345386
0.000615774
0.000347067
0.00124804
0.00059514
0.000485901
0.000658294
9.91336e-05
5.33349e-05
0.000432872
0.000319418
8.43459e-05
9.13184e-05
0.000148521
0.000418325
0.000641101
0.000439197
0.000281285
0.000453892
0.000282273
0.00037109
0.000481187
0.000268414
0.000130318
0.000224336
0.000947854
0.00015419
0.000542198
8.82809e-05
0.000306518
0.000167529
0.000281728
0.00031796
0.000206064
0.000311531
0.000397784
0.000284091
0.000394608
0.000476421
0.000325932
0.000288472
7.7306e-05
0.000196025
0.000133245
8.69345e-05
0.000675269
2.02572e-05
0.000358621
0.000184062
1.61722e-05
3.50788e-05
0.000431487
0.000251317
0.000117486
0.000177746
0.000276915
0.00025587
0.000197632
0.000484202
0.000498579
0.000265231
3.02303e-07
0.000312096
0.000317118
0.000398497
0.000188188
0.000399476
0.000117737
0.000239263
0.000164286
0.000187138
0.000289991
0.000491419
3.48739e-05
0.000100128
5.45847e-05
0.000548104
0.000188428
0.000462518
0.000176957
2.38031e-05
0.000310447
0.000157807
0.00013455
0.000118674
1.88429e-05
0.000143049
7.73816e-06
0.000252215
6.15585e-05
0.00047119
1.99745e-05
0.000325798
2.80608e-05
0.000366053
0.000501676
2.20555e-05
0.000261787
0.000119293
1.61635e-05
0.00026495
0.000581963
0.000149648
0.000190794
0.00023556
0.000116881
0.000336975
6.79997e-05
7.73695e-05
4.73693e-05
0.000282106
0.000155685
0.000250561
0.000126847
0.000517047
6.18028e-05
2.44853e-05
9.00572e-05
3.52029e-05
4.19467e-05
0.000183627
0.00024562
0.000199911
0.000327827
8.84755e-05
0.000219393
0.000338503
0.000347561
0.000543227
0.000507842
0.000733062
0.00015993
0.000578776
0.000206457
0.000368466
0.0001049
0.000193761
0.000293975
3.06323e-05
3.79452e-05
