n=32
J=0.707107
eta=1.03797
mu=0.0303797
beta-optimal=0
max-overlap=0
3.33271e-12
2.4175e-12
1.94897e-11
1.44814e-11
2.41153e-11
7.49509e-12
4.98292e-12
1.49971e-11
2.51146e-11
6.17294e-12
8.28967e-12
1.79619e-12
1.5151e-11
8.22452e-12
1.44251e-11
2.82817e-12
3.10796e-12
9.2478e-12
2.48312e-12
9.48513e-12
1.49242e-11
2.83239e-12
2.06222e-12
5.44911e-12
3.75017e-12
5.96035e-12
3.78629e-12
2.39178e-12
5.41472e-12
3.77267e-12
4.84718e-12
4.43502e-12
4.58681e-12
2.39775e-12
2.61559e-12
9.38545e-12
4.84208e-12
1.08029e-12
1.9147e-12
4.09141e-12
1.67282e-12
5.6655e-12
3.6177e-12
2.11074e-12
2.41502e-12
1.30238e-12
5.16497e-12
2.67561e-12
3.02723e-12
5.3631e-12
5.60393e-12
3.72513e-12
5.18601e-12
1.36979e-12
1.53111e-12
1.77888e-12
3.05506e-12
1.4055e-12
5.72079e-13
2.24436e-12
3.55209e-12
2.11841e-12
1.90789e-12
2.14035e-12
1.07251e-12
2.98569e-12
1.42774e-12
3.92434e-13
2.39238e-13
2.13984e-12
5.16889e-13
1.63018e-12
8.54667e-13
1.82662e-12
8.53962e-13
1.50552e-12
1.21383e-12
6.89025e-13
2.34501e-12
5.73583e-13
1.19489e-12
7.63987e-12
2.83132e-12
4.81771e-12
8.42537e-13
8.57091e-13
1.3484e-12
6.41659e-13
4.05735e-12
6.25879e-13
8.74886e-13
7.58561e-13
4.85375e-13
1.65896e-12
9.55352e-13
1.12254e-12
1.4881e-12
1.26511e-12
1.51487e-12
2.15319e-12
3.41296e-13
9.89073e-13
1.59255e-12
5.54976e-13
9.08089e-13
1.72094e-12
9.25456e-13
2.22085e-12
1.19142e-12
1.47187e-12
4.29433e-12
8.8135e-13
2.49996e-13
2.01883e-12
9.52526e-13
4.4433e-13
1.79817e-12
7.99247e-13
4.63259e-13
1.62979e-12
8.31436e-13
9.01803e-13
1.12815e-12
6.49349e-13
1.46999e-12
1.9331e-12
5.43922e-13
1.06692e-12
3.59539e-13
8.45001e-13
2.80939e-12
4.58393e-13
4.61664e-13
3.16625e-13
1.71745e-12
3.71161e-13
1.01165e-12
1.1731e-12
2.32586e-12
4.09467e-13
2.60041e-12
1.0448e-12
1.22643e-12
5.04473e-13
7.46105e-13
8.39e-13
6.24338e-13
1.36015e-12
2.68115e-13
8.86514e-13
5.40936e-13
5.51593e-13
2.26525e-13
1.73e-12
1.05657e-12
2.87334e-12
6.16344e-13
8.53827e-13
1.62802e-12
1.2418e-12
3.00678e-13
1.39703e-12
5.57855e-13
1.37414e-12
3.35778e-13
2.73291e-13
8.07647e-13
5.29228e-14
9.37426e-13
5.51858e-13
7.08187e-13
2.00961e-12
5.77409e-13
2.20925e-12
8.81406e-13
1.10127e-12
9.20019e-13
2.03975e-13
1.52067e-12
1.39783e-12
1.17611e-12
1.60407e-12
4.8271e-13
2.13171e-13
4.64092e-13
1.15694e-12
5.15787e-13
6.35556e-13
3.27315e-13
2.72861e-13
2.36564e-13
4.37352e-13
7.87132e-13
1.54533e-13
5.02598e-13
1.24816e-12
3.22639e-13
4.6579e-13
2.3935e-13
7.6694e-14
3.01544e-13
4.21597e-13
9.39172e-13
8.97062e-13
1.01774e-12
1.17635e-12
2.76858e-13
9.6798e-14
7.28055e-13
1.26751e-12
1.53117e-12
7.15017e-13
8.31693e-13
3.84098e-13
5.68879e-13
1.10639e-12
2.19996e-13
6.95185e-13
4.92236e-13
4.94773e-13
1.0038e-12
1.69128e-13
5.61593e-13
1.13356e-12
3.91634e-13
6.3497e-13
7.91822e-14
5.21756e-13
2.97157e-13
3.02112e-13
2.79737e-13
6.30447e-13
9.80718e-13
4.45838e-13
3.1478e-13
3.78727e-13
1.20841e-12
2.77067e-13
3.41878e-12
1.11336e-12
4.517e-13
1.60431e-12
2.76059e-13
2.34585e-13
1.82329e-13
1.00955e-12
7.58596e-13
1.37507e-13
7.50045e-13
3.02407e-13
1.7719e-13
4.66553e-13
3.43914e-13
3.20906e-13
4.27835e-13
2.81161e-13
