n=32
J=0.707107
eta=1.03797
mu=0
beta-optimal=0
max-overlap=0
1.30999e-15
5.42778e-16
2.62864e-16
1.52599e-16
5.72445e-17
8.44812e-17
4.23086e-18
6.09823e-17
6.41474e-18
1.10143e-17
3.92186e-18
8.39788e-18
5.18935e-18
2.46232e-17
1.09998e-17
6.16968e-14
7.71988e-13
3.22819e-12
4.61566e-12
1.31249e-12
3.72439e-14
3.62576e-15
2.61158e-17
8.02726e-18
4.07961e-18
1.58567e-17
1.17609e-17
5.0856e-18
2.0465e-17
1.20801e-17
5.94461e-18
3.72104e-18
7.72088e-18
5.03803e-18
7.91317e-18
4.61524e-18
3.79388e-18
1.4918e-17
4.98874e-18
4.37983e-18
1.01221e-18
8.55406e-18
9.13426e-18
1.29101e-17
8.88187e-18
2.03426e-18
1.25657e-17
1.58583e-17
1.49394e-17
2.77034e-17
1.58096e-17
7.26037e-15
3.53629e-14
3.28757e-12
1.58833e-12
2.12994e-12
5.28055e-13
2.42216e-14
1.79353e-17
6.94729e-18
2.81095e-17
1.02233e-17
2.11265e-18
9.23974e-18
4.92308e-18
5.15346e-18
1.57862e-17
1.77671e-17
5.53753e-18
1.73638e-17
6.9684e-18
7.4121e-18
8.09315e-18
6.82653e-18
3.23937e-18
2.66055e-18
5.50978e-18
6.33055e-18
1.47137e-18
1.19377e-17
1.03825e-17
4.28791e-18
2.1615e-18
2.12586e-18
1.1977e-17
8.34567e-18
5.36635e-18
1.36399e-17
2.85188e-18
6.05783e-18
1.23687e-18
1.12854e-17
2.41199e-18
9.87482e-18
1.34983e-17
4.09016e-17
5.00407e-17
2.96313e-17
7.0748e-17
1.82391e-14
2.77641e-14
5.30027e-13
1.36756e-12
1.19291e-12
9.58478e-13
1.64403e-12
5.81313e-13
5.07708e-14
4.42696e-15
5.83455e-16
2.15674e-17
5.52447e-18
3.14433e-18
5.67768e-18
8.05267e-18
2.15812e-18
8.47201e-19
1.43172e-18
3.28318e-18
1.7087e-18
1.33114e-18
8.30712e-18
1.71085e-18
8.49113e-18
4.95585e-18
1.10707e-17
2.31719e-18
1.0646e-17
2.30173e-18
7.76629e-18
5.84257e-18
2.36059e-18
1.38481e-17
5.18239e-18
1.13923e-18
6.72796e-18
6.70742e-18
3.69349e-18
5.23944e-18
2.88263e-18
1.04993e-17
1.9242e-18
1.74595e-17
2.66421e-18
1.94867e-18
3.44408e-18
3.43046e-18
2.06179e-18
1.84419e-18
4.85201e-18
1.19814e-17
2.67183e-18
5.82352e-18
2.89797e-17
5.54902e-15
7.2083e-14
2.40927e-13
3.13588e-13
4.70561e-13
5.68821e-13
1.82532e-13
3.59929e-13
1.13092e-13
4.7528e-16
5.76685e-17
3.26434e-18
1.12682e-17
4.91402e-18
1.69841e-18
2.22106e-18
1.81458e-18
5.69368e-18
6.45932e-18
3.25529e-18
8.97397e-18
5.36662e-18
8.08502e-18
3.99051e-18
7.42468e-18
9.36744e-18
4.12734e-18
6.46208e-18
2.12544e-18
5.94509e-18
1.34919e-17
3.61506e-18
4.78756e-18
1.10991e-17
1.28029e-17
2.88509e-18
5.46469e-18
3.99682e-18
4.59791e-18
1.43479e-17
8.22497e-18
5.39528e-18
4.95332e-18
4.82248e-18
6.75086e-18
9.6862e-18
6.78754e-18
3.15266e-18
2.50227e-15
3.76685e-14
1.47481e-13
1.0204e-13
1.96625e-13
2.69581e-13
4.26681e-14
9.63986e-15
2.28602e-14
5.10168e-18
5.21135e-18
1.2738e-18
3.4997e-18
5.06582e-18
4.10088e-18
9.79323e-18
1.23307e-17
1.30291e-17
1.41984e-17
3.62909e-18
3.8532e-18
7.92246e-18
2.96507e-18
3.08441e-18
3.16891e-18
7.39505e-19
8.99515e-19
6.06796e-18
6.68942e-18
4.88361e-18
3.34768e-18
6.73051e-18
6.917e-18
8.91705e-18
5.75275e-17
1.3694e-16
3.4622e-13
5.45827e-13
2.68256e-15
1.2449e-18
5.81534e-18
2.24227e-18
2.60193e-18
4.19085e-18
3.13894e-18
5.16591e-18
5.39458e-18
3.98246e-18
1.19372e-18
1.72687e-17
6.22501e-14
2.23064e-14
5.10847e-18
1.21227e-16
