n=32
J=0.707107
eta=1.21519
mu=0.0936709
beta-optimal=0
max-overlap=0
0.00338471
0.000245737
0.00114534
0.000757021
0.00223164
0.000669737
0.0018653
0.00274986
0.00142141
0.00303626
0.0030998
0.00117175
0.00171679
0.00166569
0.0005361
0.00016304
0.000260913
0.000392942
0.00212723
0.0012805
0.00130365
0.00422598
0.000580904
0.00150145
0.00124208
0.000800997
0.00117095
0.000728607
0.000229918
0.00114035
0.000663118
0.0015343
0.00186927
0.000338026
0.000327845
0.00118158
0.000749625
0.00190705
0.00112458
0.00107916
0.000843963
0.000398043
0.000683488
0.000703469
0.000449003
0.000493518
0.00124768
0.000817877
0.000688041
0.00119461
0.0017587
0.000946518
0.000281102
0.000474841
0.00118414
0.000908372
0.00178594
0.00190187
0.000553949
0.000591985
0.00125239
0.00101913
5.45221e-05
0.00108709
0.000461991
0.000272724
0.000117957
0.000752998
0.000682143
0.00028713
0.000239205
0.000483332
0.00022504
0.000399946
0.00185653
0.00103737
0.000184179
0.000247651
9.00991e-05
0.000388859
0.000166928
0.000702736
0.000595233
0.000207426
0.000194874
0.000276886
0.000195483
0.000401447
0.000330922
0.000317889
0.00102193
0.000200167
0.000881168
0.000169908
0.000209508
0.000496996
0.000830883
0.000879275
0.000166832
0.00158176
0.000392373
0.000258513
0.000710928
0.0011311
0.000648169
0.00143347
0.000578071
0.000620406
2.85431e-05
0.000291789
0.00089077
0.000197621
0.000277155
0.000216723
0.000251985
0.000183182
0.000300414
0.00010968
0.00070356
0.000210327
0.00012908
0.00013373
0.000609207
0.000234734
0.000217071
0.000652175
0.000531061
0.000195824
0.000224335
0.000379249
0.00102569
3.84932e-05
0.000837264
0.000331585
8.78182e-05
6.34023e-05
0.000176777
0.00030183
0.000467515
0.000167094
0.00121643
3.95787e-05
0.00058069
6.35078e-05
0.000135293
0.000128009
0.00061055
0.000167534
0.000237214
6.12179e-05
5.91378e-05
0.000112404
0.000205739
7.8243e-05
6.25951e-05
0.000261882
0.000238797
1.28996e-05
0.000772958
0.000606107
0.000487829
0.000218757
0.000595197
0.000297552
0.000172812
0.000131335
0.00030818
9.84235e-05
0.000286903
0.000729312
6.89853e-05
0.000255213
0.000175721
0.000310682
0.000718024
6.51821e-05
0.000226127
0.000114761
0.000137782
0.000562361
7.38927e-05
0.000205644
0.00040401
0.000109181
0.000396699
0.00057811
0.000108886
3.95484e-05
0.000103983
0.000185664
1.49851e-05
0.000456256
0.000361682
0.000446422
6.00399e-05
0.000254203
0.000436111
0.000111027
0.000208266
8.98778e-05
0.000298916
0.000250184
0.000117464
0.000385277
3.57196e-05
7.11664e-05
0.000239324
0.000478348
0.000140195
0.000226467
0.00023294
0.000174419
0.000101748
0.000519689
0.000364988
0.000272853
0.000235139
0.000433025
0.000513432
0.000209786
0.000413042
0.000175689
0.000141473
0.000137337
0.000250955
0.00016295
0.000104258
0.00020578
0.000289958
1.48934e-05
8.2066e-05
0.000447275
8.87472e-05
0.000366606
0.000145205
0.000111733
0.000320915
2.66196e-06
4.4134e-05
5.03379e-05
0.000136109
0.000672841
0.000183026
6.18083e-05
0.00024122
5.83186e-05
3.92252e-05
0.000559368
0.00034324
0.000227463
0.000392199
0.000248999
0.000241379
5.85363e-05
0.000102299
5.27338e-05
