n=32
J=0.707107
eta=1.31646
mu=0.0860759
beta-optimal=0
max-overlap=0
0.00018383
0.000259025
0.00271379
0.00380553
0.000647311
0.00113178
0.00223978
0.00230475
0.00109057
0.00191755
0.00020529
0.0017754
0.00146612
0.00186787
0.00135468
0.00211035
0.00069222
0.00113128
0.0019862
0.000382662
0.000606651
0.000600171
2.31953e-05
0.00148517
8.92286e-05
0.00036511
0.00134084
7.3538e-05
0.00135867
0.000439938
0.00127727
0.000550131
0.00086534
0.00080909
5.06206e-05
4.98769e-05
0.000442321
0.000777015
0.000515377
0.000331638
0.00021733
0.000817394
0.000628217
0.00040379
2.37118e-05
0.000356572
0.000874578
0.000567359
0.000255342
0.000646162
0.00133464
0.000270334
3.15801e-05
0.00238928
0.000340354
0.000676036
0.000207084
0.000826132
0.000117564
0.00102208
0.00125631
0.00129604
0.000281969
0.000904662
5.87545e-05
5.79591e-05
0.000323406
5.86073e-05
5.9876e-05
0.000794166
0.000358755
0.000727951
0.000894261
0.00114182
0.000496541
0.000709399
0.000592347
3.49884e-05
0.00142574
0.000155516
0.000187026
0.000463659
0.000313697
0.000428636
0.000560441
0.000118858
0.000465725
4.08399e-05
0.000627957
0.000313399
0.000277522
0.000832961
0.000665558
0.00117148
2.90387e-05
0.000237884
0.000150517
0.000615627
0.000636393
0.000398129
0.00017288
0.000992701
0.000308866
0.000606952
0.000388875
4.2295e-05
0.000347877
0.000234872
9.12889e-05
0.00020252
0.000287506
0.000231223
0.000444866
7.26581e-05
0.000114176
0.000283224
8.01141e-06
0.000209286
3.02914e-05
0.0011278
0.000350035
7.76177e-06
0.000117152
0.000233986
0.000171761
0.000107082
0.000524242
0.00013357
0.000280594
0.000753781
0.000246121
0.000266138
0.000151947
0.000370558
0.00093141
0.000341582
0.00066716
0.000410967
0.000349489
3.22461e-05
0.000266733
0.000536324
0.000288806
0.000449612
0.000411991
0.000192858
0.000227549
0.000198724
0.000235074
0.000568134
0.000591852
0.000362608
0.000216897
8.80815e-05
8.96939e-05
0.00027218
0.000330671
0.000204142
0.000166335
0.000218753
0.000240618
0.000229671
0.000418802
0.000569027
0.000386664
0.000268233
0.000289405
0.000378857
0.000188663
7.72529e-05
0.000170088
0.000201468
2.00883e-05
0.00022396
1.75881e-05
0.00051156
0.000259075
9.38541e-06
0.000616537
0.000265255
0.00042477
0.000142745
0.000177973
0.000433118
0.000727786
4.81835e-05
0.000218678
0.000440691
0.000575704
6.32923e-05
0.000182591
0.000443664
0.000133943
0.000269509
0.000524969
0.000191017
0.00015802
5.42472e-05
0.000367597
0.000614438
0.000118643
0.000240474
3.16499e-05
0.000456271
0.000231586
0.000166864
0.000302042
0.000216164
0.00013917
0.000233294
2.95446e-05
4.9372e-05
0.000188885
0.000228888
6.9993e-05
0.000309722
1.13043e-05
0.000573891
0.00015525
0.000515454
0.000337501
0.000193507
0.00022504
0.000184471
2.8493e-05
0.000101931
0.00027751
4.95587e-05
0.000406818
0.000599539
0.00026718
8.08475e-05
0.000329899
0.000284272
1.78719e-05
0.000327522
3.25396e-05
9.84245e-05
7.40245e-05
0.000464448
0.000426174
0.000352108
8.79777e-05
0.000305761
2.17179e-05
7.98096e-05
6.09173e-05
0.000317125
0.000283755
0.000310245
1.26298e-05
0.000596627
0.000275175
0.000152205
0.000323924
4.92679e-05
