n=32
J=0.707107
eta=1.34177
mu=0.103797
beta-optimal=0
max-overlap=0
2.50664e-12
9.80987e-13
1.03345e-12
7.81385e-13
1.95001e-12
1.96483e-12
1.67452e-12
6.17046e-13
5.49802e-13
5.96178e-13
1.52331e-12
1.18833e-12
9.7946e-13
8.55884e-13
2.75259e-12
9.97749e-13
1.42535e-12
1.30515e-12
2.19452e-13
3.36933e-13
5.36065e-13
6.42308e-13
7.79179e-13
5.5864e-13
7.38377e-13
1.45248e-12
5.5682e-13
7.35794e-13
1.44208e-12
7.10338e-13
1.30177e-12
9.3299e-13
6.5658e-13
2.88432e-13
3.21258e-13
7.93004e-13
5.13084e-13
4.89564e-13
9.44936e-13
4.30428e-13
1.08381e-12
8.34994e-13
5.43713e-13
3.80918e-14
3.50747e-13
8.1633e-13
5.4269e-13
7.70727e-13
4.55238e-13
3.46229e-13
5.35041e-13
1.77391e-13
4.07206e-13
5.22616e-13
2.4987e-13
2.16815e-13
8.97835e-14
3.23269e-13
3.60536e-13
6.22459e-13
9.51861e-13
2.09701e-13
5.78769e-13
2.84472e-13
7.02815e-14
6.36247e-13
4.7536e-13
4.10154e-13
1.51477e-14
8.36256e-13
6.54275e-14
1.66826e-13
2.34347e-13
3.36161e-13
1.58322e-13
3.61765e-13
1.31325e-13
5.72201e-13
8.96928e-14
3.61682e-13
3.74711e-13
1.87329e-13
4.14114e-13
3.06418e-13
9.0551e-13
2.63042e-13
4.74357e-13
5.94135e-13
1.05724e-13
6.55858e-13
2.7854e-13
4.14758e-13
4.62113e-13
2.08297e-13
4.11105e-13
2.05291e-13
1.94355e-13
1.99948e-13
3.57449e-13
4.55275e-13
3.50369e-13
3.08674e-13
3.79259e-14
6.60733e-14
1.7002e-13
5.89143e-13
2.77872e-13
2.88173e-13
1.76512e-13
2.02965e-13
3.45956e-13
2.37959e-13
6.94482e-14
4.3957e-13
1.34617e-13
3.22948e-13
1.22026e-13
5.61576e-13
2.27628e-13
4.86976e-13
3.11808e-13
4.04995e-13
3.09813e-13
2.78355e-13
1.73746e-13
1.35023e-13
3.36047e-13
8.90505e-14
1.82466e-13
8.05148e-14
2.4463e-13
2.49495e-13
2.19675e-13
1.56159e-13
1.71751e-13
3.28224e-13
3.64348e-13
1.74192e-14
4.12857e-13
2.2567e-13
1.80579e-13
2.07575e-13
1.9851e-13
1.95523e-13
5.68526e-13
3.20392e-13
1.81196e-13
1.94425e-13
7.27802e-14
3.69884e-13
4.48743e-13
1.58555e-13
3.29958e-13
2.38685e-13
1.5381e-13
1.79962e-13
3.09392e-13
3.30955e-13
2.03318e-13
1.9856e-13
2.35796e-13
2.27308e-13
5.56625e-14
2.03565e-13
2.6522e-13
2.08319e-13
3.03537e-13
1.60005e-13
5.30573e-13
2.97632e-13
2.76803e-13
2.10787e-13
1.42911e-13
3.94147e-13
1.68077e-13
1.19231e-13
7.20411e-14
3.48247e-13
1.59105e-13
1.98705e-13
2.17968e-13
1.82328e-13
1.93402e-13
4.5363e-13
2.65605e-13
4.32371e-14
6.57554e-14
1.69804e-13
2.51519e-13
1.80723e-13
1.9856e-13
1.31249e-13
2.05352e-13
1.12503e-13
1.03614e-13
6.23065e-14
1.68084e-13
2.39175e-13
2.25758e-14
4.6309e-13
1.55495e-13
1.98119e-13
1.18541e-13
1.12775e-13
1.94228e-13
1.32926e-13
1.2873e-13
6.80658e-14
2.43461e-13
8.36484e-14
2.29125e-13
3.06366e-13
2.76004e-13
5.78915e-14
1.33598e-14
1.21682e-13
3.68774e-14
6.59276e-14
2.69125e-14
3.1129e-13
1.22145e-13
1.92781e-13
2.94052e-13
1.11535e-13
2.47918e-13
2.74443e-13
1.35109e-13
1.04837e-13
3.32764e-13
3.36666e-13
1.2694e-13
9.89261e-14
3.44078e-13
1.37317e-13
1.83929e-13
4.33561e-14
3.0462e-13
6.09357e-14
4.53091e-14
2.52978e-13
2.7645e-13
2.26678e-13
1.70069e-13
6.54276e-14
1.4471e-13
2.27215e-13
1.48642e-13
2.1775e-13
7.55831e-14
5.90781e-14
1.14986e-13
2.36825e-14
1.47522e-13
2.76157e-13
2.37031e-13
3.99589e-14
