n=32
J=0.707107
eta=1
mu=0.078481
beta-optimal=0
max-overlap=0
0.3204
0.340219
0.276416
0.255266
0.226232
0.204718
0.208831
0.189041
0.155708
0.160735
0.165367
0.131524
0.150333
0.13071
0.102977
0.126941
0.106134
0.108687
0.116654
0.0997082
0.0829535
0.0946858
0.0842158
0.0896595
0.0826651
0.0845306
0.0807915
0.0696153
0.0750107
0.0680417
0.0716511
0.0649826
0.0707394
0.0592925
0.0599098
0.0590516
0.0505912
0.0539423
0.044948
0.0507776
0.0446353
0.048541
0.0470122
0.0490813
0.0450064
0.0454273
0.0479046
0.0417667
0.0397536
0.0439281
0.0410936
0.0400701
0.037457
0.0406455
0.0370345
0.0385953
0.0355332
0.0378863
0.0351277
0.0345553
0.034898
0.0312858
0.0308201
0.0315636
0.0283548
0.0297472
0.0297598
0.0281512
0.0283796
0.0288317
0.0280221
0.0249098
0.0256562
0.0293679
0.0254017
0.0274709
0.0217808
0.024198
0.0246513
0.022092
0.0216098
0.0234404
0.0199283
0.0211238
0.0228531
0.0188824
0.0212637
0.0218387
0.0195907
0.0198027
0.0185723
0.018886
0.0201266
0.0187566
0.0183598
0.0181721
0.0174689
0.0162478
0.0181428
0.018769
0.0187056
0.015553
0.0173078
0.0169902
0.0166391
0.01612
0.0148798
0.0158501
0.0157809
0.0162242
0.0148136
0.01496
0.0143536
0.0140186
0.0134735
0.0159539
0.0149105
0.0136362
0.0137125
0.0131877
0.0133245
0.0123362
0.0134116
0.012446
0.0122207
0.0124115
0.0117879
0.0123845
0.0117491
0.0125309
0.0125904
0.0126008
0.0114348
0.0128632
0.0121145
0.0118917
0.0118714
0.01251
0.0105825
0.0101873
0.00985526
0.0100792
0.0109434
0.010514
0.0111472
0.00995569
0.00985789
0.0105191
0.00997468
0.0106148
0.00989757
0.0095012
0.00955882
0.00873634
0.00874848
0.00941851
0.00899164
0.00891564
0.00815573
0.00912928
0.00900774
0.00798671
0.00866029
0.00837141
0.00803534
0.0081723
0.00779575
0.00826091
0.00748437
0.00814583
0.00780585
0.00789298
0.00744334
0.00771295
0.00707048
0.0069876
0.00700005
0.00734105
0.00729474
0.00699859
0.00704321
0.00676796
0.00633133
0.0069662
0.00673161
0.0065517
0.00636528
0.00714491
0.00641835
0.00626306
0.00651116
0.00662358
0.00595348
0.0062334
0.00602277
0.00567298
0.00599207
0.0055984
0.00563848
0.00607345
0.00571262
0.00613167
0.00594837
0.00562725
0.00617897
0.00555775
0.0056215
0.00546725
0.00537513
0.00507636
0.00495619
0.00536986
0.00502748
0.00501778
0.00523552
0.00477117
0.00475204
0.00493011
0.00485101
0.00490542
0.00448591
0.0047684
0.00480517
0.0047489
0.00433661
0.00457981
0.00450673
0.00425363
0.00438589
0.00478648
0.00412598
0.00445477
0.00406394
0.00418601
0.00381784
0.00419959
0.00384126
0.00406867
0.0040017
0.00393542
0.00407147
0.0039976
0.00393936
0.0037796
0.00370109
0.00343692
0.00364015
0.00359389
0.00351225
0.00363887
0.00354451
0.00355222
0.00339278
0.00297058
0.00308122
0.00306335
