n=32
J=0.707107
eta=1.06329
mu=0.0126582
beta-optimal=0
max-overlap=0
0.00036968
0.00162534
0.000193209
0.00220991
0.000872736
0.00114694
0.000470307
0.000413305
0.000746608
0.000363091
0.000175694
9.62584e-06
0.000597346
3.81287e-05
0.000299493
0.000386532
0.00119245
0.000191319
5.88337e-05
0.000249362
5.34474e-05
0.000377524
2.26022e-05
2.05947e-05
3.6472e-05
3.33596e-05
6.81803e-05
0.000144082
0.000317559
0.000164673
2.4714e-05
0.000150714
5.20924e-05
0.000114501
4.98049e-05
5.4295e-05
0.000140957
9.69638e-05
0.000271075
4.04774e-05
0.000170058
0.000184471
4.07618e-05
9.90275e-05
0.000125465
2.92707e-05
5.45327e-05
7.97952e-05
8.46975e-05
7.37373e-05
3.20626e-05
0.000138798
9.86738e-05
5.68488e-05
0.000174575
4.16914e-05
0.000235545
6.35681e-05
0.000265077
0.000353608
3.1999e-06
0.000273542
0.000145749
4.9213e-06
5.86229e-05
5.462e-05
9.00437e-05
5.41038e-05
1.38243e-05
0.00012655
3.29701e-05
8.55317e-05
0.000167048
4.6234e-05
8.83201e-05
7.26212e-05
0.000159758
3.33183e-05
6.41888e-05
0.000143182
2.51617e-05
9.76942e-05
3.11325e-06
7.24745e-05
3.3621e-05
4.93606e-06
4.18958e-05
1.64736e-05
5.01078e-05
3.98653e-05
1.23334e-05
4.98952e-05
2.98738e-05
0.000118389
4.15401e-05
1.25378e-05
8.07474e-05
1.74929e-05
1.84539e-05
3.30469e-05
3.53771e-06
2.72141e-05
9.7808e-06
9.00053e-06
0.000148116
3.72317e-05
5.1018e-05
0.000100522
2.99366e-05
3.41569e-05
4.1687e-05
0.000165011
1.42345e-05
8.92817e-06
3.36966e-05
6.70425e-05
9.06703e-06
1.54059e-05
3.31727e-05
6.86708e-06
2.47277e-05
1.79114e-05
0.000123365
4.69222e-05
4.82342e-06
0.000123228
7.09341e-06
7.50086e-06
4.97008e-05
5.53399e-05
0.000104447
1.67209e-05
1.0601e-05
5.7075e-06
3.597e-05
9.83569e-06
4.20987e-06
4.07878e-05
3.89689e-05
4.64705e-05
0.000100908
1.42278e-05
7.02331e-05
8.52016e-06
1.67785e-06
9.66649e-05
7.3988e-05
0.000161347
3.22022e-06
0.000162523
3.04849e-05
2.31745e-05
4.25771e-05
2.39346e-05
1.95739e-05
2.98493e-05
9.73408e-06
7.32611e-05
9.15229e-06
0.00017917
5.42202e-06
1.88285e-05
0.00014161
2.28629e-05
3.97201e-05
3.1136e-06
3.68496e-05
1.88631e-07
1.97012e-05
0.000169531
3.77223e-05
3.21472e-05
5.92444e-05
2.19e-06
1.0646e-05
8.62095e-06
9.57136e-05
1.06982e-05
9.47595e-08
3.54181e-06
1.52506e-05
3.23885e-05
1.15081e-05
7.39141e-05
5.18866e-05
1.61754e-05
5.44018e-05
9.98221e-06
4.31355e-06
1.43381e-05
8.39823e-05
0.000104508
1.71055e-05
1.3696e-05
2.14617e-06
1.32261e-05
0.00016374
2.44967e-05
0.000133017
8.01573e-05
6.26754e-06
1.46026e-05
1.03389e-05
6.53098e-05
1.19517e-05
0.00011729
3.06727e-05
1.54715e-05
2.3683e-07
8.82277e-06
2.3639e-06
9.66192e-05
1.25636e-05
2.00968e-05
4.80885e-05
6.04651e-05
6.71328e-05
1.73825e-05
4.55953e-06
8.51844e-06
1.59252e-05
2.89424e-06
4.69433e-05
8.77311e-06
7.74172e-05
1.96917e-05
1.49336e-05
7.28594e-05
4.98377e-06
2.5082e-06
0.000102975
3.14917e-06
0.000108706
1.62558e-05
6.74003e-06
3.74803e-05
9.81958e-06
2.20771e-06
6.94413e-05
2.2814e-05
9.42661e-05
1.50507e-05
5.93746e-05
1.68601e-06
7.94937e-05
3.1719e-05
0.000105107
5.5256e-06
3.34538e-05
8.44984e-05
2.90398e-05
6.56884e-05
3.40423e-05
6.85872e-05
1.79186e-05
2.06001e-05
