n=32
J=0.707107
eta=1
mu=0.0177215
beta-optimal=0
max-overlap=0
0.611714
0.56403
0.161047
0.116934
0.0769444
0.0549063
0.069103
0.0471493
0.0307829
0.0375991
0.0379661
0.0213159
0.0346071
0.0244345
0.0162933
0.0236743
0.0179322
0.0180758
0.0183758
0.0155416
0.0110728
0.0148741
0.0111755
0.0150688
0.0132979
0.0104533
0.0111481
0.00878295
0.0116182
0.00838957
0.00985346
0.00825154
0.0102433
0.00516209
0.00620383
0.00857817
0.00514289
0.00401616
0.00451205
0.00446201
0.00329947
0.00501724
0.00488265
0.00585671
0.00417607
0.00459632
0.00670544
0.00403797
0.00318229
0.00473074
0.00349151
0.00432172
0.00267403
0.00519492
0.00287809
0.00401871
0.00310227
0.00428823
0.00391072
0.00277372
0.00289649
0.00229177
0.00234239
0.00269886
0.00214493
0.00225747
0.00226756
0.00185405
0.00212055
0.00345662
0.00252492
0.00147972
0.00163696
0.0028367
0.00217119
0.00319658
0.00104049
0.00196356
0.00229876
0.00140018
0.00141645
0.00164366
0.00100058
0.0011218
0.00180523
0.00148764
0.00155682
0.00186754
0.001288
0.00146085
0.00122913
0.00130197
0.00140074
0.00121079
0.0013032
0.00113425
0.00103468
0.000989179
0.00139386
0.0013248
0.00146712
0.000872541
0.00120841
0.00126485
0.00135468
0.00106661
0.000919326
0.00107055
0.00105263
0.00100897
0.00102516
0.00116571
0.000910577
0.000883484
0.000725581
0.00107672
0.00113995
0.000789641
0.000785843
0.000722191
0.000918055
0.000609003
0.000679139
0.00047861
0.000749452
0.000721212
0.000522927
0.000961189
0.000569868
0.000819072
0.000763947
0.00096915
0.000608959
0.000863837
0.00100596
0.0008964
0.000810745
0.000938366
0.00065044
0.00043218
0.000533173
0.000677941
0.000672052
0.000672487
0.000781222
0.0004938
0.000460361
0.000642079
0.000596287
0.000899444
0.000488182
0.00051173
0.000486041
0.000370641
0.000452979
0.000545025
0.000490636
0.000398103
0.000411089
0.000587407
0.000441698
0.000385763
0.000479461
0.000377917
0.000434628
0.000336684
0.000319085
0.000462233
0.000343888
0.000404091
0.000387007
0.000359266
0.00041058
0.000463084
0.000281776
0.000314196
0.000405682
0.000369459
0.000387413
0.000354252
0.000389948
0.000298165
0.000269949
0.000352228
0.000438595
0.000349342
0.000309771
0.000499227
0.000310549
0.000370784
0.000373597
0.000472673
0.000207199
0.000259775
0.000317606
0.00019364
0.000235525
0.000235582
0.000207247
0.000314346
0.000255866
0.000332813
0.000349591
0.000294816
0.00041545
0.00028051
0.00035415
0.000256745
0.000242685
0.000166027
0.000222982
0.000278687
0.0002361
0.000204527
0.000259537
0.000327131
0.000168429
0.000198615
0.000274874
0.000214241
0.000137994
0.000200694
0.000221992
0.000253691
0.000149377
0.000235419
0.000218217
0.000142561
0.000174054
0.000305749
0.000166025
0.00018533
0.00016664
0.000160503
0.000162731
0.000206206
0.000145983
0.000147354
0.000145895
0.000164009
0.000184025
0.000202915
0.000176453
0.000180155
0.000121889
0.000134996
0.000197763
0.000168776
0.000159337
0.000184848
0.000152508
0.000182077
0.000135614
0.000122534
0.000117164
0.000148387
