n=32
J=0.707107
eta=1.16456
mu=0.0405063
beta-optimal=0
max-overlap=0
0.00140223
0.00260097
0.000356031
0.00298472
0.00160799
0.000502591
0.00111322
0.000752537
0.00160335
0.000996737
0.000926658
0.000301435
0.000872387
0.000549471
0.00166471
0.000684991
0.00364947
0.000868148
0.000306301
0.00106791
0.000186485
0.000652896
4.98079e-05
0.000135143
4.17179e-05
0.000211569
0.000436649
0.000915828
0.000407772
0.000858672
0.000332208
0.000756515
0.000156315
0.000434318
0.000243646
0.000101519
3.4719e-05
0.000476166
0.000779042
0.000121544
0.000313104
0.000804673
0.000225284
0.000638323
0.000172876
9.182e-05
0.000427505
0.000494357
0.000203927
9.72716e-05
0.000333233
0.000674617
3.42358e-05
5.44501e-05
0.000577635
0.000237258
0.000517803
0.000568727
0.000780717
0.000833973
4.17852e-05
0.000791458
0.000468678
3.71004e-05
0.00040732
0.000159033
0.00033599
0.000186026
1.48714e-05
0.000136755
0.000149653
0.00048995
0.000225251
0.000270969
0.000389838
0.000377757
0.000471939
0.000168695
0.000227493
0.000851468
3.97057e-05
0.000210368
2.54247e-05
6.49324e-07
5.09239e-05
1.29479e-05
0.000268775
1.7711e-05
0.000295662
1.06086e-05
0.000121374
0.00022353
0.000115996
0.000258324
0.000211275
0.000201514
0.000240813
1.2721e-06
0.000191023
0.00013721
5.8452e-05
0.000146011
3.39139e-05
0.000105504
0.000447776
1.68543e-05
0.00035168
0.000177495
0.000100544
0.00028073
9.23082e-06
0.000439478
0.000112565
3.03933e-06
9.07949e-05
8.68997e-05
0.000101013
6.5673e-05
8.86856e-05
4.12786e-05
0.000191246
0.000100405
0.00030815
0.000299222
3.14869e-05
0.000245866
2.01256e-05
1.04032e-05
0.000256546
0.000298184
0.000287653
4.41639e-05
0.00010301
5.19484e-06
0.000197452
5.26294e-05
1.59946e-05
0.000301338
0.00015315
0.000349283
0.00017176
7.12998e-05
0.000310169
3.08231e-05
4.82562e-05
0.000297555
0.000532905
0.000405375
2.45495e-05
0.000401172
5.9441e-05
0.000141652
0.000205485
4.43073e-05
0.000136617
0.000165042
0.00010052
0.000244575
0.000143556
0.000498852
0.000143797
4.7094e-05
0.000500878
0.000146902
0.000100001
0.000104537
0.000260007
1.9944e-05
0.000124107
0.000575679
2.99785e-05
0.000204662
0.000173231
9.23602e-05
3.62015e-05
7.50462e-05
0.000196887
3.6377e-06
2.96368e-05
0.000103114
8.56282e-05
0.000110492
5.5306e-05
0.000208244
0.000103264
9.09465e-05
0.000133643
5.74536e-05
7.58293e-06
8.01822e-05
0.000204071
0.000246824
9.61089e-05
0.000113061
4.57842e-05
9.54664e-05
0.000427083
0.000176776
0.000495674
0.000265815
3.18172e-05
9.62482e-06
7.00441e-05
0.000223945
6.23892e-05
0.000263615
0.000117572
0.000132565
3.61317e-05
3.631e-05
4.61248e-05
0.000321126
1.54586e-05
7.34305e-05
0.000167694
0.000154943
0.000150762
8.17492e-05
6.56673e-05
4.18021e-06
3.91378e-05
1.46054e-05
0.000121359
5.37702e-05
0.000351355
1.70874e-05
0.000117629
0.000230605
4.13946e-06
2.46615e-05
0.000318868
2.86093e-05
0.000303289
9.5236e-05
8.89453e-06
7.81075e-05
9.90489e-05
4.17671e-05
0.000126728
0.000182291
0.000244791
0.000125812
0.000124349
3.40669e-05
0.000256089
0.000188162
0.000289909
3.1287e-05
0.000242388
0.000337018
0.00018503
0.000191643
4.27187e-05
0.000274001
0.000172074
0.000151707
