n=32
J=0.707107
eta=1.44304
mu=0.126582
beta-optimal=0
max-overlap=0
4.2925e-12
1.35791e-12
1.04693e-12
8.17744e-13
3.43949e-12
2.83762e-12
2.1783e-12
6.58022e-13
1.69836e-12
5.73997e-13
2.29821e-12
1.45687e-12
3.03254e-12
2.02074e-12
6.73384e-12
2.29281e-12
4.78343e-12
1.26291e-12
5.85128e-13
5.38697e-12
2.71851e-12
3.60354e-13
1.64132e-12
5.59188e-13
2.5308e-12
7.21977e-13
1.89236e-12
9.82854e-13
2.5844e-12
6.46902e-13
9.51185e-13
2.67857e-12
1.74857e-12
1.01251e-12
1.24488e-12
2.56913e-12
8.58982e-13
1.98562e-12
2.77239e-12
9.3752e-13
1.11311e-12
3.53121e-12
2.82913e-12
3.11878e-12
3.55511e-13
2.1507e-13
5.09238e-14
2.3923e-13
1.18725e-12
1.27204e-13
3.25919e-12
5.45475e-13
2.52995e-13
2.68502e-12
1.13102e-12
1.13594e-12
2.14903e-12
1.27205e-12
1.30946e-12
2.17579e-12
1.14287e-12
5.03534e-13
1.24057e-13
8.38506e-13
1.50976e-12
9.05092e-13
2.31904e-12
8.87089e-13
8.46051e-13
9.21377e-13
2.38221e-12
1.00522e-12
1.76546e-12
5.46272e-13
1.14962e-12
5.95215e-13
1.98676e-12
1.39172e-12
2.04404e-13
4.12427e-13
9.64527e-13
6.01666e-13
7.74571e-13
3.85417e-13
9.22674e-13
4.06313e-13
7.17113e-13
1.23148e-12
1.21709e-12
1.38554e-12
3.63529e-13
5.65882e-13
6.82851e-14
3.79993e-13
1.79308e-12
7.3724e-13
4.52138e-13
6.83752e-14
3.00527e-13
1.22711e-12
1.1669e-13
6.9775e-13
1.13835e-12
2.21876e-13
6.16647e-13
9.56642e-13
1.17987e-12
1.20202e-12
1.13812e-13
2.6127e-13
7.94493e-13
1.01135e-12
2.61679e-13
1.94181e-13
7.42653e-13
1.54129e-12
4.58799e-13
1.21224e-12
6.22627e-13
5.03666e-13
8.61676e-13
2.63105e-13
2.10796e-13
1.20138e-12
2.71978e-13
8.27099e-13
5.54685e-13
2.66012e-13
1.94815e-13
3.13616e-13
2.97572e-13
1.0111e-12
9.30663e-13
9.07287e-13
5.85605e-13
4.61589e-13
9.65515e-13
1.13988e-12
4.713e-13
6.65235e-13
1.34073e-12
1.02285e-12
2.43494e-13
4.3183e-14
1.473e-12
1.11568e-12
2.46998e-13
6.81022e-13
3.33446e-13
8.87355e-13
2.77306e-13
2.82389e-13
7.90814e-13
6.22171e-13
3.57266e-13
1.146e-12
1.47932e-12
8.45586e-13
7.84966e-13
3.83937e-13
9.3879e-13
1.04103e-12
7.04786e-13
4.36869e-13
1.00047e-13
1.93484e-13
1.09673e-12
5.46762e-13
4.50906e-13
1.501e-13
9.60507e-13
3.72084e-13
2.05834e-13
7.42807e-13
5.61201e-13
5.76935e-13
5.12212e-13
6.04066e-13
6.59761e-13
2.38938e-13
2.35216e-13
3.55963e-13
1.04814e-13
6.99206e-13
4.13047e-13
1.41081e-12
1.49147e-13
1.33331e-13
9.53354e-13
8.20381e-13
4.18119e-13
1.53481e-13
1.59328e-13
1.84952e-13
5.9633e-13
6.95476e-13
1.84358e-13
1.59282e-13
4.75376e-13
9.75107e-13
1.99135e-13
2.64988e-13
1.29417e-12
5.10229e-14
4.3006e-13
9.67099e-13
3.4188e-13
3.22033e-13
4.65768e-13
8.51452e-14
1.92075e-13
1.11518e-12
4.2996e-13
5.22583e-13
8.69395e-13
1.25451e-12
5.63221e-13
9.73554e-13
4.70579e-13
5.11463e-13
6.71018e-13
2.1855e-13
4.90691e-13
2.24448e-13
1.33518e-13
6.00396e-13
8.51633e-14
5.78883e-13
7.45852e-13
5.41933e-13
9.78745e-13
6.48677e-13
6.36616e-13
5.86456e-13
2.93883e-13
2.33491e-13
5.11364e-13
3.72276e-13
2.27886e-13
4.06327e-13
3.69812e-13
1.36894e-12
3.30657e-13
2.67632e-13
2.093e-13
1.32461e-12
1.01044e-12
8.96186e-13
1.55726e-12
3.65356e-13
7.36571e-14
4.63706e-13
1.24234e-12
8.91067e-13
4.71351e-14
5.62985e-14
