n=32
J=0.707107
eta=1
mu=0
beta-optimal=0
max-overlap=0
0.0358873
3.58463e-16
7.56909e-13
1.13743e-11
4.80033e-13
2.32584e-13
1.92598e-15
2.53704e-16
7.74766e-17
8.31853e-18
9.40743e-17
9.91285e-17
1.54192e-17
5.22879e-17
2.28662e-17
4.75791e-17
3.47024e-17
2.62026e-17
7.49478e-17
4.71883e-17
2.77795e-17
1.4133e-16
4.51071e-17
3.4627e-17
4.10543e-17
1.29899e-17
2.998e-18
3.49031e-17
1.02655e-17
5.4559e-17
3.55564e-17
2.88136e-17
1.08158e-16
2.6869e-17
9.94615e-17
1.37412e-16
3.55177e-16
5.69647e-16
1.24175e-15
2.7748e-15
2.14517e-15
3.40454e-15
4.53386e-15
1.54328e-15
1.55012e-15
2.6383e-14
2.48782e-14
3.24201e-14
1.28294e-13
7.92194e-14
1.61543e-13
1.67865e-13
6.77832e-13
9.60284e-13
1.67634e-13
1.17257e-12
4.83505e-13
1.09284e-12
8.32127e-13
3.2148e-13
1.47266e-12
1.88978e-12
1.44044e-12
9.39668e-13
8.62194e-13
2.69316e-13
5.52093e-13
5.58198e-13
1.04427e-12
1.39783e-13
3.69795e-13
8.19826e-13
1.65701e-13
1.34298e-13
5.65227e-14
1.10284e-13
1.02203e-13
1.16662e-13
2.44749e-14
7.61123e-15
2.71403e-15
3.66578e-15
4.61379e-15
6.33868e-15
4.09434e-15
3.85114e-15
3.89382e-15
5.90568e-16
3.402e-16
8.82305e-16
3.21091e-16
2.33107e-16
2.45449e-16
1.49076e-16
8.52171e-17
3.65499e-17
9.3936e-18
2.09045e-17
3.8365e-17
1.92198e-17
1.58258e-17
5.05449e-18
1.37702e-17
6.47064e-18
2.92476e-18
7.79054e-18
4.55669e-18
2.88243e-17
1.72273e-17
1.33581e-17
2.20027e-17
8.52801e-18
1.27745e-17
2.81774e-19
6.54283e-18
5.19742e-18
9.17562e-18
2.14198e-17
8.83764e-18
3.75691e-18
8.339e-18
5.34677e-18
1.0097e-17
6.27387e-18
3.51002e-18
4.26463e-18
1.4731e-18
1.0368e-17
2.02965e-17
1.13428e-17
1.95122e-17
3.18327e-18
4.6761e-18
7.88317e-18
1.27887e-17
2.27035e-19
6.95156e-18
4.54397e-18
7.90539e-18
3.79533e-18
2.24674e-18
6.56756e-18
1.24527e-18
3.21735e-18
3.91762e-19
1.32707e-17
1.05945e-17
1.07614e-17
1.51025e-17
7.69181e-18
5.35949e-18
1.62949e-17
8.64894e-18
1.07577e-18
1.17493e-17
2.94641e-18
5.981e-18
7.23726e-18
6.06139e-18
5.9813e-18
1.05165e-17
1.42887e-17
6.13904e-18
9.21747e-18
7.93126e-19
1.44251e-18
9.18865e-18
1.09767e-17
8.01291e-18
2.6937e-18
8.49525e-18
1.89536e-17
2.06547e-17
1.94754e-17
3.77557e-18
3.07214e-17
1.81843e-16
4.76232e-17
5.0838e-16
7.46559e-16
2.59039e-15
1.46229e-15
7.86264e-17
1.27302e-15
3.87091e-15
9.00354e-15
6.61734e-15
2.92012e-14
2.42807e-14
4.97321e-14
4.00173e-14
3.01295e-14
5.64144e-14
6.88839e-14
1.6745e-14
1.78628e-13
1.27517e-13
2.48953e-13
3.00136e-13
1.6705e-13
4.88425e-13
9.99654e-14
2.87284e-13
3.01684e-13
2.79309e-13
7.58481e-13
4.82805e-13
4.42715e-13
6.99894e-13
5.93228e-13
6.27713e-13
4.93713e-13
2.58035e-13
3.16679e-13
1.19394e-13
6.9083e-14
3.00701e-14
4.44598e-14
4.49905e-14
8.09139e-15
2.2338e-15
1.14759e-15
5.3767e-16
6.66309e-16
1.5507e-15
1.47428e-15
1.8505e-15
1.30662e-15
9.47377e-17
2.08388e-16
4.1123e-17
9.2424e-18
2.15008e-17
3.07926e-18
5.68542e-18
7.61597e-18
5.25372e-18
7.03657e-18
1.09722e-17
2.1695e-18
9.11893e-18
1.13822e-17
3.28886e-17
6.5351e-18
1.14596e-17
1.2822e-17
4.9011e-18
2.1226e-17
1.55864e-17
1.22569e-17
1.88524e-17
2.40184e-18
1.49245e-17
4.33499e-17
5.43765e-16
8.25853e-13
