n=32
J=0.707107
eta=1.92405
mu=0.139241
beta-optimal=0
max-overlap=0
1.92371e-12
1.39861e-12
1.05176e-12
1.11661e-12
1.3393e-12
9.59825e-13
1.82717e-12
1.76192e-12
1.87498e-12
3.8802e-12
1.35834e-12
1.13115e-12
1.44649e-12
8.70856e-13
2.98459e-12
1.02486e-12
1.79151e-12
1.02656e-12
2.2041e-12
6.82494e-13
2.82206e-13
6.38361e-13
6.65549e-13
8.60934e-13
2.21458e-12
7.01815e-13
1.4269e-12
3.73144e-13
1.30674e-12
8.67776e-13
2.00505e-12
6.05023e-13
2.35568e-12
5.41674e-13
1.47248e-12
8.06264e-13
2.75554e-12
1.09435e-12
5.6004e-13
9.03919e-13
1.35011e-12
4.46737e-13
5.72586e-13
6.9944e-13
8.45995e-13
1.5772e-12
1.68122e-12
5.8395e-13
1.47331e-12
1.0488e-12
5.62604e-13
7.87995e-13
4.65221e-14
3.66115e-13
8.09437e-13
8.21557e-13
8.79706e-13
7.67439e-13
1.56948e-12
9.33373e-13
2.15689e-12
8.20676e-13
9.15327e-13
2.28225e-13
1.65443e-12
1.69579e-13
5.04778e-13
9.02214e-13
1.32344e-12
7.61551e-13
1.11729e-12
1.11026e-13
5.1429e-13
7.56188e-13
8.06454e-13
1.06375e-12
1.03603e-12
4.74679e-13
1.34012e-12
7.67112e-13
1.39289e-12
1.29012e-12
3.71002e-13
1.09756e-12
2.75587e-13
8.60826e-13
9.55256e-13
1.39107e-12
6.55949e-13
2.6647e-13
6.28799e-13
6.01414e-13
1.29833e-12
7.99182e-13
7.46041e-13
5.0091e-13
2.01741e-13
1.30436e-13
4.23184e-13
5.39786e-13
9.94895e-13
1.15594e-12
2.42698e-13
4.77158e-13
1.60627e-13
1.9963e-13
1.62483e-12
1.38477e-13
7.55028e-13
6.95457e-13
4.31306e-13
6.07742e-13
8.13346e-13
4.94297e-14
8.18373e-13
2.36901e-13
1.95355e-13
6.33159e-13
2.6251e-13
5.64131e-13
1.43601e-13
4.74367e-13
1.36494e-12
4.61691e-13
7.8179e-13
9.57303e-13
7.81213e-13
6.84373e-13
8.23959e-14
6.75383e-13
5.24466e-13
2.56641e-13
4.12195e-13
6.21083e-13
1.32135e-12
3.71285e-13
4.58591e-13
3.66731e-13
2.20033e-13
5.81024e-13
2.27822e-13
5.60202e-13
9.8226e-13
3.93809e-13
3.38814e-13
5.30214e-13
4.79673e-14
5.54997e-13
4.7357e-13
2.35201e-13
6.64313e-13
4.45989e-13
8.70394e-13
2.68798e-13
5.26264e-13
8.63186e-13
5.47731e-13
4.90809e-13
2.82754e-13
1.3433e-12
5.15144e-13
4.59712e-13
5.01887e-13
6.57004e-13
5.3439e-13
2.75604e-13
3.77965e-13
5.02416e-13
5.97328e-13
7.19746e-13
4.43877e-13
5.3505e-13
6.86077e-13
7.72846e-14
1.06906e-12
3.38956e-13
5.7112e-13
2.61986e-13
3.9942e-13
9.73761e-13
1.39045e-13
5.37453e-13
5.55253e-13
6.87444e-13
4.28351e-13
1.86557e-13
1.53767e-12
1.83106e-13
5.00315e-13
3.41898e-13
4.92127e-13
2.74547e-13
1.54711e-13
1.33126e-12
6.91939e-13
5.71553e-13
9.50806e-13
5.01396e-13
6.03391e-13
4.41511e-13
8.56727e-13
2.74833e-13
3.88237e-13
8.66472e-13
1.50305e-12
2.56065e-13
3.82609e-13
2.20285e-13
4.32604e-13
3.59345e-13
8.11408e-13
3.55298e-13
8.27822e-13
2.32831e-13
5.73997e-13
7.10076e-13
3.36079e-13
4.57704e-13
5.1682e-13
1.92036e-13
4.83934e-13
4.14315e-13
4.51042e-13
4.00268e-13
3.49459e-13
4.44835e-13
3.87856e-13
3.58308e-13
6.1719e-13
9.30655e-13
4.46975e-13
7.13617e-13
5.31418e-13
1.20439e-13
6.75255e-14
3.76903e-13
3.19068e-13
1.82613e-13
7.28411e-13
5.75753e-13
3.19278e-13
3.13869e-14
3.61207e-13
3.67762e-13
3.01918e-13
4.56401e-13
2.50981e-13
8.76649e-14
7.72166e-13
1.2883e-12
5.18732e-13
9.53251e-13
6.88176e-13
3.60621e-13
3.45275e-13
9.31896e-13
