n=32
J=0.707107
eta=1
mu=0.0962025
beta-optimal=0
max-overlap=0
0.281403
0.295626
0.253681
0.238839
0.217181
0.201788
0.202767
0.188642
0.161774
0.165077
0.168349
0.141105
0.15611
0.139455
0.114898
0.135302
0.116958
0.119098
0.126374
0.110583
0.0954541
0.105554
0.0961595
0.100081
0.0935704
0.0956426
0.0922926
0.0816174
0.0861298
0.0794552
0.0833403
0.0764677
0.0814769
0.0714486
0.0717907
0.0693882
0.0619412
0.065626
0.0560808
0.0619449
0.0556275
0.0590327
0.0580986
0.0595198
0.0553504
0.055509
0.0577373
0.0520268
0.0499083
0.0536868
0.0510939
0.0496759
0.0473499
0.0498038
0.0465239
0.0477766
0.0450047
0.0468202
0.0441496
0.0435448
0.0438172
0.0402132
0.0397559
0.0401454
0.0369285
0.0384634
0.0381959
0.0366542
0.036646
0.036718
0.0361086
0.0328102
0.0337096
0.0370149
0.0329673
0.034772
0.0293228
0.0315847
0.0316743
0.0293314
0.0286543
0.0306413
0.0270143
0.028153
0.0297876
0.0256077
0.0279469
0.028463
0.0264468
0.0263693
0.0250434
0.0252246
0.0264612
0.0250491
0.0245818
0.0243192
0.0236201
0.0221425
0.0240459
0.0249382
0.0246104
0.0213109
0.0230675
0.0228385
0.0223719
0.0218799
0.0204857
0.0213937
0.0212624
0.0218861
0.0200987
0.0202571
0.0196253
0.019286
0.0186881
0.0212583
0.0200348
0.0187183
0.0187984
0.0181904
0.0182663
0.0173087
0.0183184
0.0173274
0.017025
0.0172065
0.0164124
0.0170458
0.0163653
0.0170969
0.0172575
0.0171245
0.0158694
0.0173753
0.0165625
0.0162623
0.016266
0.0168625
0.0147169
0.0143548
0.0139187
0.0140731
0.0150952
0.0145208
0.0152094
0.0139782
0.0138624
0.0144787
0.0139262
0.0144189
0.0138361
0.0132945
0.0134391
0.0124673
0.0123811
0.0131144
0.0126674
0.0125462
0.0116475
0.0126943
0.0126434
0.0114416
0.0121098
0.0118669
0.0114198
0.0116125
0.0111476
0.0115965
0.0107425
0.0114564
0.0110594
0.0111337
0.0106141
0.0108619
0.0102458
0.0100547
0.0100663
0.010438
0.0103393
0.00999026
0.0100157
0.00976228
0.00919238
0.00993625
0.00963587
0.00939372
0.00922861
0.0100085
0.00924095
0.00905139
0.00931891
0.00941105
0.00869236
0.00899631
0.00866341
0.00834841
0.00864856
0.00821309
0.00828438
0.00874365
0.00826389
0.00871415
0.0084852
0.00813601
0.00873055
0.0080037
0.00809107
0.00788568
0.00778541
0.00748089
0.00727601
0.00776779
0.0073833
0.00732409
0.00757283
0.00695629
0.00697966
0.00719387
0.00703285
0.00713648
0.0066498
0.00692771
0.00700135
0.00688842
0.00644759
0.00668977
0.00659242
0.00632098
0.00643991
0.00687087
0.00611179
0.00651123
0.00600048
0.00612648
0.00568684
0.00611822
0.00573921
0.00599343
0.00589905
0.00579855
0.00594375
0.00583535
0.00577026
0.00554941
0.00550658
0.00513655
0.00533694
0.00528728
0.0051849
0.00533714
0.00520769
0.00519859
0.0050374
0.00449949
0.00461621
0.00457918
