n=32
J=0.707107
eta=1
mu=0.0962025
beta-optimal=0
max-overlap=0
0.3374
0.2749
0.25289
0.224742
0.209921
0.208163
0.186504
0.180165
0.159605
0.165426
0.161342
0.146765
0.140706
0.124147
0.145224
0.129071
0.127197
0.121992
0.0937043
0.105634
0.099554
0.104584
0.0975958
0.0997165
0.0901136
0.0858196
0.0803967
0.0854341
0.0762749
0.0866151
0.076644
0.0757966
0.0848944
0.0764841
0.072948
0.0709124
0.0642466
0.0712494
0.0725134
0.0613718
0.0635979
0.0597974
0.0540203
0.0555359
0.0577734
0.0531607
0.0508505
0.0515083
0.0510437
0.0534272
0.0489791
0.0458916
0.0521679
0.0487789
0.0454783
0.0445476
0.0422137
0.0420827
0.0424667
0.0427056
0.0432166
0.041905
0.0389934
0.0426287
0.0394676
0.0387528
0.0406344
0.0366696
0.0394052
0.037531
0.0337985
0.0363563
0.0335253
0.0374654
0.0345258
0.0350855
0.030887
0.0326357
0.0319357
0.0283624
0.0328893
0.0306229
0.0310948
0.0315901
0.0299703
0.0300726
0.0293996
0.0268666
0.0279702
0.0295579
0.0264368
0.0278049
0.02661
0.0263457
0.024446
0.0247634
0.0249797
0.0254416
0.025643
0.0238168
0.0238718
0.0231128
0.0235077
0.0211486
0.0218887
0.021335
0.0231316
0.0219769
0.0209777
0.0210881
0.0201708
0.0215679
0.0216515
0.0201344
0.0193946
0.0200191
0.0182178
0.0187391
0.0199371
0.0179799
0.0195609
0.0184572
0.0174358
0.0178948
0.0178878
0.017409
0.0172974
0.0172565
0.0180312
0.0182703
0.0167938
0.0174482
0.0177263
0.0163782
0.0167217
0.0176074
0.0142609
0.0152737
0.0171991
0.0158245
0.0160504
0.0145467
0.0141376
0.0148507
0.0149895
0.014016
0.0146459
0.0149811
0.0142469
0.0133702
0.0133433
0.01342
0.0132347
0.0132416
0.0136514
0.0134819
0.0123845
0.0126737
0.0121987
0.0125434
0.0122322
0.0117318
0.012986
0.011986
0.0122215
0.0121242
0.0116908
0.0113248
0.0118868
0.0119581
0.0113039
0.0105512
0.0113692
0.0110331
0.0109638
0.0107304
0.0105365
0.010514
0.0105978
0.010394
0.00968687
0.0105523
0.00960556
0.0101985
0.00984844
0.00937436
0.00996284
0.00952918
0.0091827
0.00974403
0.00910384
0.00868093
0.00939094
0.00935786
0.00844646
0.00912825
0.00889231
0.00886386
0.00842942
0.00869486
0.00894148
0.00831731
0.00875657
0.00840181
0.00852894
0.00842224
0.00859693
0.00760591
0.0081332
0.00759562
0.0080251
0.00819139
0.00789578
0.00777603
0.00746838
0.00768302
0.00745353
0.00760932
0.00705085
0.00725782
0.00764268
0.0068494
0.00705086
0.0067326
0.00728976
0.00680343
0.00675152
0.00696509
0.00674928
0.00676485
0.0066145
0.00650098
0.00626642
0.00605753
0.00659049
0.0064472
0.00603268
0.00586205
0.0059836
0.00613821
0.00591005
0.00587623
0.00564774
0.00594683
0.0054201
0.00566176
0.00542599
0.00557195
0.00527497
0.00520531
0.00483385
0.00489271
0.00509572
0.00498937
0.00479051
0.00470989
