n=32
J=0.707107
eta=1
mu=0.187342
beta-optimal=0
max-overlap=0
0.202713
0.184807
0.182293
0.176523
0.180314
0.170656
0.158371
0.157522
0.151059
0.144604
0.136821
0.140416
0.135381
0.131257
0.125171
0.124135
0.123816
0.119867
0.117993
0.115452
0.11207
0.109841
0.110194
0.110876
0.106382
0.107879
0.105226
0.10403
0.096575
0.0980465
0.0941129
0.0944455
0.0891103
0.0908447
0.0901153
0.0884629
0.0869516
0.0892121
0.0875724
0.084464
0.0831171
0.0813442
0.0782126
0.0808658
0.0765733
0.0749499
0.0762419
0.0772132
0.0745861
0.0720393
0.0730563
0.0725344
0.0698301
0.0676847
0.0687118
0.0668601
0.0678391
0.0656063
0.0662505
0.0664717
0.0646528
0.0642434
0.0624853
0.0641993
0.0614951
0.0600522
0.0612979
0.0594969
0.0604268
0.0592734
0.0576054
0.0585018
0.0576956
0.0556915
0.0548165
0.0549154
0.0544472
0.05372
0.0528551
0.0544974
0.0527667
0.0524982
0.0508087
0.0511107
0.048394
0.0495875
0.0496871
0.0508382
0.0493459
0.0472648
0.047961
0.0464342
0.0469606
0.0460369
0.0446391
0.0455499
0.046804
0.0448933
0.0445759
0.0451536
0.0437847
0.0428211
0.0418769
0.0422219
0.0427139
0.0428843
0.0429313
0.0406485
0.040576
0.0407458
0.038732
0.0414567
0.0405417
0.0405206
0.038952
0.0394697
0.0383286
0.0379954
0.0382048
0.0369611
0.0367039
0.0360689
0.0363425
0.0354614
0.0347399
0.0356387
0.0356574
0.0350619
0.0344852
0.0344882
0.0351318
0.0336387
0.0336064
0.0343425
0.0335505
0.0332341
0.0326112
0.0325484
0.0317722
0.031623
0.0320207
0.0305193
0.0314809
0.03104
0.0308385
0.0305326
0.0299153
0.0305118
0.0296753
0.029483
0.0289186
0.028836
0.0285143
0.0283973
0.0287802
0.0279501
0.0277184
0.0279245
0.0277498
0.0278256
0.02683
0.027072
0.0264496
0.0262917
0.0257446
0.025801
0.0263974
0.0259938
0.0259175
0.0258168
0.0257489
0.0250016
0.0250261
0.0250074
0.0246039
0.0246737
0.0247405
0.0241094
0.0239966
0.0240022
0.0244531
0.0239808
0.023631
0.023594
0.023447
0.0229403
0.0227869
0.0225465
0.022587
0.0223221
0.0221076
0.0217819
0.0225218
0.0219082
0.0221346
0.0213412
0.0213873
0.0213681
0.0209425
0.021028
0.0203934
0.0208323
0.0209592
0.0205877
0.020232
0.0198572
0.0199573
0.0195478
0.019799
0.0194399
0.0192226
0.0191997
0.0186851
0.0188046
0.0189809
0.0188583
0.0186877
0.0183056
0.0183457
0.0181501
0.0180971
0.0178201
0.0171756
0.0175729
0.0177793
0.0176895
0.0169943
0.0169652
0.0168759
0.0167992
0.017
0.0167357
0.0168222
0.0165508
0.0167619
0.0160009
0.0160039
0.0157505
0.015664
0.0155489
0.0156605
0.0153362
0.0153765
0.015459
0.0154224
0.0151165
0.0148959
0.0146915
0.014545
0.0142968
0.0140248
0.0145757
0.0137339
0.0138139
0.0136913
0.0135161
