n=32
J=0.707107
eta=1.01266
mu=0.0253165
beta-optimal=0
max-overlap=0
0.0140519
0.00824623
0.00815234
0.00577256
0.0015872
0.00144975
0.00226613
0.0010126
0.000482691
0.000274466
0.00125226
0.00126188
8.89058e-05
0.000540188
0.000418424
0.00082656
0.00236806
0.000197776
0.00217737
0.000142431
0.000215654
0.000328453
0.000451363
0.000923016
0.00186807
0.000440161
0.00123206
0.000102417
0.000322649
0.00156679
0.00040007
3.08601e-05
0.00130531
3.9379e-05
0.000283087
0.000552753
0.000488165
0.000594232
0.000230061
0.000268266
0.000656432
0.000310701
0.000127669
0.000376697
0.00124496
0.000157636
6.79485e-05
0.00105996
0.00046234
7.16495e-05
0.000494938
0.000241324
0.000896868
0.000306007
0.000181399
0.000131549
0.000453261
0.000209689
0.000544613
0.000126546
0.000189372
0.000171386
3.58474e-05
0.00074055
0.000534791
0.00048339
0.000335986
0.000189387
0.000260837
0.000613167
0.000315476
0.000209821
0.000344889
0.000135666
3.02934e-05
0.000565763
0.000180246
0.000373233
0.000271786
0.000375014
2.37327e-05
0.000700782
0.000513288
5.4035e-05
3.32839e-05
0.000146674
1.75164e-05
9.19878e-05
3.72478e-05
0.000462067
0.000111635
7.53672e-05
0.00010532
0.000131874
0.000116259
0.000212589
0.000250889
0.000364309
4.13878e-05
4.85856e-05
0.000163015
0.000155796
0.000259625
1.06935e-05
2.69676e-05
0.000145044
8.95968e-05
3.59867e-05
2.5642e-05
0.000191411
0.000271352
3.07149e-05
0.000207328
2.81397e-05
0.000259365
3.76941e-05
9.59895e-06
1.65894e-05
0.000120501
7.78937e-06
1.46546e-05
0.00016267
0.00031735
6.36551e-05
0.000347905
0.000194258
3.21454e-05
3.91218e-05
4.19009e-05
9.09952e-05
3.01166e-05
4.61714e-05
9.75016e-08
4.20127e-05
6.90692e-05
0.000324967
0.000129136
0.000137974
0.000218522
0.000120639
0.000267827
0.000217956
7.62648e-05
3.24449e-05
0.000158584
0.000123825
7.20502e-05
0.000162334
5.49246e-05
7.85788e-05
3.04209e-05
7.97324e-05
0.000110527
5.43948e-05
4.21101e-05
3.41083e-05
9.29927e-05
4.85273e-05
4.0197e-05
0.000103238
5.26939e-05
0.000107945
0.000133143
5.29855e-05
5.40848e-05
0.000103824
0.000144282
0.000117612
0.000146694
8.41854e-05
0.000157605
0.000101021
0.000136118
1.31274e-05
0.000197099
0.000139324
8.27251e-05
2.35061e-05
0.000186773
3.01779e-05
0.000124359
1.0736e-05
9.18146e-05
9.99934e-05
2.08607e-05
8.48529e-05
6.69551e-05
2.04066e-05
2.12659e-05
1.39991e-06
6.84264e-06
1.27243e-05
0.000116222
0.000158695
5.71856e-05
3.23026e-05
6.17315e-05
8.91977e-05
3.50228e-05
1.05461e-05
7.02731e-05
7.70611e-05
7.90212e-05
0.000103585
7.50714e-05
0.000169776
8.63129e-05
4.76123e-05
8.49554e-05
5.25285e-06
0.000137801
1.2039e-05
3.38273e-05
1.06413e-05
8.98746e-05
4.03186e-06
9.78483e-05
0.000138356
2.9155e-05
4.29771e-05
2.8873e-06
3.77778e-05
9.03633e-05
1.11196e-06
0.000140028
8.86983e-05
7.39093e-05
0.000158949
3.31851e-05
8.18908e-05
7.93777e-06
7.46943e-05
8.11335e-05
0.000129845
0.000140701
2.25292e-05
1.37982e-05
6.24668e-05
0.000115444
0.000127874
4.07072e-05
0.000134121
0.000244594
9.83554e-05
4.48774e-05
4.08682e-05
3.30628e-05
0.000125594
0.000105245
6.82671e-05
6.85868e-05
2.20485e-05
1.48513e-05
3.84582e-05
4.02069e-05
6.49222e-07
