n=32
J=0.707107
eta=1.36709
mu=0.0607595
beta-optimal=0
max-overlap=0
0.00107493
0.00196001
7.16355e-05
0.00223308
0.00123235
0.000393207
0.000959632
0.000421037
0.00137446
0.000883264
0.000690064
0.000165774
0.000852556
0.000532351
0.00171371
0.000732828
0.00344776
0.000826383
0.000374512
0.00124232
0.000236089
0.000663147
0.000111156
7.12786e-05
7.11783e-05
0.00013676
0.000475917
0.000981731
0.00042939
0.000959185
0.00036821
0.000787971
0.00017168
0.000374673
0.00028721
0.000138118
0.000153145
0.000546506
0.000908904
0.000239923
0.000297013
0.000882711
0.000320969
0.000769685
9.41034e-05
0.000173116
0.000445084
0.000607298
0.000179407
0.000122604
0.000419918
0.000753258
4.76577e-05
7.59413e-05
0.000630819
0.000307387
0.000628901
0.000714174
0.000987873
0.00095572
4.82903e-05
0.000944373
0.00054621
2.38429e-06
0.000608849
0.000242026
0.00039878
0.000256265
2.38723e-05
0.000126128
8.64643e-05
0.000569761
0.00023746
0.000284343
0.000469747
0.000463244
0.00055775
0.000207461
0.000293665
0.00102773
6.20815e-05
0.000293589
5.6142e-05
2.44883e-05
0.000111808
1.27704e-05
0.000454836
2.23881e-05
0.000365004
4.47283e-06
0.000166796
0.000281819
9.11132e-05
0.000335741
0.000293267
0.000344258
0.000282163
3.49946e-05
0.000232001
0.000141656
0.000125896
0.00018936
4.84455e-05
0.000114739
0.000570921
1.9221e-05
0.000472903
0.000233735
0.000124479
0.000319947
2.64146e-05
0.000544337
0.000155424
5.00425e-06
0.000126936
8.63199e-05
0.000138358
0.000119938
0.000121781
3.39583e-05
0.000260063
0.000134191
0.000359283
0.000415143
1.67348e-06
0.000281072
3.33046e-05
4.67019e-05
0.000349328
0.000377875
0.000368076
2.92877e-05
0.00014156
1.70379e-05
0.000257421
2.46792e-05
4.92968e-05
0.000408217
0.000210724
0.000508498
0.000231987
9.9593e-05
0.000400759
1.79756e-05
5.27488e-05
0.000350314
0.000701557
0.000537478
3.19557e-05
0.00051556
8.26294e-05
0.000215764
0.000244202
5.33169e-05
0.000224237
0.000286703
0.000201049
0.000305056
0.000225051
0.000632375
0.000242313
3.11798e-05
0.00064871
0.000177341
0.000142531
0.000158841
0.000363426
5.31818e-05
0.000183506
0.000747264
2.3405e-05
0.000252044
0.000217656
0.000163018
3.7937e-05
0.00010377
0.000254629
4.43979e-05
8.78804e-05
0.000156719
0.000117588
0.000170121
9.75537e-05
0.000248884
0.000124535
0.000143611
0.000172104
8.46568e-05
4.34757e-06
0.00011226
0.00028501
0.000324882
0.000167296
0.000184806
6.52699e-05
0.000116871
0.00057866
0.00026323
0.00067219
0.000369651
2.55023e-05
9.6584e-06
8.5507e-05
0.000302795
5.6979e-05
0.000372768
0.000162632
0.000176068
6.78137e-05
7.36922e-05
0.000105348
0.000464314
1.61385e-05
0.000126158
0.000211667
0.000202082
0.000184847
0.000124197
0.00011791
2.90347e-05
7.3991e-05
2.27965e-05
0.000163745
8.93557e-05
0.000496384
3.77749e-05
0.000177838
0.000303447
5.61677e-06
2.13197e-05
0.000462573
6.03795e-05
0.00042917
0.000149829
1.40231e-05
0.000105566
0.000124935
7.55827e-05
0.00020262
0.00028888
0.000330666
0.0001836
0.000172237
4.13817e-05
0.000362491
0.000260083
0.000409628
5.49593e-05
0.000355692
0.000447383
0.000295864
0.000249217
5.58841e-05
0.000363216
0.000305697
0.000202869
