n=32
J=0.707107
eta=1
mu=0.043038
beta-optimal=0
max-overlap=0
0.556493
0.371525
0.284682
0.285984
0.22435
0.193821
0.126222
0.116614
0.121564
0.0982872
0.0785508
0.0796853
0.0904579
0.0648784
0.0632984
0.0723704
0.0728514
0.0558077
0.0567563
0.0392421
0.0346878
0.0398161
0.0413134
0.0460362
0.0343914
0.0351106
0.0228573
0.0342659
0.037783
0.0300019
0.0335837
0.0275192
0.0250096
0.0291674
0.0273239
0.0273444
0.0238509
0.0169789
0.0263609
0.0195045
0.0211968
0.0227998
0.0195932
0.0183793
0.0178889
0.0163521
0.0153446
0.0172495
0.0151248
0.0113244
0.0141234
0.0123101
0.0135355
0.0168049
0.0112861
0.0134046
0.0171367
0.0111004
0.0130286
0.0115094
0.0129055
0.0129702
0.0120846
0.0111233
0.0126314
0.00772887
0.00888989
0.00781093
0.0124831
0.00945297
0.00951197
0.00921393
0.00747573
0.00878887
0.00920695
0.00734434
0.00964352
0.00689035
0.00857123
0.00828174
0.00747162
0.00873789
0.0065772
0.00673982
0.00649403
0.00645979
0.00711851
0.00601018
0.00616069
0.00792864
0.00650463
0.00505781
0.00536027
0.00579711
0.00507063
0.00626905
0.00503369
0.00595472
0.00534829
0.00432016
0.00544284
0.00454883
0.00601298
0.00500119
0.00507215
0.00508043
0.00485124
0.00471695
0.00494931
0.00456955
0.0043489
0.0046769
0.00400188
0.00408505
0.00478898
0.00358938
0.00350251
0.00482772
0.00337232
0.00488028
0.00407724
0.00396624
0.0041224
0.00357746
0.00437259
0.00384113
0.00292879
0.00418622
0.00352132
0.00384457
0.00402178
0.00327843
0.00321718
0.00299947
0.00353454
0.00316417
0.00340822
0.00358524
0.00312784
0.00298557
0.00393156
0.00247855
0.00418147
0.00277106
0.00308247
0.00280826
0.00275513
0.0028857
0.00251324
0.00329377
0.00311756
0.00248406
0.00252156
0.00262009
0.00287796
0.00257576
0.00241017
0.00242297
0.00238826
0.00253332
0.00255215
0.00268188
0.00264405
0.00211343
0.00192407
0.00218014
0.00222063
0.00244087
0.00238743
0.00249593
0.00209473
0.00236183
0.00189929
0.00196321
0.00213079
0.00186229
0.00217108
0.00232175
0.00182232
0.00215159
0.00215904
0.00179923
0.0022432
0.00173758
0.00193284
0.00197736
0.00184013
0.00197358
0.00189149
0.00142266
0.00169882
0.00185204
0.00181777
0.00176825
0.00159567
0.0019045
0.00176642
0.00157257
0.00183341
0.00162485
0.0014108
0.00143753
0.00140621
0.00152864
0.00157541
0.00121791
0.00149952
0.00153767
0.00126959
0.00139088
0.00132794
0.00140847
0.00138327
0.00155741
0.00107798
0.00137921
0.00153501
0.00146035
0.0014867
0.00133985
0.00124221
0.00109484
0.00119203
0.00118485
0.00117364
0.001257
0.00132609
0.00133163
0.00123062
0.00112927
0.00108702
0.00121409
0.00107991
0.00113514
0.00103366
0.00136058
0.00119309
0.00117519
0.00110809
0.000920703
0.000973755
0.00107277
0.00105441
0.000960804
0.00100313
0.000864314
0.000746215
0.000785906
0.00103112
0.000847998
0.000826515
0.000856601
0.000905142
0.000937709
0.000812075
0.000809598
