n=32
J=0.707107
eta=1.13924
mu=0.0531646
beta-optimal=0
max-overlap=0
2.04213e-11
2.53613e-11
6.10066e-12
1.19116e-11
5.06687e-12
1.45188e-11
1.62774e-11
1.42273e-11
1.04417e-11
9.67777e-12
3.96687e-12
1.2654e-11
1.18111e-11
4.41523e-12
6.05901e-12
6.29836e-12
5.82618e-12
2.72505e-12
4.79832e-12
7.36234e-12
4.03773e-12
9.61295e-12
4.3729e-12
5.01412e-12
5.97818e-12
3.22829e-12
3.95904e-12
6.33825e-12
4.53134e-12
2.25532e-12
1.99706e-12
3.93997e-12
7.86012e-12
8.25927e-13
5.4448e-12
1.2008e-11
6.27807e-13
2.75758e-12
2.44308e-12
2.64496e-12
1.50667e-12
2.12006e-12
2.75285e-12
4.48934e-12
9.41875e-13
4.79972e-12
4.60415e-12
6.82986e-13
9.6998e-13
2.41169e-12
2.14793e-12
3.16535e-12
1.50184e-12
3.39094e-12
2.35047e-12
1.16402e-12
1.23015e-12
2.74578e-12
1.76291e-12
4.30905e-12
1.30999e-12
4.12801e-13
7.87195e-13
1.69777e-12
1.57804e-12
4.57741e-12
1.31152e-12
1.21962e-13
2.4536e-12
1.95639e-12
1.56479e-12
1.11156e-12
2.14934e-12
3.84805e-12
2.20279e-12
1.49414e-12
8.2867e-13
1.66108e-12
1.15614e-12
2.64968e-12
2.76605e-12
7.20031e-13
9.44712e-13
1.23076e-12
6.85296e-13
3.7827e-13
1.73545e-12
7.14723e-13
2.0146e-12
1.32646e-12
1.40852e-12
1.80809e-12
2.9359e-12
1.90282e-12
2.91761e-13
4.76491e-13
9.24609e-13
5.37039e-13
9.69696e-13
1.24758e-12
1.48755e-12
1.51006e-12
4.87131e-13
3.23593e-12
7.16467e-13
1.52652e-12
5.44139e-13
2.02674e-12
1.53252e-12
2.31666e-12
6.40162e-13
6.67964e-13
8.41581e-13
1.32078e-12
3.61078e-13
1.38325e-12
1.05924e-12
1.0323e-12
6.49873e-13
1.04831e-12
1.22102e-12
4.37506e-13
6.55444e-13
7.69937e-13
1.92809e-12
8.91327e-13
4.74392e-13
2.03674e-12
1.53863e-12
7.71705e-13
2.19388e-12
4.23192e-13
2.05184e-13
5.71721e-13
1.01553e-12
9.15377e-13
1.03287e-12
1.78357e-12
1.07997e-12
4.57864e-13
2.8254e-13
4.40578e-13
1.70302e-12
4.2437e-13
1.60623e-12
3.65724e-13
7.30014e-13
8.21738e-13
1.60517e-12
7.16025e-13
4.69143e-13
5.01796e-13
7.33726e-13
3.64765e-13
9.29847e-13
4.48244e-13
8.87212e-13
2.18199e-13
1.56703e-13
1.71212e-12
2.20639e-13
2.91651e-13
1.17035e-12
6.90568e-13
1.55099e-12
6.35202e-13
6.79188e-13
5.94101e-13
1.05381e-12
1.63743e-13
1.31054e-12
5.0728e-13
3.44851e-13
7.39323e-13
5.61757e-13
9.89052e-13
6.73604e-13
5.7961e-13
8.56733e-13
5.06946e-13
5.04009e-13
4.07826e-13
8.08104e-14
2.7322e-13
1.42568e-12
3.89184e-13
3.38678e-13
6.69959e-13
5.45948e-13
4.57498e-13
1.01149e-12
1.11096e-12
7.62339e-13
6.04555e-13
5.60164e-13
2.75851e-13
9.27668e-14
7.22067e-13
2.79108e-13
5.28898e-13
1.05085e-12
1.01503e-12
8.85902e-13
6.77878e-13
6.65121e-13
5.83606e-13
1.4433e-13
7.71634e-13
6.55702e-14
5.04211e-13
3.50274e-13
8.46057e-13
5.62826e-13
9.05928e-13
1.52031e-12
4.96097e-13
3.1775e-14
1.9715e-13
1.28271e-12
2.73588e-13
1.82439e-13
2.83425e-13
1.11033e-13
3.04343e-13
9.20725e-13
7.02846e-13
8.62475e-13
5.23755e-13
4.04677e-13
6.48872e-13
6.56384e-13
1.71075e-13
5.27335e-13
2.47411e-13
4.47808e-13
6.60695e-13
8.53779e-13
9.85072e-13
5.28608e-13
2.09531e-13
9.96188e-13
9.39581e-13
1.54001e-12
1.93556e-13
2.05219e-13
8.79021e-13
3.36766e-13
3.56384e-13
4.45742e-13
6.68179e-13
8.8983e-13
5.8926e-13
1.20165e-12
1.48981e-13
6.1245e-13
5.71503e-13
