n=32
J=0.707107
eta=1.24051
mu=0.0759494
beta-optimal=0
max-overlap=0
0.000464936
0.000427301
0.00310584
0.00428941
0.000262309
0.00112961
0.00219451
0.00236763
0.00142793
0.0020793
0.000314705
0.00166929
0.00158396
0.0018762
0.0013705
0.00182635
0.000709712
0.00149319
0.00174409
0.000452027
0.000663663
0.000896841
0.000250824
0.00154076
0.000100591
0.000100963
0.00127985
0.000124451
0.00115556
0.000425435
0.00158848
0.000320767
0.000993143
0.000762188
0.000171404
5.20402e-05
0.000307522
0.000927714
0.00040346
0.000266538
0.000238409
0.000862921
0.000595119
0.000298616
2.74043e-05
0.000350413
0.000652993
0.000565759
0.000230422
0.000791139
0.00121453
0.000284514
5.80042e-05
0.00235816
0.000308235
0.00069197
0.000230074
0.000834404
0.000147604
0.000925845
0.00115283
0.00128216
0.000204741
0.000917221
7.88158e-05
7.13127e-05
0.000104479
1.99963e-05
2.50291e-05
0.000764046
0.000467657
0.000695204
0.000774303
0.00104321
0.000491597
0.000592147
0.000650929
0.000115633
0.00133097
5.75464e-05
0.00012912
0.000471067
0.000258337
0.00045213
0.000475816
0.000119312
0.000439999
6.50007e-05
0.000586429
0.000373902
0.000289663
0.000706776
0.0006808
0.00112256
3.06271e-05
0.000300254
0.000100616
0.000562398
0.000660011
0.00030414
0.000152915
0.000937117
0.000320752
0.000608024
0.000371686
9.83805e-05
0.000306715
0.000256506
7.83063e-05
0.000215169
0.000258512
0.000223672
0.000418725
3.66341e-05
0.000113616
0.000184167
2.23425e-05
0.000203034
1.46709e-05
0.00113353
0.000291044
6.66216e-05
0.000190776
0.00021341
0.000172217
8.89546e-05
0.000490895
0.000112728
0.00034515
0.00075401
0.000297237
0.000271377
0.000186542
0.000346198
0.000893449
0.000328537
0.000642881
0.000297948
0.00033543
2.78787e-05
0.00024088
0.000482858
0.000249256
0.000413938
0.000407327
0.000214138
0.000182603
0.000164712
0.000180222
0.000494697
0.000608095
0.000335265
0.00015835
0.000102725
5.90672e-05
0.00022679
0.000289502
0.000162793
0.00011646
0.000176387
0.000252547
0.000248922
0.000429535
0.000533539
0.000365883
0.000275401
0.000267054
0.000339994
0.000139511
5.36356e-05
0.000160458
0.000172331
5.61258e-06
0.000192685
1.69732e-05
0.000468599
0.000236211
8.19195e-06
0.00057437
0.000275158
0.000378916
0.000125417
0.00013211
0.000403326
0.000686726
9.2184e-06
0.000207557
0.000406178
0.000516659
8.23982e-05
0.000108124
0.000446314
7.19648e-05
0.000248378
0.000469118
0.000216371
0.00015068
8.79987e-05
0.000335976
0.000552575
8.40707e-05
0.000213478
3.55415e-05
0.000417085
0.00027316
0.000191359
0.000238475
0.000247625
0.000118032
0.000213902
2.06248e-05
2.46894e-05
0.00016259
0.000166715
4.8844e-05
0.000300056
5.92754e-06
0.000480324
0.000102594
0.000487773
0.000304045
0.000177541
0.000163805
0.000213689
2.30805e-05
0.000144332
0.000236212
3.02816e-05
0.000379584
0.000491538
0.000260003
0.000115351
0.00029282
0.000235516
2.35408e-05
0.000346748
4.26653e-05
9.05333e-05
3.80738e-05
0.000420314
0.000385016
0.000276862
5.36221e-05
0.000271123
4.09244e-06
3.86539e-05
3.90012e-05
0.000288769
0.000267928
0.000304898
2.26595e-05
0.000524531
0.000268845
0.000173874
0.000335874
6.40052e-05
