n=32
J=0.707107
eta=1.18987
mu=0.0607595
beta-optimal=0
max-overlap=0
2.47016e-12
5.64737e-12
3.521e-12
7.23154e-12
9.30653e-12
7.62334e-12
4.2884e-12
5.16918e-12
1.39239e-12
5.58082e-12
8.6275e-12
1.33482e-12
5.3575e-12
5.1328e-12
4.75207e-12
5.83587e-12
1.33814e-12
1.70312e-12
4.00344e-12
2.43538e-12
2.51962e-12
2.52341e-12
1.87257e-12
4.50156e-12
3.30648e-12
3.56762e-12
1.67601e-12
1.85244e-12
8.60964e-13
4.75508e-12
4.49878e-13
1.18475e-12
1.40382e-12
2.39352e-12
2.26386e-12
1.03473e-12
5.1134e-12
9.74426e-13
1.22125e-12
2.01648e-12
3.6387e-12
6.90187e-13
1.77881e-12
2.08553e-12
1.24396e-12
5.11235e-13
5.24367e-12
3.78728e-13
7.92626e-13
5.21642e-13
1.55277e-12
3.95844e-13
1.28644e-13
1.40507e-12
6.74738e-13
1.05304e-12
1.80392e-14
9.13341e-13
1.52533e-12
7.96029e-13
2.29147e-12
1.24838e-12
1.06589e-12
9.93099e-13
6.47509e-13
1.84714e-12
7.22858e-13
1.51692e-12
1.35208e-12
6.84225e-13
1.26734e-13
4.90767e-13
9.10919e-13
9.51483e-13
5.66579e-13
1.0494e-12
5.94006e-13
1.06671e-12
2.14092e-13
7.36148e-13
2.15733e-12
7.70413e-13
1.78712e-12
7.23855e-13
1.37672e-12
1.92764e-13
7.032e-13
3.37177e-13
1.0379e-12
8.3307e-13
3.64098e-13
1.45666e-12
6.48994e-13
3.2011e-13
4.03203e-13
1.15159e-12
7.6142e-13
5.45842e-13
9.04412e-13
3.04102e-13
8.76737e-13
5.04751e-13
9.24481e-13
5.43852e-13
6.4929e-13
5.47508e-13
1.13507e-13
5.02038e-14
6.00596e-13
6.25447e-13
5.06999e-13
8.44419e-13
1.6562e-12
2.6161e-13
6.25708e-13
9.59912e-13
7.00984e-13
2.96826e-13
5.18782e-13
1.91517e-14
9.31618e-13
6.19351e-13
5.43465e-13
2.12958e-13
4.85439e-13
5.68067e-13
1.53107e-13
7.29348e-13
6.90215e-14
1.23621e-13
1.98384e-13
8.2647e-13
1.55101e-13
3.07213e-13
2.56095e-13
9.42028e-15
2.22951e-13
1.18609e-12
3.22103e-13
6.2448e-14
9.10654e-13
4.52503e-13
7.46821e-14
5.95295e-13
3.6072e-13
3.38537e-13
6.68068e-13
2.85653e-13
4.2472e-13
4.20141e-13
3.52884e-13
6.3827e-13
4.86798e-13
6.52311e-13
6.92864e-13
1.51936e-13
1.70102e-13
6.28357e-13
1.12282e-12
3.54169e-13
3.94626e-13
4.32414e-13
5.50068e-13
1.45167e-13
1.08549e-12
7.52682e-13
3.52511e-13
6.54717e-13
7.08378e-13
7.33796e-13
6.44524e-13
4.61042e-13
3.6749e-13
6.60065e-13
1.64107e-13
2.11856e-13
3.41283e-13
3.20799e-13
3.25109e-13
3.68463e-13
1.49871e-13
1.86955e-13
5.50689e-13
2.59747e-13
6.84257e-13
1.55811e-13
6.05069e-13
1.33597e-13
5.63061e-13
1.67023e-13
4.90891e-13
3.58346e-13
9.88329e-14
3.48192e-13
3.21191e-13
2.6116e-13
1.1818e-13
3.35267e-13
5.42101e-13
1.00849e-12
1.81981e-13
1.45873e-13
3.51269e-13
7.89393e-13
4.67687e-13
3.9614e-13
6.5636e-13
3.27242e-13
1.81799e-13
3.08876e-13
6.76907e-14
1.70151e-13
3.50339e-13
1.97855e-14
2.98529e-13
9.77519e-13
1.24682e-12
3.5901e-13
5.55423e-13
9.23055e-13
4.8989e-13
3.33308e-13
4.08985e-13
1.86756e-13
7.96321e-13
4.21204e-13
7.14846e-13
1.62405e-13
4.2767e-13
2.3664e-13
3.46011e-13
1.96962e-13
8.46306e-13
4.65622e-13
6.01223e-13
1.75334e-13
4.46105e-13
1.7266e-13
4.51519e-14
1.47702e-13
1.04912e-13
3.60705e-13
1.04524e-13
1.91093e-13
6.80143e-13
6.07208e-13
5.11481e-13
2.97995e-13
2.08707e-13
5.95712e-13
6.43475e-13
1.51664e-13
4.61396e-13
4.4332e-13
3.49135e-13
4.06149e-13
