n=32
J=0.707107
eta=1.89873
mu=0.108861
beta-optimal=0
max-overlap=0
0.000722054
0.00153406
0.000273473
0.00177229
0.0011396
0.000412311
0.000797166
9.31549e-05
0.00117371
0.000892936
0.00025812
8.46024e-05
0.000776815
0.000420191
0.00165454
0.000815454
0.0028262
0.000647544
0.000443945
0.00143095
0.000154681
0.000675207
5.4079e-05
5.86216e-06
0.000156615
2.85584e-05
0.000446736
0.000985159
0.0004717
0.00099175
0.000444659
0.000811171
0.000210004
0.000264062
0.000304991
0.00012384
0.000354549
0.000543516
0.00100243
0.000303389
0.0002058
0.000988764
0.000424116
0.00083614
7.12572e-05
0.00020043
0.000414401
0.000778131
0.000104152
0.000189348
0.000477283
0.000762537
5.97013e-05
0.000179818
0.000592868
0.000349597
0.000721507
0.000880328
0.00120152
0.00105365
2.62732e-05
0.00109878
0.000604094
6.8644e-05
0.000869806
0.000357138
0.000430317
0.000407499
0.000117209
0.000128559
5.55494e-05
0.000642583
0.000212638
0.000276132
0.000540292
0.000553528
0.000629839
0.000273567
0.000315235
0.00118781
0.000129521
0.000425302
0.000148822
7.69657e-05
0.00025883
3.65491e-05
0.000772396
0.000154824
0.000471111
1.54856e-05
0.000237039
0.000327853
4.18573e-05
0.000465006
0.000439307
0.000569315
0.00031755
9.78394e-05
0.00024026
8.50526e-05
0.00022052
0.000216635
8.85125e-05
0.00010258
0.000742429
0.000106808
0.000623262
0.000319988
0.00022877
0.000322653
6.10434e-05
0.000667991
0.000187567
2.26804e-05
0.000200947
7.1387e-05
0.000192627
0.000230883
0.000156922
1.41481e-05
0.00035968
0.000172173
0.000415015
0.000569157
8.48908e-05
0.000296521
2.56278e-05
0.000117379
0.000511464
0.000478248
0.000445491
2.80416e-05
0.000212258
1.33731e-05
0.000303206
8.34144e-05
0.000107327
0.000494275
0.000273375
0.000739836
0.000386863
0.000134393
0.000513809
3.82113e-05
2.29819e-05
0.000362823
0.000923697
0.000750007
4.39995e-05
0.000670849
0.000137005
0.000316499
0.000292821
4.71863e-05
0.000380032
0.000555136
0.000394351
0.000347017
0.000312272
0.000819902
0.000408161
1.16395e-05
0.000830591
0.000187412
0.000191421
0.000188563
0.000493161
0.000137175
0.000281037
0.000966201
1.2587e-06
0.000294437
0.000248788
0.000273086
4.73778e-05
0.000153342
0.000318622
0.000209038
0.00023311
0.000256412
0.000162635
0.000300201
0.000187455
0.000255525
0.000148443
0.000240503
0.000202509
0.000137291
8.90206e-06
0.000192091
0.000414946
0.000443402
0.000330282
0.000329134
0.00010144
0.000148368
0.000827946
0.000404258
0.000905924
0.000536438
8.7967e-06
3.21139e-06
0.000107895
0.000418405
5.03026e-05
0.000585208
0.000241474
0.000219885
8.50902e-05
0.0001618
0.000210112
0.000687386
1.99702e-06
0.000247002
0.000267516
0.000266932
0.000223209
0.000180019
0.000210544
6.70739e-05
0.0001787
1.37222e-05
0.00025713
0.000187199
0.000737282
8.31948e-05
0.000252345
0.000392192
1.06996e-05
2.12454e-05
0.00073687
0.000117082
0.000646606
0.000228289
3.56299e-05
0.000136067
0.000124208
0.000165493
0.000371808
0.000508958
0.00047807
0.000288979
0.00025637
1.171e-05
0.000544817
0.000378145
0.000622132
8.81476e-05
0.000529846
0.000638074
0.000487946
0.000331952
9.25368e-05
0.000473713
0.00052767
0.000266205
