n=32
J=0.707107
eta=1.11392
mu=0.0632911
beta-optimal=0
max-overlap=0
0.00116214
0.00405503
0.000519483
0.00301494
0.00443556
0.0019371
0.000260447
0.00433142
5.34804e-05
1.03112e-05
0.00432974
0.000159458
0.000515119
0.000961024
0.000168727
0.00204584
0.000631115
0.000991768
0.000278131
0.000442692
0.00310963
0.00299346
0.000337695
0.000735941
0.0010662
0.000464895
0.00261697
0.00107563
0.000221876
0.000700383
0.000888455
0.00173302
0.00115118
1.18125e-06
0.000604409
0.00074222
0.000454421
0.00086068
0.000297767
0.000936843
0.000548143
0.00022203
5.99703e-05
0.000975045
0.000394484
0.000919023
0.00140518
0.000770083
0.000583834
0.000840496
0.00232044
0.000229374
0.000330207
0.00120999
0.00101067
0.00102025
0.0012942
0.00132251
9.38785e-05
0.000503635
0.000997513
0.000904811
0.000341028
0.000807864
0.000258581
2.66933e-05
0.000593737
0.000997892
0.000626691
0.000225596
4.01278e-05
8.25178e-05
5.77519e-05
0.000330164
0.0012302
0.000223853
0.000365652
0.000222965
2.41068e-05
0.000284944
0.000318343
0.00047572
0.000527453
0.000929031
6.95732e-05
0.00116309
0.000163037
0.000841923
0.0001524
0.000110275
0.000687611
0.000409285
0.00030008
0.000490846
0.000401889
0.000495565
2.64731e-05
0.000392719
3.2082e-05
0.000668982
0.000101709
2.29316e-05
0.000512282
0.000900697
2.29614e-05
0.000962814
0.000216274
0.000846822
5.62707e-05
0.000431334
0.000367972
0.000366518
1.81838e-05
4.10095e-05
8.01296e-05
0.000414216
0.000299441
7.22099e-05
0.000803272
2.4451e-05
8.38239e-05
0.000158454
9.91929e-05
1.81244e-05
0.000166234
0.000384777
0.000745039
6.58977e-05
0.00026844
0.000180975
3.71022e-05
7.17395e-05
0.000540556
0.000315537
0.000119633
0.000364265
0.000241939
0.000222464
0.000283802
0.000231418
0.000483232
4.84647e-05
0.000133348
8.92221e-05
3.8822e-05
0.000180161
0.00068025
1.70704e-05
0.000158938
0.000513197
0.000147108
0.000209955
0.000177274
8.6415e-05
4.33402e-05
0.000301658
0.00011378
2.74793e-05
0.000202272
0.000338793
5.44418e-06
4.96105e-05
0.000716796
6.13198e-05
7.25949e-05
0.000314663
0.000205959
9.72203e-05
0.00037591
0.000667575
4.8925e-05
0.000202164
0.00013369
0.00018431
0.000310946
2.26951e-05
9.94541e-05
5.96723e-05
0.000345041
4.84555e-05
0.000148813
4.78518e-05
0.000356985
2.97415e-05
0.000270314
0.000476498
0.000208731
2.4953e-05
9.27353e-06
7.77407e-05
0.000232094
1.78402e-05
0.000162469
4.2102e-05
6.86572e-05
0.000179806
9.49408e-05
5.22613e-05
0.000126634
0.00037906
0.000131824
8.57706e-05
4.17288e-05
0.000173794
4.52054e-05
0.000327882
0.000170043
7.0931e-05
0.000167697
5.0287e-05
0.000249723
0.000139172
1.96351e-05
0.000154557
0.000549344
0.000160915
0.000176409
0.000414943
0.000377261
2.80975e-05
6.64025e-05
0.000262773
1.00537e-05
0.000402676
0.000181106
0.000192156
8.00096e-06
0.000148104
0.000554034
0.000103919
0.000142496
0.000518374
0.000124461
0.00013352
0.000305626
4.19147e-05
0.000110401
0.000193918
0.00014249
0.000204556
1.70059e-05
3.37603e-05
0.000108473
0.000273312
0.000108754
5.1686e-06
0.000125161
0.000269254
0.000192561
9.40736e-05
0.000379406
0.000316131
0.000146884
5.04102e-05
1.6777e-05
7.80185e-05
