n=32
J=0.707107
eta=1.16456
mu=0.043038
beta-optimal=0
max-overlap=0
0.00139896
0.0027511
0.000594371
0.00280016
0.00104348
0.000124903
0.00116238
0.000493491
0.00167595
0.000950249
0.0011444
0.000548137
0.000717216
0.000758486
0.00186577
0.000608952
0.00421636
0.000966817
0.000238502
0.000937041
0.000388532
0.000547711
0.000143961
0.000251639
0.000120606
0.000211339
0.000506104
0.00105789
0.000233242
0.000891811
0.000541817
0.000770855
0.000126512
0.00044039
0.000344515
2.15567e-05
0.000151512
0.000462118
0.00081505
0.000254503
0.000308276
0.000788758
0.000239282
0.000683429
7.76203e-05
0.000196857
0.000532346
0.000588817
0.000168823
8.18449e-05
0.000429022
0.000655873
0.000112377
9.22504e-05
0.000617691
0.000203864
0.000469216
0.000691035
0.000807328
0.000802492
9.56471e-05
0.000770623
0.000525298
7.85827e-05
0.000429291
0.000149889
0.000351871
0.000124865
4.87025e-05
5.55705e-05
0.000192374
0.000516057
0.000156907
0.000322419
0.000457042
0.000377474
0.000519035
0.000175189
0.000226141
0.000902292
2.12553e-05
0.00016094
3.89891e-05
0.000136076
5.6848e-06
5.53061e-05
0.000275168
1.04018e-05
0.000311909
0.000104425
0.000156971
0.000258206
0.000116973
0.000250059
0.000195483
0.000245354
0.000272203
8.27008e-06
0.000246916
0.000181954
9.09769e-05
0.00022163
7.90865e-05
0.00014072
0.000468966
2.74983e-05
0.000381627
0.000148274
7.41343e-05
0.000349998
8.69877e-05
0.000437961
0.000150398
2.49888e-05
3.53398e-05
2.62581e-05
0.000148672
7.577e-05
9.37805e-05
5.81018e-05
0.00022693
9.4676e-05
0.000292544
0.000308048
2.05621e-05
0.000215003
4.37676e-06
1.50796e-05
0.000259541
0.000289459
0.000315458
0.000105188
0.000150996
3.19635e-06
0.00023527
6.71946e-05
2.33347e-05
0.000357659
0.000163284
0.000379324
9.38243e-05
6.20355e-05
0.000372395
3.88508e-05
6.84357e-05
0.000314815
0.000607687
0.000389755
2.71025e-05
0.000397135
4.2687e-05
0.000136025
0.000195392
9.9626e-05
0.000157773
0.000191529
0.000118214
0.000253314
0.000181593
0.000503202
0.000190307
1.44135e-05
0.000547201
0.00016864
0.000110216
0.000143958
0.000286309
2.08523e-05
0.00012601
0.000641663
1.27262e-05
0.000225525
0.000172185
0.000126206
2.47004e-05
0.00011056
0.000163638
5.73719e-05
2.31292e-05
0.000161593
9.42683e-05
0.000123388
4.25668e-05
0.000217146
7.44815e-05
7.60378e-05
0.000139251
6.61032e-05
3.60225e-06
8.62135e-05
0.000182371
0.000243348
9.0098e-05
0.000132476
6.45333e-05
0.000106814
0.00041188
0.000188317
0.00056693
0.000266574
3.46347e-05
4.11291e-05
7.77286e-05
0.000245188
7.82949e-05
0.000233418
0.000131794
0.000162386
4.67419e-05
3.72343e-05
5.02425e-05
0.000328214
2.19748e-05
3.72863e-05
0.000168659
0.000148433
0.00013742
6.05619e-05
7.89295e-05
1.11828e-05
2.40715e-05
2.75521e-05
0.000116286
5.03249e-05
0.000422627
8.12972e-06
0.000135582
0.0002432
1.08353e-05
4.03359e-05
0.000330392
5.04266e-05
0.000289389
8.98587e-05
1.85416e-05
5.46126e-05
0.000128666
4.45951e-05
8.21718e-05
0.000206872
0.000244725
0.000149729
9.83875e-05
5.99781e-05
0.000260686
0.000200808
0.00027896
3.10751e-05
0.000268702
0.000385045
0.0001769
0.000217238
1.15267e-05
0.000311606
0.00018935
0.000174122
