n=32
J=0.707107
eta=1.11392
mu=0.0556962
beta-optimal=0
max-overlap=0
0.000194313
0.00193345
0.00573378
0.000356752
0.0022815
0.000697522
0.00599471
0.000512013
0.00144321
0.00160987
0.00124585
0.00128757
0.0021029
0.000771582
0.000628383
0.00227535
0.00122349
0.000399548
0.000436957
0.00128552
0.00200232
0.00155894
0.000518036
0.000120641
0.000543545
0.000276049
0.000637639
0.00191445
0.000987139
0.000212232
0.00069537
0.00161413
0.00144085
0.000278478
0.00109076
0.00158836
0.00224725
7.97065e-06
0.00201931
0.000608476
0.000785472
0.000937725
0.000149955
4.47863e-05
0.000170905
0.00151506
4.17526e-05
0.000471403
0.000254088
5.68051e-05
0.00088703
0.00024308
0.000327117
0.00172872
0.000419111
0.000278648
0.000234899
0.00133147
0.000851602
0.00108571
2.36458e-05
0.000753908
0.00141752
0.000533315
0.000130856
8.78683e-05
0.000195722
7.44401e-05
0.00011782
0.000108127
0.000392055
0.000709957
0.000433756
0.000379812
0.000291226
0.000542854
1.79732e-05
0.00127505
0.000712366
0.000646473
0.000754226
0.000579135
0.000688452
0.000611936
4.48414e-05
0.000437567
0.000626018
0.00041286
0.000168162
0.00052919
0.000688408
0.000135547
0.000152331
0.00021307
0.000412989
0.000673374
0.000214353
0.000669936
6.49393e-05
0.000288093
0.000516943
5.82982e-05
0.000222604
0.000199478
0.000174952
0.000641241
0.000202922
5.52027e-05
0.000115275
0.000142042
4.29878e-05
0.000219878
0.000282925
0.000553983
0.000458404
0.000134546
6.65257e-05
0.000505256
6.96327e-05
0.000194193
9.13557e-07
0.000605347
0.000153366
0.000213659
0.000475459
0.000234698
0.000670688
0.000218747
0.000559858
0.000161071
3.88886e-05
3.69825e-05
9.19635e-05
0.00016481
0.000197751
0.000173346
1.50358e-05
0.000174661
0.000345182
0.000652271
0.000115049
9.11828e-05
0.00036524
0.00043652
0.000396997
2.85298e-05
0.000307672
0.000185216
4.2307e-05
0.000281232
2.30594e-05
0.000425864
1.3794e-05
0.000185213
5.73941e-06
0.000225556
0.000131049
0.000348835
4.71332e-05
0.000492462
0.000433594
0.000113431
0.000131098
6.17676e-05
0.00020602
0.000236004
0.000199447
2.29461e-05
1.87238e-05
0.000191011
0.000475925
0.000251435
0.000191221
0.000223485
5.97584e-05
2.87352e-06
0.000153139
0.000146017
0.000164243
9.33125e-05
0.000129915
0.000107496
0.000175107
0.00102503
0.000275428
0.000101764
7.77553e-05
0.000108247
7.95544e-05
0.000327239
0.000285817
8.33686e-05
2.69248e-05
0.000219038
8.78956e-05
0.000377035
0.00016676
8.21383e-06
0.000120854
0.000131102
9.89198e-05
0.000210836
0.000238517
6.75786e-05
0.000240311
0.000309244
0.00036403
0.000279712
4.82589e-05
5.61436e-05
0.00013572
0.000239243
6.62007e-05
4.30443e-05
0.000298845
2.54576e-05
0.000365414
0.000245697
0.00018805
9.47994e-06
5.03225e-05
0.000260873
8.44191e-05
0.000541231
0.000286032
0.000150265
0.000245422
0.000360402
0.000148976
0.000144457
0.000214398
0.00015414
0.000124922
0.000194334
0.000394644
8.5572e-05
0.00029124
0.000183147
0.000238122
1.74046e-05
4.25149e-05
0.00020858
8.36165e-05
0.000169994
0.0001893
0.000501773
0.000252185
0.000284425
0.000388741
0.000119896
0.000322448
7.33456e-07
0.000157025
0.00020075
0.00016639
0.000107553
