n=32
J=0.707107
eta=1
mu=0.136709
beta-optimal=0
max-overlap=0
0.261593
0.227255
0.223269
0.212377
0.220134
0.201389
0.179045
0.179561
0.168104
0.15489
0.144248
0.151867
0.143642
0.137068
0.128166
0.126554
0.126411
0.120559
0.118853
0.113822
0.109265
0.105918
0.107243
0.108481
0.102515
0.104496
0.101137
0.0998963
0.0889676
0.0914552
0.0865626
0.0870556
0.0791944
0.0827318
0.0811902
0.079647
0.0774027
0.0817934
0.0794706
0.0749788
0.0729477
0.0702712
0.0666838
0.0707524
0.0648603
0.0639172
0.0656497
0.0668647
0.0639523
0.060417
0.0618863
0.0614933
0.0581874
0.0550403
0.0574241
0.0549937
0.056197
0.0538177
0.0546329
0.0551275
0.0527323
0.0524889
0.0506263
0.0530337
0.0490342
0.0477635
0.049809
0.0475764
0.0492424
0.0481124
0.0456728
0.0470365
0.045689
0.0436703
0.0427401
0.0427089
0.0426601
0.041898
0.0411772
0.0433288
0.0412621
0.0406789
0.0389345
0.0394783
0.0362915
0.0378299
0.0380309
0.03962
0.0380289
0.035422
0.0363339
0.0346548
0.0355773
0.0347929
0.0327688
0.0343099
0.0359212
0.0339355
0.0336195
0.0341898
0.0327269
0.0313588
0.0306156
0.0311501
0.0316932
0.0322404
0.0321136
0.0294704
0.029731
0.0299513
0.0276204
0.0309221
0.0298858
0.0298205
0.0280492
0.0288906
0.0276396
0.0272237
0.0277948
0.0264311
0.026344
0.025688
0.0259137
0.0249475
0.0243028
0.0252636
0.0255143
0.0248665
0.0242872
0.0243516
0.0251659
0.0236023
0.0236701
0.0245055
0.0235822
0.0234015
0.0228477
0.0227302
0.0219577
0.0218365
0.0222838
0.020698
0.0220084
0.0215655
0.0215037
0.0211327
0.0205884
0.0211886
0.0203514
0.0200985
0.0196481
0.0196793
0.0193997
0.019152
0.0196999
0.0189595
0.0187112
0.0190276
0.0189555
0.0190733
0.0178736
0.0182469
0.0177542
0.0176405
0.0171649
0.0172657
0.0179801
0.0175115
0.0174792
0.017429
0.0173231
0.0165463
0.0165892
0.0166481
0.0162583
0.0164055
0.0166034
0.0160301
0.0158597
0.0158757
0.0164009
0.0159311
0.0155339
0.0156314
0.0155171
0.0150055
0.0149195
0.0145939
0.0148027
0.0145852
0.0144255
0.014073
0.0149864
0.0142678
0.0145714
0.0137581
0.013942
0.0139316
0.0134827
0.0135745
0.0130592
0.0134047
0.0137446
0.013325
0.0129626
0.0127045
0.0127957
0.0124482
0.0128171
0.0123397
0.0122698
0.0122156
0.0117421
0.0119144
0.0121241
0.0120628
0.011899
0.0115048
0.0115483
0.0114447
0.0114816
0.0111688
0.0105752
0.0109747
0.0111919
0.0112135
0.0105068
0.0105191
0.0104961
0.0104241
0.0106412
0.0105123
0.0104708
0.0102969
0.0105694
0.00985547
0.00989208
0.00975598
0.0096267
0.00955419
0.00978654
0.00951458
0.00950183
0.00963603
0.00964908
0.00935745
0.00923404
0.00897814
0.00891256
0.00872968
0.00847813
0.00903233
0.00828124
0.00836576
0.00823429
0.00819072
