n=32
J=0.707107
eta=1.01266
mu=0
beta-optimal=0
max-overlap=0
1.3889e-14
9.22158e-16
1.28874e-14
6.14262e-17
8.62065e-17
2.22383e-17
5.59906e-17
3.86448e-17
7.95046e-18
2.03227e-17
1.91342e-17
1.23662e-17
4.9777e-17
1.9871e-17
2.13212e-18
3.64885e-18
8.53996e-13
1.54617e-11
9.23906e-16
1.64044e-16
8.25419e-17
7.55961e-18
1.21163e-17
5.78402e-18
9.95692e-18
6.95555e-18
2.25705e-17
4.34911e-17
3.86717e-17
5.11957e-18
4.1907e-18
7.85901e-18
4.38314e-18
5.10051e-18
4.0146e-18
3.44177e-18
1.25886e-17
1.3309e-17
2.35869e-17
6.16081e-18
1.82467e-17
6.80834e-18
7.1431e-18
1.07315e-17
3.6494e-19
1.22731e-17
9.31664e-18
7.9386e-16
1.74755e-15
3.34553e-13
1.3357e-12
1.15424e-12
8.48662e-13
5.16064e-15
1.47817e-17
4.1141e-18
9.76067e-18
3.32361e-18
4.76952e-18
5.41734e-18
1.2283e-18
6.91547e-18
2.08216e-17
2.33454e-18
9.38827e-18
2.03445e-18
7.30823e-18
1.84563e-18
2.05401e-17
2.94405e-18
1.93008e-18
5.72816e-18
3.71252e-18
2.70797e-18
1.06891e-17
1.33159e-17
3.41376e-18
4.6286e-18
2.28021e-19
3.0298e-18
1.22005e-17
1.55186e-18
1.33002e-17
3.88223e-18
1.847e-18
1.06326e-17
1.14254e-18
3.02863e-18
4.10709e-18
7.78994e-18
4.84077e-18
8.49736e-18
2.05518e-17
2.63402e-18
2.91251e-16
8.05237e-16
1.17564e-14
5.15231e-13
7.28998e-13
8.40444e-13
2.00752e-12
1.02158e-13
1.16695e-15
8.19051e-18
9.64651e-19
3.03013e-18
1.73203e-17
1.71844e-18
1.89824e-17
1.48349e-17
1.54865e-18
1.74953e-17
4.27698e-18
8.14278e-18
1.1292e-17
1.54041e-17
3.52612e-18
8.70842e-18
3.42495e-18
6.72407e-18
5.78202e-18
2.37578e-17
1.05189e-17
4.70671e-18
1.03733e-17
3.14904e-18
1.23168e-17
1.72736e-18
1.19177e-17
9.55056e-18
2.24126e-18
2.41551e-18
5.06886e-18
2.72243e-18
1.25845e-18
9.90682e-18
2.11165e-17
5.53648e-19
9.58785e-19
8.46733e-18
8.32434e-19
2.26257e-18
1.21385e-17
4.06546e-19
9.02614e-18
5.5579e-18
3.90847e-19
8.32572e-19
5.43746e-15
9.43628e-15
9.43411e-14
3.51795e-13
6.20741e-13
4.09646e-13
6.14228e-13
4.68706e-13
1.62791e-14
1.45716e-15
5.31644e-16
1.33071e-18
4.54606e-18
7.36272e-18
4.98673e-18
2.89203e-18
1.1436e-17
3.36901e-18
1.58897e-17
4.2942e-17
5.13926e-18
1.89992e-17
3.7485e-18
1.6029e-18
1.59514e-17
3.26258e-18
6.48184e-18
9.7941e-18
9.1382e-18
1.93463e-17
2.55749e-18
2.81288e-18
3.21986e-18
9.74969e-19
1.69482e-17
1.03761e-18
1.67223e-17
7.54609e-19
1.88098e-17
1.17241e-18
1.97107e-17
9.83883e-19
1.83696e-17
1.04367e-18
4.77785e-18
3.24719e-17
6.09569e-18
2.26033e-17
3.5846e-18
2.60636e-17
1.54912e-15
7.9245e-15
5.92313e-14
4.44744e-13
1.32073e-12
9.80967e-13
2.7836e-13
2.77974e-18
3.25967e-18
1.56772e-17
4.74354e-18
1.56291e-18
4.43142e-18
1.22118e-18
6.78309e-18
9.00202e-18
1.12781e-18
2.35728e-18
3.33428e-18
6.01e-18
8.81666e-18
3.78282e-18
2.88847e-18
2.73139e-18
3.51488e-18
1.75654e-18
1.56072e-17
1.09157e-18
1.00405e-17
2.21063e-18
9.53111e-19
2.37418e-18
3.22297e-18
5.70651e-18
5.96079e-18
2.87235e-17
4.60252e-15
4.40288e-14
1.99374e-12
3.4715e-13
9.37557e-18
1.32759e-17
2.03166e-17
1.56967e-18
2.77163e-18
1.20847e-17
1.4012e-17
2.04676e-18
2.00154e-17
3.85543e-19
3.51003e-17
1.36838e-18
8.80053e-18
1.07046e-17
3.48478e-15
2.24394e-12
6.96306e-18
1.34271e-16
