n=32
J=0.707107
eta=1
mu=0.146835
beta-optimal=0
max-overlap=0
0.257827
0.22828
0.208614
0.198467
0.190801
0.179912
0.182204
0.156178
0.159955
0.162671
0.156181
0.153206
0.139233
0.132958
0.139753
0.137347
0.121504
0.121043
0.116614
0.113309
0.115243
0.10833
0.107377
0.101986
0.1035
0.102709
0.10009
0.0951574
0.0938633
0.0903774
0.0920931
0.0870728
0.0852305
0.0870458
0.089238
0.0762789
0.0799339
0.0797633
0.0801599
0.0737078
0.0751038
0.0731574
0.0777651
0.0732099
0.074181
0.0714288
0.0693398
0.0650456
0.0676636
0.0678092
0.0652764
0.0655203
0.0628679
0.0621555
0.0606862
0.0619806
0.0602775
0.0564804
0.0566578
0.0562533
0.0574163
0.0544404
0.0538319
0.0550989
0.0538465
0.055429
0.0543429
0.0485534
0.0475897
0.0486131
0.0473617
0.0509208
0.0498543
0.0477816
0.0475056
0.046683
0.046329
0.0455651
0.0462077
0.0453786
0.0449999
0.0440113
0.0433294
0.0442711
0.0434452
0.0410582
0.0408876
0.0419646
0.0402688
0.0392209
0.0394865
0.0389199
0.0380977
0.0372778
0.0381295
0.0378095
0.0371746
0.035761
0.0355795
0.0371431
0.0352467
0.0366756
0.0342653
0.034352
0.0333428
0.0337686
0.0326121
0.0330383
0.0335592
0.0329947
0.0347572
0.0312104
0.0306097
0.0307734
0.030878
0.0309306
0.0314171
0.030794
0.0307312
0.0304842
0.028877
0.0291595
0.0283323
0.0286781
0.0282007
0.0287833
0.0281697
0.0272403
0.0269795
0.026862
0.0274546
0.0269224
0.0261617
0.0267414
0.0257108
0.0259068
0.0261428
0.0251777
0.0244998
0.0238618
0.0247492
0.0240281
0.0249224
0.0246297
0.0239298
0.023082
0.0226967
0.0232907
0.0224467
0.0230576
0.0231901
0.0227717
0.0219275
0.0228391
0.0224685
0.0212976
0.0219489
0.0227158
0.02163
0.0215339
0.0211773
0.0213825
0.0208261
0.0208494
0.0201114
0.0193605
0.0198027
0.0189379
0.0189561
0.0195549
0.0192759
0.0194738
0.0187396
0.0188571
0.019072
0.0189013
0.0178444
0.0181977
0.0189888
0.0180822
0.0182877
0.0177748
0.0180222
0.0175111
0.0175382
0.0170059
0.016583
0.0172995
0.0170265
0.0169411
0.017102
0.0166217
0.0166277
0.0162469
0.0160479
0.0157055
0.0161281
0.0159536
0.0158077
0.0148802
0.0157249
0.0149434
0.0154353
0.0150852
0.0153735
0.0146689
0.0148336
0.0141041
0.0141057
0.014556
0.0143796
0.013864
0.0140062
0.0141242
0.0137325
0.0134789
0.0135337
0.0134994
0.0137236
0.0133984
0.0134781
0.0131846
0.0133715
0.0127942
0.0130433
0.0129662
0.0126026
0.0123962
0.0124928
0.0120731
0.0121598
0.0122043
0.0120731
0.0119059
0.0115536
0.0115158
0.0113797
0.0115437
0.0113609
0.0112579
0.0109041
0.0111723
0.0108775
0.0107812
0.0106971
0.0105834
0.0105382
0.0102312
0.0106084
0.00982878
0.00983193
0.00987647
0.00991726
0.00986485
0.00910381
0.00911853
