n=32
J=0.707107
eta=1.36709
mu=0.0734177
beta-optimal=0
max-overlap=0
3.19801e-12
2.80283e-12
6.95133e-12
4.19261e-12
2.39707e-12
1.10892e-12
2.63798e-12
2.55972e-12
3.50861e-12
6.2506e-12
3.09858e-12
3.72885e-13
2.04115e-12
9.30768e-13
1.70038e-12
1.15115e-12
3.45351e-12
1.50848e-12
2.66381e-12
8.00423e-13
5.61044e-13
8.62071e-13
1.14793e-12
2.59916e-12
6.78229e-13
1.43424e-12
1.39911e-12
7.63695e-13
3.24558e-12
8.18211e-13
1.60378e-12
7.60712e-13
1.66451e-12
1.30209e-12
1.2399e-12
1.56875e-13
1.53515e-12
7.07224e-13
3.71295e-13
1.04777e-12
2.1181e-12
1.32695e-12
8.40768e-13
8.12407e-13
2.2395e-13
1.72692e-12
2.73416e-12
5.85072e-13
9.7921e-13
7.79218e-13
8.78265e-13
8.52108e-13
6.39816e-13
1.7615e-12
1.77302e-12
8.43162e-13
6.26665e-13
1.58246e-12
1.53811e-12
5.74162e-13
2.05607e-12
9.97649e-13
6.44191e-13
4.36734e-13
1.31142e-12
2.48395e-13
1.04784e-12
4.69376e-13
6.63096e-13
7.95419e-13
1.41349e-12
3.74176e-13
3.68605e-13
7.54144e-13
8.39422e-13
8.87954e-13
1.12247e-12
2.17033e-13
2.61242e-12
5.88018e-13
1.3056e-12
8.18676e-13
8.57621e-13
5.89818e-13
7.62951e-13
8.27779e-13
7.02507e-13
4.48619e-13
1.3932e-12
1.15235e-12
5.15348e-14
1.52332e-12
2.26368e-13
1.20006e-12
2.52273e-13
4.48658e-13
2.50115e-13
1.26677e-12
6.70412e-13
3.03594e-13
1.31032e-12
4.3772e-13
1.04719e-13
8.21002e-13
2.51929e-13
2.26801e-13
9.30648e-13
5.85024e-13
1.01706e-12
2.57889e-13
3.66822e-13
9.59351e-13
8.5476e-13
1.45238e-13
7.99388e-13
4.07455e-13
3.69347e-13
2.6849e-13
3.24331e-13
6.53461e-13
4.60247e-13
4.66464e-13
3.14706e-13
5.34779e-13
3.44727e-13
8.69927e-14
7.09049e-13
1.73179e-13
1.9241e-13
5.02717e-13
1.0992e-12
5.07239e-13
3.54889e-13
5.83893e-13
4.02192e-13
4.35248e-13
4.13029e-13
3.63453e-13
1.96548e-13
4.68701e-14
7.76328e-13
6.91215e-13
7.28934e-13
5.21293e-13
6.61433e-13
4.66961e-13
3.12203e-14
5.18877e-13
8.58368e-14
2.61018e-13
7.47974e-13
2.5333e-13
5.55596e-13
7.55765e-14
4.14962e-13
4.99732e-13
4.39382e-13
3.10718e-13
2.1903e-13
6.11327e-13
4.39635e-13
1.10322e-13
3.94703e-13
6.28466e-13
3.08442e-13
9.02269e-14
7.28922e-13
2.10799e-13
4.76872e-13
9.38985e-13
2.67022e-13
3.12743e-13
6.24512e-14
2.2377e-13
2.042e-13
4.35652e-13
2.78874e-13
4.73056e-13
6.0869e-13
4.36089e-13
1.60084e-13
1.81775e-13
1.22994e-12
4.22154e-13
6.28043e-13
3.59589e-13
1.22922e-12
5.28076e-13
7.67704e-13
1.71511e-13
2.33141e-13
5.86052e-13
2.54427e-13
6.32885e-13
6.64142e-13
6.88298e-13
5.54892e-13
3.69887e-13
3.17201e-13
4.95002e-13
3.43851e-13
3.05775e-13
8.06639e-14
4.46084e-13
5.09817e-13
5.27038e-13
1.96692e-13
1.56534e-13
1.96935e-13
6.13941e-14
6.80495e-13
3.33186e-13
5.07098e-13
4.84778e-13
4.99052e-13
5.73661e-14
2.48429e-13
5.14577e-13
4.30279e-13
2.34527e-13
2.82177e-13
6.99574e-14
5.56839e-13
2.13245e-13
5.29803e-13
5.61945e-13
1.11839e-13
5.63856e-13
2.42598e-13
4.39149e-13
1.15049e-13
6.68757e-14
7.99278e-13
1.69318e-13
2.36971e-13
5.82073e-13
3.51862e-14
5.14036e-13
4.98076e-13
7.43348e-14
3.40947e-13
2.74005e-14
6.50156e-14
1.58144e-13
1.45767e-13
3.9809e-13
1.87816e-13
1.49409e-13
2.45532e-13
1.0556e-12
4.27658e-13
6.20778e-13
3.05934e-13
4.49821e-13
5.46683e-13
4.28133e-13
