n=32
J=0.707107
eta=1
mu=0.043038
beta-optimal=0
max-overlap=0
0.524316
0.409527
0.311885
0.321295
0.179828
0.136379
0.136691
0.119606
0.117141
0.116603
0.0898939
0.074174
0.0794445
0.0797187
0.0616297
0.051565
0.065054
0.0593708
0.0557461
0.0476957
0.046339
0.0492783
0.0549462
0.033375
0.0326559
0.0364601
0.0319017
0.035016
0.0345354
0.0336191
0.0336026
0.0292148
0.0295823
0.0286408
0.0262993
0.0255469
0.0191727
0.0274738
0.0210755
0.0186857
0.0185119
0.0192334
0.0185961
0.0172143
0.0195423
0.02118
0.0172763
0.0197525
0.0140207
0.0149419
0.0193317
0.0122129
0.0143805
0.0125865
0.0126091
0.0136922
0.0150569
0.0125684
0.0129627
0.0109268
0.0115134
0.0120363
0.0101263
0.010402
0.0125452
0.0100696
0.0122691
0.00948337
0.00771235
0.00981958
0.0101025
0.00987654
0.00885909
0.00914547
0.00868772
0.00851629
0.00813975
0.0077462
0.00754191
0.00758053
0.00705384
0.0068439
0.00713101
0.0073174
0.00692364
0.00743087
0.00755479
0.00710613
0.00629729
0.00732313
0.00537822
0.00628795
0.00669882
0.00602254
0.00593993
0.00592155
0.00522773
0.00574879
0.00553337
0.00528999
0.00632776
0.00499988
0.00460367
0.00519482
0.00515057
0.00547159
0.00502217
0.00435062
0.00470244
0.0051944
0.00458937
0.00497725
0.00469928
0.00559252
0.00435616
0.00479658
0.0039224
0.00415776
0.00474113
0.00398309
0.00440621
0.00375493
0.00430789
0.00327977
0.00419908
0.00386802
0.00337569
0.00378323
0.00423021
0.0033338
0.00348525
0.00326915
0.00271827
0.00276773
0.00318766
0.00332633
0.00323789
0.00320572
0.00332425
0.00329246
0.0033885
0.00290646
0.00325
0.00345695
0.00356962
0.00271538
0.00271681
0.00341181
0.00304127
0.00267663
0.00271737
0.00280474
0.00235871
0.0026055
0.00274288
0.00233164
0.00265612
0.00248325
0.00224935
0.00276734
0.00254457
0.00218348
0.00230328
0.00226104
0.00237351
0.00197318
0.00274054
0.00256514
0.0022053
0.00212296
0.00229026
0.00214601
0.0020972
0.00212697
0.0018213
0.00207448
0.00215395
0.0020906
0.0023921
0.0020539
0.00168672
0.00184561
0.00198359
0.00197851
0.00204983
0.00229484
0.00195576
0.00183109
0.00164137
0.00164299
0.00211994
0.00175024
0.00185642
0.00159971
0.00149271
0.00153377
0.00129516
0.00163726
0.00162332
0.00176206
0.00142932
0.00159987
0.00146113
0.00159787
0.00145885
0.00172423
0.00152821
0.00149685
0.00151881
0.00170108
0.00137613
0.00137592
0.00143745
0.00166208
0.00127663
0.00153924
0.0013026
0.00136163
0.00141225
0.00116618
0.00132073
0.00140668
0.00127186
0.00139197
0.00128006
0.00133917
0.00130477
0.00129198
0.00132883
0.00130735
0.00137095
0.00117536
0.00121575
0.00109091
0.00107414
0.00105858
0.00117512
0.00100096
0.0011248
0.00103293
0.00104219
0.000977697
0.000978585
0.000915812
0.00103992
0.000897711
0.000892938
0.000908463
0.000961485
0.000936088
0.00101846
0.00101065
0.000823249
0.000877684
0.000837079
0.000699263
