n=32
J=0.707107
eta=1.08861
mu=0.0481013
beta-optimal=0
max-overlap=0
1.68585e-11
2.28384e-11
1.09757e-11
2.32833e-11
1.98725e-11
1.74559e-11
1.54269e-11
9.00899e-12
3.87602e-12
3.47079e-12
3.36951e-12
5.47572e-12
5.68162e-12
5.53631e-12
2.3281e-11
1.50599e-11
4.65612e-12
6.16909e-12
1.96547e-12
6.15376e-12
1.03302e-12
1.56059e-11
2.39907e-12
4.09404e-12
5.7521e-12
3.88123e-12
3.17524e-12
3.77062e-12
7.38173e-12
6.93362e-12
4.22034e-12
6.23689e-12
2.19721e-12
2.10998e-12
2.02418e-12
9.45933e-13
3.97062e-12
1.98813e-12
2.26909e-12
5.21544e-12
4.42691e-12
3.90871e-12
2.16255e-12
2.57668e-12
9.95905e-13
2.90882e-12
2.92113e-12
1.98667e-12
1.00338e-12
3.80822e-12
6.74052e-13
3.33031e-12
2.36771e-12
1.61949e-12
1.77405e-12
3.15268e-12
1.29457e-12
3.43063e-12
4.52955e-13
1.17717e-12
1.84469e-12
6.87174e-13
1.09464e-12
6.00155e-12
2.35303e-13
3.26592e-12
3.20542e-12
9.77739e-13
3.14031e-12
1.40366e-12
3.98684e-12
1.77553e-12
9.65172e-13
1.80118e-12
1.81135e-12
2.0651e-12
1.3306e-12
9.64312e-13
1.82972e-12
2.56017e-12
2.02511e-12
8.03267e-13
7.3542e-13
1.18986e-12
3.8327e-12
2.29747e-12
1.83781e-12
2.8325e-13
2.71048e-12
3.58424e-12
8.76548e-13
7.87677e-13
4.7473e-13
5.94543e-13
2.93803e-13
7.38377e-13
7.75849e-13
1.75356e-12
2.22198e-12
1.86525e-12
1.15971e-12
1.35838e-12
1.02569e-12
2.57982e-12
8.80197e-13
1.50179e-12
1.49855e-12
1.1279e-12
9.17641e-13
1.65673e-12
4.30456e-13
1.68239e-12
7.19752e-13
1.68767e-12
2.23571e-12
4.0723e-13
9.80523e-14
1.1721e-12
8.95314e-13
8.10825e-13
2.09196e-12
2.77162e-13
3.92656e-13
7.0001e-13
1.15631e-12
1.29512e-12
1.25961e-13
5.12863e-13
2.01276e-13
7.53334e-13
7.12133e-13
8.99013e-13
1.02985e-12
1.00042e-12
1.19393e-12
1.53244e-12
5.86216e-13
3.69653e-13
2.80568e-12
3.87711e-13
5.9913e-13
5.87737e-13
9.34346e-13
6.26072e-13
9.59547e-13
2.10956e-12
1.71482e-12
2.56614e-13
5.02277e-13
1.47743e-12
7.08491e-13
8.36013e-13
5.72377e-13
1.5615e-12
1.02952e-12
2.74109e-13
1.62777e-12
9.00522e-13
1.07231e-12
1.5262e-12
3.16293e-13
7.96601e-13
4.24269e-13
1.24451e-12
5.16966e-13
3.77238e-13
5.82636e-13
6.87247e-13
1.41584e-12
1.27686e-13
1.00904e-12
1.20408e-12
9.41802e-13
6.95437e-13
2.0191e-12
8.10322e-13
1.01875e-12
7.79759e-13
2.20424e-12
7.31098e-13
2.16659e-13
4.64638e-13
1.43806e-12
6.5042e-13
8.26915e-13
2.65583e-13
9.9847e-13
2.70823e-13
1.00864e-12
4.21911e-13
3.11773e-13
7.70076e-13
1.48699e-12
6.88921e-13
5.85837e-13
5.33061e-13
1.14748e-12
4.71407e-13
1.13374e-12
7.76763e-13
8.23196e-13
1.30488e-12
1.35999e-13
5.65708e-13
7.18968e-13
4.45994e-13
2.27824e-13
1.2405e-12
9.13378e-13
1.34537e-12
1.10958e-12
1.09227e-12
7.52208e-13
2.62796e-13
8.84698e-13
1.707e-12
7.57098e-13
7.69432e-13
1.20783e-13
1.16803e-12
2.76073e-13
5.17296e-13
4.65257e-13
1.39388e-12
6.33721e-13
3.79481e-13
8.81405e-13
4.201e-13
2.57991e-13
1.1578e-12
2.07686e-12
3.4786e-13
5.79139e-13
1.14474e-12
6.48315e-13
5.04786e-13
2.12902e-12
6.09317e-13
1.19566e-12
1.61763e-13
7.40249e-13
6.42653e-13
3.1048e-13
9.93588e-13
3.42092e-13
6.70649e-14
4.61824e-13
7.28928e-13
5.65869e-13
4.40791e-13
2.75337e-13
3.94257e-13
2.89656e-13
3.12286e-13
2.96107e-13
2.23595e-13
