n=32
J=0.707107
eta=1.01266
mu=0.0126582
beta-optimal=0
max-overlap=0
0.00111815
0.00283409
0.0021537
0.00183901
0.000365318
0.00114266
0.00238472
0.000769228
0.000308984
0.000199373
2.9954e-05
0.000236301
0.000642041
0.000628427
0.000393083
0.000464811
0.000481384
0.000357007
2.92214e-05
0.000701652
0.000202107
0.000367256
0.000160921
0.000236153
0.000134617
0.000341131
0.000323547
0.000545407
0.000160386
5.55529e-05
0.000205915
0.00014572
3.97108e-05
0.000757056
0.00012738
0.000284312
0.000407209
0.000150084
0.000238971
0.000240037
1.06632e-05
0.000110875
4.62913e-05
0.000296601
0.000753286
0.000174836
0.000420016
0.000317322
5.2704e-05
0.000172368
0.000199891
0.00015933
0.000100929
0.00019662
9.4837e-05
3.78243e-05
7.61535e-05
8.48393e-05
0.000175768
2.43657e-05
0.000110878
0.000171038
0.000143463
4.60931e-05
0.000255348
2.21571e-05
8.25718e-05
0.00010123
0.000185965
2.34521e-05
0.000120039
9.83918e-05
3.69795e-05
8.63441e-05
9.54229e-05
7.81556e-05
2.60654e-05
4.03376e-05
4.19087e-05
2.9835e-05
0.000107559
6.19622e-05
1.38847e-05
9.27934e-05
1.93479e-05
4.46806e-05
0.00011931
8.58512e-05
1.62872e-07
1.55085e-05
1.41974e-05
1.15651e-05
6.61605e-05
0.000120143
0.000151209
2.41125e-06
0.000102177
4.30309e-05
3.32337e-05
3.71403e-05
0.000148962
5.8719e-06
3.4471e-05
1.09126e-05
3.7349e-05
2.42671e-05
6.54146e-05
7.75765e-05
1.53107e-05
3.48678e-05
2.11405e-05
8.07729e-05
6.34532e-05
0.000142341
0.000176386
3.42584e-05
2.45775e-05
1.59758e-05
2.87252e-05
2.88143e-05
1.54631e-06
7.95321e-05
0.000121322
1.45562e-05
3.06145e-05
1.8543e-05
5.3139e-05
0.000162237
6.44128e-05
1.78571e-05
0.000134833
1.40866e-05
1.45355e-05
3.20237e-05
2.85441e-05
7.44457e-06
2.80294e-05
4.45607e-05
9.01349e-05
1.68212e-05
3.62489e-05
8.46837e-06
8.38369e-06
4.00347e-05
8.75248e-05
1.18716e-05
2.80554e-05
8.18627e-06
1.06488e-05
8.07934e-05
4.00639e-05
6.42227e-05
7.27172e-05
3.36142e-05
3.35122e-05
2.76424e-05
3.4404e-05
1.13021e-05
7.54953e-05
3.79412e-06
7.25917e-06
9.91136e-05
9.29309e-05
6.82115e-05
7.44757e-06
0.00011718
3.09567e-05
0.000101568
1.02531e-05
2.5587e-05
9.09113e-06
9.07262e-05
7.88968e-06
4.60949e-06
8.25094e-06
5.14268e-05
3.31958e-06
6.72923e-05
2.64405e-05
2.65394e-05
1.03526e-05
6.10871e-05
1.91437e-05
1.29251e-05
0.000117277
2.40321e-07
6.84072e-05
4.12461e-05
4.00034e-06
5.15128e-07
7.58739e-05
8.1754e-06
1.10375e-05
6.96901e-05
0.000137078
1.1303e-05
2.08253e-05
6.97129e-05
3.35302e-05
3.6356e-05
8.31452e-05
1.25809e-05
1.19654e-05
2.94911e-05
1.38161e-05
8.98008e-06
2.64189e-05
4.62314e-05
7.12431e-05
7.54264e-05
5.62313e-06
3.37724e-06
2.30632e-05
3.36081e-05
1.00163e-05
1.91699e-05
2.27941e-06
3.96695e-05
3.24418e-05
3.79281e-05
2.23294e-05
5.17366e-05
6.4791e-05
9.32001e-06
3.94399e-06
2.4423e-06
2.21111e-05
1.49833e-05
9.65071e-05
9.48391e-05
5.58386e-06
1.52524e-05
5.15367e-06
1.29302e-05
7.53936e-06
2.56919e-05
5.04823e-06
6.57722e-05
5.77499e-05
2.20069e-05
5.88944e-05
9.77361e-05
3.71619e-06
3.20789e-05
3.62895e-06
2.84419e-05
3.96967e-05
6.06601e-05
4.81901e-06
2.05296e-05
4.873e-05
1.35004e-06
3.932e-05
1.63366e-06
0.000157483
2.39691e-05
