n=32
J=0.707107
eta=1.13924
mu=0.0658228
beta-optimal=0
max-overlap=0
0.000729756
0.00273411
0.00460873
0.000109796
0.0022463
0.0012158
0.00596518
0.000308965
0.00084914
0.000595817
0.001451
0.00143606
0.00166197
0.000359801
0.000325429
0.00210633
0.00144927
0.000969353
0.000379679
0.00117112
0.0018808
0.00145474
6.33063e-05
0.000194625
0.000534215
0.000450829
0.000715046
0.00157507
0.000933461
0.00106645
0.000153471
0.0015623
0.00178049
0.00047157
0.000854877
0.00108541
0.00231986
7.75294e-05
0.00221733
0.000358357
0.000889052
0.000631083
0.000203246
0.0001669
9.41601e-05
0.001892
0.000129941
0.000274792
4.79353e-06
0.000196896
0.00102351
0.000100422
9.41165e-05
0.00143071
0.000430016
0.000401728
0.000250317
0.00130289
0.000882945
0.000721223
0.000181829
0.000668143
0.00146429
0.000417761
0.000178149
7.52417e-06
4.23359e-05
0.000129727
0.000154482
0.000164255
0.000196886
0.000853124
0.000570944
0.000757383
0.000623745
0.000592313
0.000255451
0.00115018
0.000868914
0.000710475
0.000621328
0.000580394
0.000637596
0.000687296
0.000109336
0.000566117
0.00101182
0.000533319
6.48574e-05
0.000473677
0.000844004
0.000131843
0.000167353
0.000155747
0.000471504
0.000875492
0.000102687
0.000637219
4.44192e-05
0.000430511
0.000668392
0.000164004
0.000166814
7.28517e-05
0.000265813
0.000660369
0.000267143
2.73254e-05
1.06777e-05
0.000209313
2.85936e-05
0.00042732
0.000204796
0.000666079
0.00034045
6.96536e-05
8.51183e-05
0.000565694
0.00024002
0.000263656
0.000117608
0.000725303
0.00020174
0.000138629
0.000708902
0.000184413
0.000620862
0.000278706
0.000553152
0.00019982
2.49824e-05
6.2631e-05
8.87839e-05
3.09105e-05
2.93146e-06
0.000250393
8.9718e-05
0.000220255
0.000441693
0.000637166
0.000393972
0.000211084
0.000463034
0.000529494
0.000563897
5.56961e-05
0.000289562
0.000151469
3.70329e-05
0.000349147
4.36466e-05
0.000457764
8.83484e-05
0.000167968
0.000138229
0.000126114
7.56405e-05
0.00033432
1.65763e-05
0.000585166
0.000519514
0.000109079
0.000240174
1.06021e-05
0.000255373
0.000211716
0.000174813
3.71318e-05
0.000200024
0.00018408
0.000441057
0.000366525
0.000252476
0.000127979
1.30356e-05
6.90657e-05
8.16655e-05
0.000167052
0.000348766
8.42712e-05
0.00017185
3.7852e-05
0.000242567
0.00105652
0.000303957
0.000173752
0.000136742
0.000247934
0.000196807
0.000310028
0.00039505
9.71346e-05
0.000136181
0.000212278
0.0001373
0.000400367
0.000187454
0.000169613
0.000123802
0.000151608
5.59689e-05
0.000253074
0.000225175
0.000136324
0.000287182
0.000305612
0.000355681
0.000426798
8.40904e-05
0.000188776
0.000264226
0.000168185
8.23812e-05
4.18688e-05
0.000200466
6.40237e-05
0.000409093
0.000308844
0.000145794
6.39581e-05
2.1094e-05
0.000244238
3.07581e-05
0.000509437
0.00035821
0.000209341
0.000241514
0.000410918
0.000144066
8.43884e-05
0.000235762
0.000255603
0.000230856
0.000189893
0.000366493
3.00041e-05
0.000449728
0.0001856
0.000257409
0.000128947
2.35086e-05
9.37008e-05
5.68468e-05
3.30849e-05
0.00021771
0.000507997
0.000271011
0.000270314
0.00040278
0.000155432
0.000314711
6.30981e-06
0.000158259
0.000247791
0.000139051
0.000173571
