n=32
J=0.707107
eta=1
mu=0.00759494
beta-optimal=0
max-overlap=0
0.847581
0.216284
0.0456256
0.0880663
0.0259959
0.00900922
0.0224016
0.00722269
0.0172242
0.00803958
0.00545119
0.00378206
0.010891
0.00999661
0.00591916
0.00524201
0.00325338
0.00324339
0.00615401
0.00238076
0.00248268
0.00556579
0.00691281
0.00140186
0.00323482
0.00189052
0.00371617
0.00168741
0.00380649
0.00170599
0.00400266
0.00130493
0.00157483
0.00265082
0.00127214
0.00106944
0.00132723
0.00271206
0.00180465
0.000625787
0.00185456
0.00177173
0.000813735
0.000702013
0.000956771
0.00220865
0.000728637
0.00227447
0.00102468
0.000596355
0.000904197
0.000668684
0.00142921
0.000470664
0.000457907
0.00115579
0.00126904
0.000458145
0.00108238
0.000435404
0.000871797
0.000864002
0.000377559
0.000351729
0.00103205
0.000357703
0.000591688
0.000469231
0.00032572
0.0003638
0.000374738
0.00069348
0.000311496
0.000365754
0.0006422
0.000503461
0.000410829
0.000245878
0.000274417
0.000325828
0.000241705
0.000333725
0.000260029
0.000461989
0.000284261
0.000470128
0.000314413
0.000508407
0.000307877
0.000262362
0.000139433
0.000194847
0.000485018
0.00022054
0.00020497
0.000367369
0.000344509
0.000426869
0.000179404
0.000292716
0.000248159
0.000145435
0.000197561
0.000323811
0.000260305
0.000200333
0.000166545
0.00016961
0.000288819
0.000171894
0.00032419
0.00033203
0.000154249
0.000498061
0.000138052
0.000181957
0.000323234
0.000226393
0.000188175
0.000220713
0.000127203
0.00012013
0.000265786
9.72144e-05
0.000254465
0.000364178
0.000226032
0.00011095
0.000161558
8.91489e-05
0.000124572
0.000101312
6.7627e-05
0.000110438
0.000140314
9.54825e-05
9.73404e-05
0.00011033
0.000158608
0.000186876
0.000195722
7.79449e-05
9.54547e-05
0.000119684
0.000247224
7.58237e-05
0.000128762
0.000100254
0.000160959
7.64505e-05
0.000158724
0.00011608
6.49437e-05
8.88645e-05
0.000107514
5.03745e-05
0.000166689
6.01386e-05
6.67077e-05
0.000180737
7.845e-05
0.000113272
6.51183e-05
0.000143195
8.18577e-05
4.06869e-05
9.33441e-05
0.000184179
0.000124319
6.48912e-05
0.000127482
6.42105e-05
0.000113469
6.35361e-05
4.45073e-05
5.61824e-05
9.72753e-05
7.60486e-05
7.86996e-05
0.000128332
4.02128e-05
8.61854e-05
0.000102214
6.05739e-05
8.32397e-05
0.000133749
9.64078e-05
4.92402e-05
6.04421e-05
4.88493e-05
0.000186349
5.41506e-05
0.000136064
3.95552e-05
3.13379e-05
4.51194e-05
2.73925e-05
9.0136e-05
5.72303e-05
7.16209e-05
6.27476e-05
4.49956e-05
5.79186e-05
5.13097e-05
0.000113589
0.000100804
4.58023e-05
7.71081e-05
4.33927e-05
0.000118731
4.10723e-05
4.07757e-05
6.39314e-05
5.87234e-05
3.32563e-05
4.78005e-05
5.29973e-05
3.28248e-05
6.76564e-05
2.88285e-05
6.22597e-05
7.00486e-05
3.60732e-05
6.70062e-05
3.88922e-05
4.68124e-05
7.9237e-05
6.89468e-05
3.85259e-05
5.9943e-05
4.07269e-05
3.18751e-05
3.7724e-05
2.70731e-05
5.74227e-05
2.35148e-05
3.23032e-05
3.61883e-05
3.35356e-05
5.07083e-05
5.92237e-05
3.06172e-05
3.63682e-05
2.23854e-05
6.73427e-05
2.61528e-05
3.90528e-05
2.3693e-05
2.89641e-05
3.27808e-05
2.64687e-05
3.29878e-05
2.73762e-05
1.8774e-05
3.09471e-05
1.33623e-05
