n=32
J=0.707107
eta=1.11392
mu=0.0177215
beta-optimal=0
max-overlap=0
4.53454e-12
3.18606e-12
9.59922e-12
1.91984e-12
1.33536e-12
2.80023e-12
1.18891e-12
7.29497e-13
1.10847e-12
8.02833e-13
1.26791e-12
3.71124e-12
5.90427e-13
1.0799e-12
4.02193e-12
1.70394e-12
7.98481e-13
1.11176e-12
3.11064e-12
1.14563e-12
1.11509e-12
6.56175e-13
6.21245e-13
2.4605e-12
2.15522e-12
4.57466e-13
4.91476e-13
1.11219e-12
6.30883e-13
2.36265e-13
7.40229e-13
1.05585e-12
2.13004e-12
3.39847e-14
5.99384e-13
1.99453e-12
4.50908e-13
1.40979e-13
4.62829e-13
8.48156e-13
9.56483e-13
4.74997e-13
6.67059e-13
1.89884e-12
4.23965e-13
7.4101e-13
2.19924e-12
1.77232e-12
3.99559e-13
2.69748e-13
2.20928e-12
1.74932e-12
1.56455e-12
2.08655e-12
4.10648e-13
1.46852e-12
8.04786e-14
8.75126e-13
1.34733e-13
1.24275e-12
2.05677e-13
4.47195e-13
2.48025e-13
3.4785e-14
5.75958e-13
2.20939e-13
8.87072e-13
4.93375e-13
7.28135e-13
4.65387e-13
4.58302e-13
2.07539e-13
6.74781e-13
6.00554e-13
1.45208e-12
1.32115e-12
5.34155e-13
5.63166e-13
3.2905e-13
8.32915e-13
5.51322e-13
1.41539e-13
2.5649e-13
7.96638e-14
6.8252e-13
1.89393e-13
1.6912e-13
4.06274e-13
3.69341e-13
8.69208e-14
4.7263e-13
8.02315e-13
3.52867e-13
2.68369e-13
5.59147e-13
5.46692e-13
9.89243e-13
1.31843e-14
2.50953e-13
5.6535e-13
5.87041e-13
2.17079e-12
1.3772e-12
1.58981e-12
7.59519e-13
4.27826e-13
9.09843e-13
4.01933e-13
1.90737e-13
2.87171e-13
1.98454e-13
6.62642e-13
1.06737e-13
1.96701e-13
1.00884e-13
1.24724e-13
6.48518e-13
1.94805e-13
2.9309e-13
4.26118e-14
1.36966e-13
2.02488e-13
3.25427e-13
2.29305e-13
7.99043e-14
1.86485e-13
2.79092e-14
4.29661e-13
1.36262e-13
2.27272e-13
2.06296e-13
6.27746e-13
2.36512e-13
3.18454e-13
3.1925e-13
4.30757e-13
6.93136e-13
6.35407e-13
2.57162e-13
1.55077e-13
7.16846e-13
1.97433e-14
3.80138e-13
1.05995e-13
2.31165e-13
1.5016e-13
1.17053e-13
1.07124e-13
4.55707e-13
3.0422e-13
2.16594e-13
1.60641e-13
2.15974e-13
2.89256e-13
2.17693e-13
1.36554e-13
5.66376e-14
2.9872e-13
5.18865e-13
4.55562e-13
8.71711e-13
1.41666e-13
4.38873e-13
4.13299e-13
3.82152e-13
4.46813e-13
5.65053e-14
3.45689e-13
1.85243e-13
2.06472e-13
2.57172e-13
5.84532e-14
1.84295e-13
2.12397e-13
1.29978e-13
3.16983e-13
1.28439e-13
1.95284e-13
4.27485e-13
4.6087e-13
1.15483e-13
2.07497e-13
7.82002e-14
2.7642e-13
3.06291e-13
2.70757e-13
1.12634e-13
1.27445e-13
7.12744e-13
6.42657e-14
4.49159e-13
6.50097e-13
3.44655e-14
6.68595e-14
1.73239e-13
5.15451e-14
6.26397e-14
9.94696e-14
2.75134e-13
3.20774e-13
2.37563e-13
7.85578e-14
2.29665e-14
2.02005e-13
5.90976e-14
1.24487e-13
2.33766e-13
2.21091e-13
1.76305e-13
1.29612e-13
1.97376e-13
8.29218e-14
6.48585e-13
1.91741e-13
2.42309e-13
1.49907e-13
1.5495e-13
2.37658e-13
4.71845e-13
1.81928e-13
6.18308e-14
2.78842e-14
4.51853e-14
1.27475e-13
7.23123e-14
2.15148e-13
5.29732e-13
5.50021e-14
9.39433e-14
1.87452e-13
4.41831e-13
1.7718e-13
9.62413e-14
2.54681e-13
3.72402e-13
4.00568e-13
2.47161e-13
3.79261e-13
2.55344e-13
1.22589e-13
1.8215e-13
2.1907e-13
2.34328e-13
1.66683e-13
6.55983e-13
2.59918e-13
1.72815e-13
8.63696e-14
7.45781e-14
1.78389e-13
3.48065e-13
2.53221e-13
2.79043e-13
7.94854e-14
4.83161e-14
1.39437e-13
