n=32
J=0.707107
eta=1.03797
mu=0.00253165
beta-optimal=0
max-overlap=0
4.96301e-13
2.49881e-11
2.65071e-12
9.98485e-13
2.43566e-12
2.95468e-13
3.49582e-12
4.56558e-13
2.58742e-13
5.48181e-13
1.02044e-12
1.03639e-13
1.88427e-13
1.27872e-13
1.41568e-12
7.16038e-13
8.94947e-13
6.25447e-12
6.6953e-13
4.61436e-13
1.50932e-13
2.14397e-12
1.70919e-13
5.16789e-13
2.80357e-14
9.77714e-14
1.65613e-13
2.32086e-13
5.70478e-14
5.88361e-14
6.23986e-13
6.30406e-14
7.04757e-13
1.73652e-13
4.37059e-14
2.92481e-13
3.54091e-14
2.82205e-14
8.16132e-13
2.30938e-13
2.64567e-14
9.87596e-14
1.50372e-14
4.20814e-13
7.66401e-14
9.03275e-14
1.02347e-13
3.02854e-13
2.13262e-13
8.63863e-14
1.7615e-12
2.31022e-12
4.91059e-13
2.54665e-12
6.292e-13
1.25118e-13
1.27541e-14
2.72519e-13
3.6617e-14
3.75191e-14
6.89507e-13
2.67542e-14
1.75057e-13
5.68353e-16
1.5546e-13
3.07014e-13
3.99667e-14
1.94129e-13
4.44131e-14
1.85463e-14
1.67918e-13
1.20364e-14
2.79139e-14
1.91487e-14
2.96324e-13
3.10846e-14
1.97438e-13
1.14988e-13
9.87384e-15
8.08999e-14
2.59471e-13
2.2236e-14
3.48703e-14
3.25119e-15
5.35614e-14
1.71336e-14
3.78635e-14
3.05155e-13
3.06566e-14
8.02391e-14
2.27811e-14
9.86244e-14
1.99037e-14
1.76725e-13
2.95755e-14
2.52762e-14
2.1942e-13
2.46854e-13
1.64652e-14
1.17282e-13
2.07206e-13
1.45917e-13
4.82491e-13
3.92684e-13
4.1097e-13
1.28819e-13
3.08793e-13
1.5705e-13
2.81435e-14
4.54569e-15
3.58042e-14
2.43674e-13
1.62511e-14
8.64317e-14
9.2456e-14
1.65375e-14
4.63737e-15
1.38305e-13
3.07385e-14
1.43259e-14
3.14284e-14
1.63188e-14
1.23749e-13
2.64019e-15
2.56749e-13
7.58738e-15
1.15718e-13
6.34128e-15
1.44507e-13
1.47568e-13
7.17858e-14
1.2419e-14
3.70021e-14
8.37624e-15
5.06574e-14
1.46359e-14
1.47171e-13
4.14533e-15
9.60529e-15
4.69533e-14
1.31833e-13
1.14907e-14
2.07061e-14
6.9335e-14
2.45658e-14
2.08566e-13
9.69076e-15
2.36515e-13
1.0127e-14
1.02665e-13
1.31792e-14
9.1539e-15
8.43718e-14
1.28173e-14
9.18212e-14
9.95211e-15
4.57809e-14
2.29126e-13
2.01005e-13
1.29742e-12
6.88762e-13
4.8294e-13
1.51874e-13
4.21272e-14
8.70541e-14
1.61809e-14
8.04348e-14
6.30067e-14
1.11843e-13
6.98956e-15
1.48591e-13
1.48963e-14
1.73123e-14
7.31911e-15
5.78275e-14
1.50872e-14
1.19602e-13
6.68377e-15
7.57e-14
7.5689e-16
1.51984e-13
2.62687e-14
1.52761e-14
1.77134e-13
1.24003e-14
2.10051e-13
9.72596e-14
1.46322e-14
4.88857e-14
7.14255e-15
1.2253e-14
4.69558e-15
8.89892e-14
2.90598e-14
1.10238e-14
6.21794e-14
1.97353e-13
1.31543e-14
4.48317e-14
8.39212e-15
1.2495e-13
1.61894e-14
1.27004e-14
4.99273e-14
4.74875e-14
6.01398e-13
4.40075e-13
1.42762e-12
1.06878e-13
3.4043e-14
3.0092e-13
1.678e-13
6.76681e-14
1.31635e-14
9.53305e-14
1.32125e-15
7.60983e-14
1.06263e-13
1.07593e-14
9.17034e-14
1.31234e-14
9.52619e-15
3.94752e-14
1.05422e-13
4.54269e-15
5.96599e-15
2.59918e-14
7.49677e-15
1.89857e-15
8.00355e-14
1.57061e-14
6.47517e-14
1.31656e-13
1.15124e-14
1.68059e-13
1.57304e-14
5.8989e-14
1.2341e-14
4.19134e-14
2.70395e-13
4.15181e-13
3.10489e-13
1.65063e-14
4.04436e-14
1.42305e-14
1.62268e-13
7.96622e-15
1.88034e-13
5.29177e-14
3.95371e-15
4.30601e-14
3.44126e-14
9.10064e-15
3.21331e-14
5.14812e-13
4.28147e-14
