n=32
J=0.707107
eta=1.03797
mu=0.0531646
beta-optimal=0
max-overlap=0
0.000994371
0.000990767
0.00344898
0.00595038
0.00821232
0.00583555
0.00115434
0.00368811
0.00016017
3.25341e-05
0.00210872
0.00129108
0.0028863
0.00157305
0.0021746
0.00147646
0.000908427
0.00165954
0.00178324
0.000619257
7.99578e-06
0.00028921
0.000817056
0.00123089
0.000762875
0.00168309
0.000522462
0.00087569
0.000765954
0.000346911
0.00129797
0.000894833
0.000441802
0.00158212
0.000474213
0.002106
3.94914e-05
0.000142096
0.000468537
0.000530532
0.00075879
0.000579221
0.00195981
0.000231385
0.000484391
0.000443012
1.77805e-05
0.000317583
0.000481991
0.00112125
0.000270482
0.00141044
7.35963e-05
0.000794413
0.000165826
0.000606666
0.00070574
0.000235532
0.000503732
0.00012024
0.000168291
0.000566798
0.000632682
0.000389376
6.96179e-07
0.00139491
0.00174568
1.28909e-07
0.000772758
0.000877274
0.000577525
0.000357891
0.00114123
0.00034904
5.14419e-05
2.67388e-05
0.000196406
1.43707e-06
0.000978233
0.000460814
7.69496e-06
0.000222786
0.000238769
0.000972697
0.000440438
0.00026501
0.000143574
0.000324554
0.000208545
0.000257751
6.84957e-05
0.000153215
0.000250012
0.000622685
0.000425839
0.00011679
0.00066444
0.000440654
0.000370937
9.05365e-05
9.45172e-05
0.000141475
0.000169755
9.08715e-05
0.000103145
3.2597e-05
0.000302508
3.77128e-05
0.000420866
0.000258873
0.000141819
0.00011352
0.000155485
0.000129853
0.000268085
0.000125424
0.000217653
0.000136298
0.000584701
0.00013195
0.000318732
0.000133691
0.000396094
0.000257025
0.000171226
3.14668e-05
0.000119426
0.000287181
8.22479e-05
3.27508e-05
2.50836e-05
0.000600837
8.09848e-05
0.000549157
5.83397e-05
2.6764e-05
0.00021625
0.000305003
0.000110892
0.000166452
3.54946e-05
7.13402e-05
4.86949e-05
5.15864e-05
3.55264e-06
4.56761e-05
0.000481509
0.000182831
0.000227348
0.000427879
0.000104635
0.000192651
0.000207113
0.000252029
0.000328467
4.98644e-05
0.000161401
0.000179363
7.86199e-06
0.000155569
3.47241e-05
6.8447e-05
0.000201834
0.000314361
0.000132265
0.000175445
5.13846e-05
0.000136802
6.47904e-05
0.000219799
2.93807e-05
0.00022803
0.000246603
0.000433193
0.000403349
0.000383717
0.000199703
0.000212421
8.90938e-05
0.000190107
0.000200262
0.000134261
0.000394892
2.38906e-05
0.000209516
0.000204179
7.16333e-05
1.99214e-05
9.24706e-05
0.000140701
0.00062096
6.3968e-05
0.0001701
3.69244e-05
0.000236658
4.10788e-05
0.000135952
2.59458e-05
0.000312922
0.00025164
0.000143243
0.000194877
0.000192692
0.00022055
3.35272e-06
0.000221776
9.43789e-05
0.000294189
5.00952e-05
0.000397411
9.20628e-05
4.82456e-05
7.92984e-05
0.00027077
0.00030669
0.000154713
4.15046e-05
2.89118e-05
0.000240155
0.000116402
4.53786e-05
0.000183793
2.13159e-05
0.000265282
0.000122471
2.99635e-05
7.74703e-05
6.26254e-05
0.000101532
0.00027551
0.000105718
1.36348e-05
9.99073e-05
0.0001978
0.000152551
0.000139613
1.94888e-05
5.87804e-06
1.13307e-05
0.000142934
0.000126138
0.00013387
0.000245051
4.67406e-05
6.84346e-05
5.6429e-05
9.74208e-05
5.55258e-05
0.000141968
1.31507e-05
8.68441e-05
6.0273e-05
0.000226494
2.15567e-05
4.38661e-05
0.000137579
