n=32
J=0.707107
eta=1.06329
mu=0.0455696
beta-optimal=0
max-overlap=0
0.00577352
0.00288732
0.00887433
0.000214489
0.00111925
0.00597168
0.00490566
0.00294206
0.000446252
0.00207831
0.000561301
0.00216945
0.00049183
0.00179927
0.00158565
0.00177704
0.000742617
0.000448517
0.000235219
0.000978077
0.000329055
2.44186e-05
0.00104955
0.000371041
0.000692908
0.00039187
0.000850944
0.000399458
0.000874706
0.000389337
0.000649767
0.000165557
5.66259e-05
0.000523129
0.000166884
0.000348507
0.000168211
0.000456289
0.000553687
0.000330396
0.000637077
0.000303595
0.00165561
0.000326658
0.000887016
0.000744268
0.000414505
0.000307146
0.00020088
6.50672e-05
0.000179441
0.000763055
5.91149e-05
0.000462833
0.000278834
5.56986e-05
0.000574291
5.9457e-05
0.000397442
2.05337e-05
3.9884e-05
0.000477445
4.68592e-05
0.000272343
7.8655e-05
0.0012339
0.00128372
0.000279158
0.000322079
0.000331062
0.000253414
0.000275261
0.000930947
0.000243821
0.00080139
0.000163534
0.00036885
0.000242531
0.000383935
0.000372917
0.000337308
0.000304954
0.000379315
0.000554601
0.000240565
0.000186129
0.000242108
9.29301e-05
8.30919e-05
0.000146194
5.46717e-05
0.000465007
0.000260857
9.84003e-05
0.000272985
0.000301516
0.000334498
5.76881e-05
0.000349843
0.000285997
0.000145056
8.82571e-05
8.62244e-05
0.000728917
0.000118114
0.000127623
0.000123167
0.000110489
0.000193201
0.000162495
6.38395e-05
0.000212069
0.000128426
0.000232591
2.73167e-05
5.35706e-05
0.000291438
0.000113183
0.00012479
0.000168564
0.000429664
1.36285e-05
7.28268e-05
0.000137512
0.000232351
0.000270007
0.000240298
0.000153103
1.17621e-05
0.000386556
0.000198328
0.000314721
2.13321e-05
0.000201986
0.000138689
0.000285004
1.37251e-05
0.000378016
1.29597e-05
0.000234388
5.43683e-05
0.000162866
9.42719e-05
1.62088e-05
0.00017735
0.000141368
0.000178491
4.45352e-05
8.03147e-05
0.000339811
0.00010955
0.000256109
0.000270882
1.88794e-05
0.000195301
9.30141e-05
6.32171e-05
1.29811e-05
2.37643e-05
0.000199805
0.00016391
0.000142982
0.000294253
8.22494e-05
0.000122173
0.000242378
0.000219066
5.06038e-05
0.000273138
0.000332842
0.000298816
0.000276013
0.000125773
0.000197708
1.68459e-05
0.000493089
0.000302631
0.000204845
1.97464e-05
0.000122379
0.000181255
0.000163791
0.000265422
0.000147122
5.00401e-05
6.19143e-05
0.000144463
4.24982e-05
9.87822e-05
5.76447e-05
0.000416312
6.03133e-05
6.76289e-05
9.27139e-05
0.000227874
0.000180608
2.16581e-05
4.98778e-05
0.000136921
0.000228742
3.49079e-05
0.000175347
9.60508e-05
0.000174176
5.00764e-05
0.000103716
0.00013996
0.000240817
3.8504e-05
0.000223997
3.29096e-05
6.97799e-05
0.000321864
5.08956e-05
0.000145563
0.000287289
0.000109708
2.40928e-05
0.000237722
8.7768e-05
0.000129121
0.000279676
2.02343e-05
0.00010677
3.10115e-05
0.000174166
4.1353e-05
9.53691e-06
0.000161804
0.00028051
9.9536e-05
0.000150515
0.000121317
0.000177459
1.56788e-05
0.000281728
0.000103676
0.000135642
4.65513e-05
0.000116423
9.88561e-05
0.000138563
8.91023e-05
0.000108386
0.00012521
0.000117547
7.52964e-05
7.2169e-05
0.00015025
6.96435e-05
9.10964e-05
1.2764e-05
0.000174878
6.34497e-05
0.000221165
1.12727e-05
