n=32
J=0.707107
eta=1.03797
mu=0.0455696
beta-optimal=0
max-overlap=0
0.00315829
0.00598017
0.00246451
0.00706417
0.000227074
0.000130149
0.00501247
0.000297064
0.000721618
0.00049172
0.00185997
6.28293e-05
0.00200176
0.000751247
0.000714504
0.000496261
0.00168346
5.14816e-05
0.000750981
0.00192331
0.00028859
0.000431934
1.1648e-05
0.000730386
0.00159454
0.000294207
0.000137149
0.00150221
0.00122021
0.000972392
0.000656117
0.000468834
2.80939e-05
0.000237484
0.000287353
0.000985775
0.00103552
0.00146042
0.00103451
0.000823998
0.000468136
5.01677e-05
0.000726446
0.000460085
0.000471036
0.000229556
0.000118158
7.12932e-05
5.62562e-06
0.000302503
0.00169863
0.00120218
0.000590175
0.000681371
0.000117073
0.00025374
0.000432406
0.000589067
0.000260919
0.000906431
0.000498163
0.000639314
9.24763e-05
0.000322771
0.000743604
0.000546616
0.00043957
0.00052676
6.04131e-05
0.000227858
0.000741243
0.00046697
0.000166995
0.000211199
0.000559207
7.47972e-05
0.000679384
0.000522024
0.00043869
0.000348802
0.000113053
0.000852088
0.000640737
0.000127445
0.000123681
0.000255277
0.000251918
0.000945195
0.000260729
0.000481521
8.45732e-05
0.000217372
0.000106418
0.00046244
0.000521584
0.000196261
4.17293e-05
0.00079351
8.78215e-05
8.44203e-05
0.000842351
0.000539033
0.000144054
0.000159481
0.000140478
0.000111242
0.000330714
3.7497e-05
0.000274768
7.53791e-06
0.000251205
0.000250307
0.00010722
0.000393407
0.000105862
0.000669023
0.00018396
0.000344789
3.37321e-05
4.21667e-05
0.000143409
0.000324437
0.000312185
0.00022232
0.000314238
0.000712634
0.000164785
0.000230882
8.41598e-05
0.000258831
0.000354073
0.000138971
5.29026e-05
0.000274576
0.000198086
0.000312952
0.000195223
0.000144195
0.000102627
0.00018265
0.00031743
6.06012e-05
7.43513e-05
0.000300634
5.34132e-05
0.000291295
7.18433e-05
0.000324215
0.000319667
0.000202235
0.000277296
7.90355e-05
6.55369e-05
0.000308217
0.000273567
0.000182482
1.94233e-05
3.93312e-05
0.000123248
8.85571e-05
6.01503e-05
0.000138143
0.00014327
0.000524556
0.000152752
0.000276114
8.30245e-05
2.19833e-05
5.73697e-05
2.06434e-05
5.3597e-05
0.000129032
5.0279e-06
7.71918e-05
0.000100782
1.83487e-05
3.7537e-05
2.79317e-05
9.41955e-05
0.000199693
8.49136e-05
0.000156576
0.000126455
0.000153066
0.000142119
1.71419e-07
0.000106731
0.000118153
6.97514e-05
0.000100573
0.000148171
9.94897e-05
2.01828e-06
0.000124012
0.000299517
3.39584e-05
0.000169873
1.89012e-05
0.000144726
0.000181373
9.23926e-05
0.000226053
0.000118772
0.000256012
0.000190155
0.000273836
6.97087e-05
1.08923e-05
0.000198718
7.83544e-05
4.63148e-05
0.000169064
4.99899e-05
0.000112319
5.97242e-05
5.34044e-05
0.000141023
0.0001154
0.000118957
0.00011477
3.88936e-05
1.23709e-05
0.000156324
0.000121856
2.20408e-05
0.000210307
0.00014243
9.15343e-05
0.000158433
0.00013436
6.60281e-05
0.000139636
0.000135846
0.000102354
7.99396e-05
0.000101327
6.65483e-06
7.09811e-05
8.59855e-05
7.42835e-07
0.00035312
0.00033262
9.40233e-05
0.000227117
0.000186617
0.000188655
0.000115352
3.74904e-05
0.000113544
9.03826e-05
0.000153192
0.000206169
6.9402e-05
0.000179444
4.39054e-05
0.000193176
