n=32
J=0.707107
eta=1.01266
mu=0.0101266
beta-optimal=0
max-overlap=0
6.04483e-12
4.98239e-11
1.65906e-11
4.53783e-11
2.21719e-11
1.3014e-11
9.19257e-12
9.42236e-12
1.72016e-11
6.43962e-12
3.54639e-12
4.28185e-12
1.18443e-11
9.30095e-12
6.34074e-12
2.71971e-12
5.7402e-12
4.78093e-12
7.88319e-12
5.72521e-12
3.24504e-12
8.81717e-12
4.91966e-12
1.81824e-12
4.45551e-12
1.73051e-12
1.84204e-12
3.95521e-12
4.57426e-12
3.98513e-12
5.01682e-12
2.41342e-12
4.20311e-12
3.19837e-12
1.37273e-12
1.21808e-12
2.28146e-12
2.93486e-12
4.03204e-12
2.90224e-13
3.54236e-12
2.39548e-12
3.95935e-13
7.19319e-13
6.89717e-13
2.47477e-12
1.13562e-12
2.45984e-12
1.86877e-12
2.25982e-13
1.46367e-12
1.98814e-12
2.32777e-12
7.77744e-13
1.19985e-12
3.48758e-12
3.44096e-12
4.00976e-13
3.2277e-13
9.66489e-13
2.51035e-12
1.87373e-12
1.2767e-12
1.00765e-12
2.2174e-12
7.52412e-13
7.30339e-13
1.17909e-12
1.80874e-13
8.00986e-13
4.26837e-13
2.43809e-12
7.11226e-13
1.32887e-12
2.12841e-12
1.08303e-12
1.42629e-12
8.32431e-13
3.23089e-13
1.83808e-12
1.08285e-12
1.98647e-12
3.97588e-13
1.85231e-12
7.43284e-13
1.1911e-12
1.25642e-12
1.94438e-12
5.09293e-13
1.10522e-12
5.28898e-13
5.4073e-13
1.36975e-12
2.84858e-14
9.10494e-13
7.61669e-13
8.76243e-13
1.00908e-12
6.08777e-13
1.09731e-12
8.03506e-13
4.16099e-13
4.20618e-13
2.51904e-12
2.45428e-12
2.53436e-12
6.97108e-13
9.61297e-13
6.02523e-13
9.76144e-13
7.99423e-13
3.13795e-13
2.91797e-13
1.62892e-12
2.36135e-13
5.06147e-13
1.3891e-12
5.28473e-13
7.16891e-13
8.1449e-13
1.53731e-13
5.55912e-13
1.31298e-12
4.10696e-13
1.33428e-12
4.34031e-13
1.01359e-12
4.98812e-13
2.85605e-13
1.68632e-13
3.59121e-13
6.98778e-13
1.33885e-13
6.89754e-13
3.84075e-13
1.69729e-13
5.2099e-13
4.28143e-13
9.07657e-13
5.55504e-13
1.46453e-12
2.7516e-13
2.61022e-13
4.72747e-13
8.32453e-13
3.46436e-13
7.241e-13
3.6591e-13
1.26957e-12
6.10415e-13
6.05194e-13
5.43965e-13
1.93285e-13
2.55962e-13
5.96991e-13
2.16977e-13
6.8035e-13
4.34194e-13
8.12225e-13
2.97117e-12
6.12072e-13
2.83281e-13
1.89346e-13
4.50515e-13
1.56883e-13
1.33748e-13
2.21855e-13
1.80355e-12
8.15744e-13
1.96414e-13
1.00632e-12
2.22331e-13
7.77973e-13
2.80449e-13
1.32006e-13
2.29445e-13
6.23003e-13
4.43441e-13
1.50904e-13
1.28666e-12
9.10491e-14
1.53724e-13
9.35625e-13
5.267e-14
3.30614e-13
8.95099e-13
1.01381e-12
3.0619e-13
1.00867e-12
2.26729e-13
3.51595e-13
1.58248e-13
1.92167e-12
3.14774e-13
5.53956e-13
4.86428e-13
2.20593e-13
1.09963e-12
8.44899e-14
4.01343e-13
8.84438e-13
3.06916e-13
4.81304e-13
1.88166e-13
2.76565e-13
2.0781e-13
1.01628e-13
8.7657e-13
6.73253e-13
2.92441e-13
4.02896e-13
3.23305e-13
4.77574e-13
3.80862e-13
3.5115e-13
4.06941e-13
3.46711e-13
9.19655e-14
2.25267e-13
3.07386e-13
7.96287e-13
1.0437e-12
1.99286e-13
1.31624e-12
4.54992e-13
3.9059e-13
8.96252e-13
8.66823e-13
1.25976e-13
3.46857e-13
1.40616e-13
2.16584e-13
1.4724e-13
2.67947e-13
3.65108e-13
1.33239e-13
2.47023e-13
5.72848e-14
4.52903e-13
1.28405e-12
8.80458e-13
3.5941e-13
6.5765e-13
1.68606e-13
1.01465e-12
2.84184e-13
4.03686e-13
3.17578e-13
3.1277e-13
2.3159e-13
5.83527e-14
3.95349e-13
6.45153e-13
1.86804e-13
4.4785e-13
9.6642e-13
