n=32
J=0.707107
eta=1.8481
mu=0
beta-optimal=0
max-overlap=0
1.82067e-15
1.47134e-15
1.99351e-15
3.11827e-13
3.35024e-14
4.84085e-13
2.29803e-13
2.79086e-12
6.58323e-13
8.40926e-13
3.44699e-13
3.29589e-13
7.17954e-14
2.70793e-14
2.2909e-14
3.13307e-15
4.87529e-16
2.96634e-17
3.2305e-17
2.53153e-18
3.82224e-18
6.61082e-19
3.36585e-18
6.85604e-18
6.09604e-18
8.38607e-18
1.13581e-17
7.28435e-18
1.11838e-17
9.7398e-18
5.82682e-18
5.08644e-18
3.40596e-18
7.04696e-19
8.27555e-18
1.57542e-18
5.13057e-18
3.77161e-18
4.1034e-18
1.89409e-18
4.04263e-18
2.80141e-18
2.61035e-18
2.40408e-19
2.48107e-18
5.82568e-18
6.36685e-18
4.92784e-18
3.85739e-18
3.43365e-18
6.19423e-18
1.8229e-18
6.91192e-18
2.09502e-18
5.91968e-18
3.55546e-18
9.13625e-19
5.12194e-18
6.0021e-18
6.95551e-18
8.57821e-18
6.09943e-18
1.18433e-17
3.22288e-17
4.1156e-17
6.99365e-17
1.07234e-16
6.25493e-16
3.29183e-16
1.12453e-15
7.54974e-16
8.65608e-16
7.96621e-15
4.28959e-14
3.85731e-14
2.68847e-14
3.58114e-14
5.44308e-14
1.99987e-13
5.60013e-13
8.31192e-13
7.72508e-13
6.44936e-14
9.59095e-13
1.83671e-13
2.31035e-13
9.8594e-13
6.41733e-13
2.26952e-13
3.40841e-13
1.12216e-13
3.20779e-13
1.61479e-13
4.40015e-14
1.91752e-14
1.30375e-14
8.75981e-15
2.57511e-15
4.26749e-16
2.61176e-16
2.69238e-16
4.75279e-17
9.72625e-18
2.22565e-18
5.61195e-18
3.48768e-18
1.93839e-18
2.11622e-18
3.72332e-18
2.54302e-18
5.95717e-18
1.00931e-18
4.06131e-18
5.41201e-18
1.3246e-17
9.21954e-18
5.61143e-18
5.03958e-18
6.6496e-18
1.04542e-17
1.19779e-17
2.18547e-18
6.76959e-18
6.52551e-18
6.10689e-18
1.08458e-17
5.37239e-18
2.2299e-18
5.88056e-18
5.26435e-18
3.03795e-18
4.88136e-18
4.4131e-18
3.82643e-18
1.79938e-18
2.78512e-18
2.94149e-18
3.84633e-18
2.86743e-18
2.4342e-18
3.14505e-18
4.25879e-18
5.40393e-18
5.24318e-18
1.38049e-18
1.64188e-18
2.61961e-18
1.16321e-18
7.54304e-19
2.64235e-18
1.41146e-18
3.23605e-18
3.50921e-18
2.8025e-18
2.75056e-18
3.81112e-18
2.87801e-18
4.74284e-18
3.20844e-18
2.89786e-18
5.91354e-18
5.27048e-18
2.69158e-17
1.07222e-16
6.50764e-16
1.50794e-15
4.69829e-15
1.03026e-14
8.9429e-15
4.29303e-14
2.86401e-14
1.14439e-13
4.41446e-14
1.53589e-13
2.79962e-13
2.59433e-13
3.55706e-13
2.5561e-13
9.3904e-13
1.51983e-13
7.32419e-13
4.06426e-13
4.04118e-13
5.09551e-13
1.34648e-13
5.26099e-13
1.6875e-13
2.13793e-14
6.12678e-14
1.91206e-14
1.27299e-14
5.09866e-15
2.10398e-16
2.11358e-16
2.33912e-17
6.28691e-17
3.84523e-17
1.57484e-17
7.18605e-18
8.18888e-18
5.28723e-18
6.80912e-18
5.77922e-18
6.14402e-18
3.72754e-18
6.11813e-18
6.11162e-18
4.3516e-18
9.32447e-19
2.53885e-18
4.47675e-18
7.7065e-18
4.76883e-18
4.7652e-18
4.87281e-18
3.13907e-18
1.13701e-18
5.60734e-18
6.94525e-18
3.84569e-18
4.19956e-18
3.55993e-18
5.36433e-18
4.76318e-18
4.2793e-18
1.2428e-17
3.16281e-18
1.20519e-17
6.04593e-18
4.92757e-18
5.66308e-18
1.66513e-18
2.68613e-18
5.2572e-18
1.62748e-18
2.89446e-18
3.34316e-18
1.04633e-18
2.36997e-18
8.34115e-18
1.47277e-17
4.80996e-16
1.64687e-14
8.35411e-15
1.30759e-14
8.07696e-14
3.66893e-13
2.5293e-13
1.91018e-13
1.09386e-12
6.90364e-13
2.83437e-13
4.16013e-14
3.39889e-15
9.48082e-15
5.11383e-15
