n=32
J=0.707107
eta=1.16456
mu=0.0658228
beta-optimal=0
max-overlap=0
0.00380272
0.00268468
0.00182969
0.00295661
0.0017629
0.00302537
0.0033027
3.98861e-05
0.00162646
0.00174578
0.00214875
0.000887688
0.00047288
0.00179806
0.0018357
0.00052711
0.00158129
0.000360654
0.000704529
0.00215055
0.00103291
0.000480865
0.00139933
0.00056907
0.00227465
0.000498069
0.00183403
0.000694199
0.000189351
0.00250386
0.000400561
0.00144374
0.00188987
0.000216135
0.00153696
0.000378678
0.000762763
0.000895993
9.75781e-05
0.000316766
0.000754012
0.000591506
0.000163479
0.00120877
0.00157026
0.000845413
0.000642542
0.00143195
0.000209322
0.000472579
0.00115238
0.000245598
0.000981112
1.55496e-05
0.000146629
0.00035616
0.000948897
0.00111238
0.000986193
0.000348385
0.000438829
0.000565061
0.000214639
0.000701629
9.27972e-05
0.00093188
0.000295665
0.00109702
0.000115605
0.000959483
0.000896501
0.000349905
1.15155e-05
0.000188067
0.000145168
0.00064268
0.000381835
0.00123962
7.09617e-06
0.000630075
0.000284262
0.000707103
0.000909027
7.54962e-06
0.000291186
5.13115e-05
0.00015373
0.000344316
8.93645e-05
0.00118921
0.0001109
0.000685711
3.56614e-05
0.000163315
1.44262e-06
0.000765723
0.000529968
0.000486224
0.000767092
0.00047209
4.94259e-05
0.000549897
0.000155237
0.0002647
0.000119823
5.64032e-05
1.64397e-05
0.00024393
0.000374315
0.000713868
5.33571e-05
8.84894e-05
0.000358805
0.000105833
0.000997515
0.000166565
0.000405956
0.000543128
0.000359476
0.000169416
7.70132e-06
0.000331783
0.000594614
3.885e-05
0.00076218
0.000403496
0.000151745
0.000209053
7.67773e-05
0.000249042
0.000418969
0.00026727
0.00017844
0.000147065
0.000213547
0.000819928
0.000106144
0.000627895
0.000483631
0.000347568
0.000110815
0.000417699
0.000246026
0.000349009
8.50715e-05
0.000296647
0.000301792
0.000147568
0.000256489
0.000152151
0.000136515
9.68802e-05
7.30325e-05
0.00031004
9.64061e-05
9.86658e-05
0.000448919
0.000184528
0.000130469
0.000171055
0.000102336
0.000176376
0.000343676
2.8503e-05
2.07142e-05
0.000269969
0.000378611
0.000356134
0.00022342
0.000212187
9.79219e-05
1.15722e-05
0.000326836
0.000296164
0.000484157
5.06761e-05
0.00026599
3.22472e-05
1.07969e-05
0.000363211
0.000342915
6.68273e-05
0.000306554
0.000638844
5.69502e-05
0.000128935
4.54256e-05
5.04064e-06
1.95303e-05
8.06537e-05
7.06552e-05
9.64293e-05
0.000145375
0.000229519
7.88723e-05
8.66751e-05
3.92264e-05
0.000252328
0.000292225
6.24595e-05
3.45935e-05
0.000268818
0.000304386
0.000425809
0.000169778
0.000398387
0.000121714
0.000100989
0.000335903
0.000301128
0.000296534
7.39177e-05
8.82033e-05
0.000184611
0.000371156
0.00010536
0.000278536
0.000357156
0.000300649
0.000487837
1.09065e-05
0.000438093
0.000174928
0.000254502
0.000495183
0.000151707
0.000213466
0.00031562
0.000200912
0.000257145
0.000146435
0.000345189
0.000251753
3.93361e-05
0.000281169
0.000140472
0.000366636
4.32758e-05
0.000159698
0.000314494
5.66518e-05
3.35332e-05
0.000367709
0.00051645
0.000148282
0.000142909
0.000369729
0.000186871
0.000269397
0.000244728
0.000356029
1.20111e-05
5.36016e-06
6.19299e-05
0.000144741
7.52981e-05
