n=32
J=0.707107
eta=1.13924
mu=0.0658228
beta-optimal=0
max-overlap=0
0.00065417
0.00367416
0.000367023
0.00289988
0.00412672
0.00203634
0.000148382
0.00396095
0.000118672
6.32273e-05
0.00412509
0.000298015
0.000390868
0.00104105
0.000135268
0.00213656
0.00065032
0.00111292
0.000326339
0.000613794
0.00308169
0.00273424
0.000316404
0.000654666
0.00104279
0.000552541
0.002792
0.00100431
0.000269825
0.000649438
0.000914833
0.00161249
0.0010897
1.67854e-06
0.000603725
0.00069397
0.000479914
0.000762799
0.000248569
0.000904476
0.000573415
0.00020758
2.46667e-05
0.00100884
0.000342616
0.000930917
0.00139081
0.000688551
0.00064737
0.000826591
0.00234868
0.000226092
0.00035681
0.00121164
0.00101437
0.000979043
0.00120988
0.00130225
7.79464e-05
0.000521909
0.00095997
0.000866514
0.000331448
0.000820022
0.000260546
6.95668e-06
0.000640829
0.001002
0.000604407
0.000180825
3.82949e-05
0.000122949
4.69415e-05
0.000316702
0.00123444
0.000190085
0.000352036
0.000260675
8.30407e-06
0.00029814
0.000324454
0.000476229
0.00057781
0.000999305
8.54846e-05
0.00121181
0.000215456
0.000856267
0.000137737
7.95323e-05
0.000682149
0.000439214
0.000286396
0.00049542
0.000453855
0.000501667
1.16486e-05
0.000393548
1.9504e-05
0.000622456
7.53238e-05
1.05048e-05
0.000533946
0.000893404
6.20082e-06
0.000930262
0.000195446
0.000860368
4.79886e-05
0.000441159
0.000344118
0.000360224
7.97418e-06
6.34375e-05
9.40093e-05
0.000463721
0.000290622
7.88288e-05
0.000817783
2.06481e-05
8.58932e-05
0.000162549
6.85626e-05
3.5041e-05
0.000193527
0.000365948
0.000780191
6.1407e-05
0.000309886
0.000164162
9.48477e-06
7.75459e-05
0.000535644
0.000320306
0.000142253
0.000394526
0.000245699
0.000218415
0.000266004
0.000258147
0.000454482
6.14017e-05
0.000138992
0.000105443
3.28299e-05
0.000190605
0.000697577
2.98532e-05
0.00016978
0.000558112
0.000156105
0.000211004
0.000191247
9.15066e-05
3.89605e-05
0.000331349
0.000136494
3.41177e-05
0.000195034
0.000325763
4.07353e-06
2.38249e-05
0.00072182
5.96548e-05
7.13427e-05
0.000318583
0.000211731
9.34863e-05
0.00040379
0.000676955
3.01587e-05
0.000203571
0.0001575
0.000185376
0.000308675
2.5306e-05
8.58038e-05
6.3888e-05
0.000347792
2.65436e-05
0.000150569
6.18301e-05
0.000360716
2.0601e-05
0.000279208
0.00048438
0.000224129
2.79022e-05
1.87199e-05
8.3075e-05
0.000248541
3.49401e-05
0.000169676
2.79055e-05
7.45448e-05
0.000174071
0.000105568
6.26799e-05
0.00013881
0.000385069
0.000131751
8.46416e-05
5.19522e-05
0.000167044
5.39328e-05
0.000347189
0.000170836
6.32627e-05
0.000164693
5.64321e-05
0.000258298
0.000133537
2.48414e-05
0.000141505
0.000568663
0.000157052
0.000170127
0.000432467
0.000384097
2.02427e-05
7.06559e-05
0.000277522
8.99236e-06
0.000448612
0.000183788
0.000214989
2.88998e-06
0.000153538
0.000577822
0.000105667
0.000141082
0.000534591
0.000122305
0.000126628
0.000340103
4.74863e-05
0.00011603
0.000208632
0.000154903
0.000223211
1.9766e-05
6.13457e-05
0.000126093
0.000302825
0.00013433
1.30864e-05
0.000138786
0.000268427
0.000216193
9.66006e-05
0.000389583
0.000328618
0.000145485
4.48355e-05
1.42715e-05
7.49563e-05
