n=32
J=0.707107
eta=1.16456
mu=0.0987342
beta-optimal=0
max-overlap=0
0.00737584
0.000128488
0.00468924
0.00212336
0.000462656
0.00141552
0.00613254
0.00276003
0.00432057
0.00191428
0.00323634
0.00237329
0.00143008
0.00126461
0.00138868
0.000552534
0.00364662
0.001393
0.00318133
0.00145168
0.0031466
0.000686064
0.00274631
0.00121604
0.000162089
0.000821772
0.0015562
0.000151104
0.00109873
0.000499507
0.00109199
0.000518083
0.000886754
0.000873028
0.000172424
0.000202396
0.000316457
0.000227299
0.001118
0.000498808
0.000403536
0.00015232
0.000665275
0.000975008
0.00127029
0.000154625
0.00168416
0.000878448
0.000918925
6.05364e-05
0.000132007
0.000418431
0.00167864
0.000401985
0.00123882
0.000459091
0.000185212
0.000775321
0.000750444
0.00051004
0.00133024
0.000389465
0.000765142
7.98961e-05
0.000405855
0.000287612
0.000282793
0.00084127
0.00163951
0.000671917
0.000496412
0.000604603
0.000399653
0.000880481
0.000902239
0.000581004
0.000326887
0.000309119
0.00184003
0.000587272
0.00013216
0.000204486
0.000546503
0.000370019
0.000323857
0.00100579
0.000512641
0.00148168
0.00078807
0.000802852
0.000551896
0.000441639
0.000430162
0.000167863
0.000211697
0.000173243
0.000227439
0.000215603
0.000447425
0.000138268
0.000600653
9.68137e-05
0.000719885
0.000188158
0.000248925
0.000434571
0.000934863
0.000231942
0.000482061
0.000188089
5.09954e-05
6.71019e-05
1.70348e-05
0.000826848
0.000266571
0.00103702
0.000278531
0.000459759
0.000494409
0.00123111
0.000538661
0.0004862
0.000700068
4.00833e-05
5.26135e-05
0.00040066
0.000317398
0.000137385
3.2615e-05
5.7328e-05
0.000511532
0.000586781
0.000313992
0.000263701
0.000392127
0.000328055
0.000280307
0.000504019
0.000280843
0.000107999
0.000177457
0.000974655
0.000158395
0.000597454
2.34072e-05
0.000322414
0.000275515
0.000219677
0.000297322
0.000194706
0.000356807
0.000376133
0.000333337
0.000512132
0.000492935
0.000430387
0.000333742
0.000132127
5.44369e-05
0.000154931
3.98431e-05
0.000694787
0.000125214
0.000382044
0.000137595
6.07731e-05
7.84778e-05
0.000429072
0.000148728
7.77946e-06
0.000103978
0.000280333
0.00023808
0.000157672
0.00043558
0.000463614
0.000268584
2.6324e-05
0.000344976
0.000263376
0.000439289
8.63925e-05
0.000428386
5.82287e-05
0.000215638
0.000201295
0.000239152
0.000217985
0.000544329
9.04382e-05
0.000171836
4.81147e-05
0.000438916
0.00021164
0.000522387
0.000181415
4.60132e-05
0.000375103
9.38221e-05
6.18785e-05
0.000154856
3.04054e-05
0.000187564
0.000145803
0.000218365
4.31842e-05
0.000524006
9.15862e-05
0.00028305
0.000110473
0.000336423
0.000442763
2.90191e-05
0.000182548
6.14415e-05
2.16861e-05
0.00035922
0.000610279
0.000180624
8.93887e-05
0.000197178
0.000100575
0.000385998
6.5665e-05
2.45616e-06
3.6114e-05
0.000306271
0.000154437
0.000252765
0.000234445
0.000530184
6.03718e-05
1.85912e-05
0.000106892
5.73429e-05
1.5008e-05
0.000156151
0.000183108
0.000209168
0.000277818
0.000110621
0.000186386
0.000356019
0.000455794
0.000689425
0.000528011
0.000824653
0.000215008
0.000606331
0.000192297
0.000444007
8.61652e-05
0.000150236
0.000319517
4.52945e-05
9.68247e-05
