n=32
J=0.707107
eta=1.06329
mu=0.0658228
beta-optimal=0
max-overlap=0
0.00313736
0.0160361
0.00803621
0.0107849
0.00947797
0.00502011
0.00210235
0.000115298
0.00056248
0.000980538
0.00186778
0.00293163
0.00395658
0.00406769
5.39909e-05
0.00272416
0.00279468
0.00402868
0.00309427
0.000940859
0.0010366
0.00309845
0.00282131
0.000525963
0.00163816
0.00243815
0.000869525
0.00169465
0.00129625
0.000963431
0.00389952
0.00119633
0.000485356
0.00116636
0.00197746
0.00149759
0.000449112
0.000408027
8.05255e-05
0.000870375
0.000540874
3.07017e-06
0.00217421
0.000785366
0.000632006
0.000242743
0.00104019
0.000535298
0.000490073
0.00111418
0.00147149
0.00103518
0.000701145
0.00240027
4.46277e-05
0.000401199
0.000813923
0.000189856
0.00158263
0.00158638
0.000560557
0.00046957
0.000262959
0.000616442
0.000106283
0.00125538
0.000482227
0.000492705
0.0011038
0.000129505
0.00111618
0.000698295
6.78896e-05
0.000314047
0.000763069
0.00187556
0.000531299
0.000372062
0.000657014
0.000457582
0.000583903
0.000285384
8.26992e-05
0.00102372
0.000721749
0.000687697
8.62215e-05
3.07793e-05
0.00010909
0.000537733
0.000274957
0.000424252
0.000829825
0.000246898
0.000450875
0.000278438
0.000809973
0.000177917
0.000597196
0.000175675
0.000861133
0.000451658
0.000654524
0.000566708
0.000372703
0.000413288
0.00077389
8.29201e-05
0.000821012
6.74464e-05
0.00032035
2.54058e-05
3.41934e-05
0.000429948
0.000275881
0.000221558
0.000194535
2.56795e-05
0.00015281
0.000766919
0.000448367
0.000200185
0.000280427
0.000141734
0.000430003
0.000540546
0.000139705
0.000552295
2.7104e-05
4.13946e-05
0.000174054
0.000684068
1.34511e-05
0.000238206
0.00077314
0.000117468
0.000335233
6.96077e-05
0.000288029
0.000222374
2.39888e-05
0.000150722
0.000360571
0.000856461
0.00101492
0.000163217
0.000668454
9.48723e-05
0.000320863
1.50796e-05
0.000666365
1.69077e-05
0.000471219
1.03042e-05
0.000209034
0.000141791
0.000321771
9.7331e-05
0.00017231
0.000480848
0.000207719
0.000199908
0.000147719
7.00704e-05
0.000209895
0.000243151
0.000270499
0.000600907
8.86385e-05
7.42661e-05
0.00030952
6.65532e-05
0.00038659
0.000173351
0.000134709
0.000167237
0.000142508
0.000196044
9.42431e-05
0.000485844
0.000286086
2.0504e-05
0.000108778
2.23956e-05
0.000293743
0.000199612
0.000105715
7.10466e-05
0.000397128
0.000419204
7.07026e-05
0.00010603
7.6974e-05
1.23412e-05
0.000161126
0.000140349
6.49283e-05
9.90819e-05
5.36447e-05
0.000315246
4.83995e-05
6.5131e-05
5.95235e-06
8.06783e-05
6.87575e-05
9.91988e-05
6.81358e-05
2.6052e-05
9.73316e-05
3.82202e-05
0.000164515
0.000181293
0.00027493
2.88524e-05
0.000365096
2.80224e-05
0.000173269
0.000382123
0.000474959
7.33194e-05
0.00026702
0.000697356
0.000133353
0.000351671
0.000112494
5.44295e-05
0.000231954
0.000109018
0.000157688
0.000380983
0.000106748
0.000216001
0.000169988
0.000246452
7.59979e-05
6.20953e-05
3.35975e-05
3.55384e-05
4.28891e-05
0.000172378
0.000241205
0.000228745
0.000221741
0.000179078
0.00017403
0.000240523
0.000171097
0.000191531
0.000209014
0.000216808
0.000182561
0.000386644
0.000178093
0.000241925
0.000382458
9.98372e-05
