n=32
J=0.707107
eta=1
mu=0.0101266
beta-optimal=0
max-overlap=0
0.574357
0.380215
0.276931
0.0460554
0.0303245
0.0266548
0.0205452
0.017128
0.0198816
0.0111754
0.00877726
0.0113741
0.00825899
0.00826699
0.0110373
0.00988561
0.0049411
0.00700413
0.00565104
0.00373214
0.00482224
0.0056696
0.00472999
0.0053721
0.00466086
0.00362005
0.00227478
0.00493883
0.0032391
0.00380796
0.00245666
0.00220142
0.00278926
0.00225191
0.00304819
0.00319673
0.00258038
0.00183764
0.00255842
0.00225818
0.00223672
0.00222398
0.00283003
0.00176924
0.00236896
0.00214013
0.00229088
0.0019855
0.00175063
0.00150782
0.00116543
0.000913676
0.000751586
0.00106715
0.000865243
0.00120452
0.0015537
0.00152394
0.00112308
0.00120018
0.00145819
0.00143706
0.000809168
0.000904364
0.000784121
0.00102392
0.0012063
0.000916563
0.000661551
0.000454969
0.000626736
0.000685752
0.00101901
0.000822017
0.000599224
0.000970683
0.000297406
0.000835191
0.000719509
0.000586872
0.000723786
0.000988295
0.000634245
0.000400574
0.000908443
0.000238151
0.000569366
0.000733752
0.000604247
0.000297875
0.000344346
0.000531885
0.00039897
0.000527557
0.000390592
0.000584165
0.000364916
0.000363156
0.000534777
0.000334672
0.000598819
0.000445553
0.000464785
0.000329846
0.000195005
0.000359519
0.000306639
0.000399079
0.000275267
0.00027812
0.000334988
0.000288234
0.000415096
0.000219339
0.000267777
0.000439718
0.000176995
0.000304341
0.000328134
0.000259532
0.000266745
0.00026718
0.00042491
0.000255751
0.000379506
0.000369151
0.00020529
0.000247049
0.00028328
0.000229621
0.000226826
0.000200394
0.00017365
0.000278767
0.00026468
0.000383037
0.000309643
0.00027507
0.00011384
0.000114198
0.000342869
0.000131645
0.000277951
0.000253521
0.000161664
0.000167806
0.000176999
0.00015965
0.00020583
0.000148609
0.000126751
0.000149733
0.000191408
0.000168421
8.91499e-05
0.000120238
0.000156198
0.000299376
0.000199808
0.000169261
0.000133193
0.000160122
0.000149721
0.000120224
0.000121783
0.000145129
0.000142238
0.000181214
0.000221455
0.000151961
0.00012717
0.000140398
0.000112621
5.22689e-05
0.000101626
0.000112491
0.00011167
0.000209186
0.000123115
0.000186439
0.00010046
0.000125917
0.000100562
0.000156269
0.000147317
8.91992e-05
0.000134894
0.000152546
0.000152845
0.000135314
5.59695e-05
6.85888e-05
0.000100276
9.6085e-05
0.000128624
0.000136493
7.58554e-05
9.48991e-05
0.000121706
0.000113484
0.00010616
7.02368e-05
4.22314e-05
7.30323e-05
9.03535e-05
7.3673e-05
9.64855e-05
0.000106513
7.47507e-05
0.000112308
9.87187e-05
2.00702e-05
7.9357e-05
7.11976e-05
0.00010367
5.1149e-05
0.000100727
8.27058e-05
9.11448e-05
0.000104944
6.20378e-05
8.85307e-05
5.99785e-05
6.49181e-05
8.73916e-05
7.93112e-05
1.29465e-05
6.1938e-05
4.39141e-05
7.12238e-05
5.73344e-05
4.72789e-05
7.03968e-05
4.78507e-05
3.78284e-05
2.68517e-05
0.000106747
3.62581e-05
7.10479e-05
3.75951e-05
4.90098e-05
6.3343e-05
8.54668e-05
4.09559e-05
4.53932e-05
6.05333e-05
4.30015e-05
8.26466e-05
4.96837e-05
8.64743e-05
7.13213e-05
4.01844e-05
5.70677e-05
2.87106e-05
3.07154e-05
3.72443e-05
