n=32
J=0.707107
eta=1.03797
mu=0.0303797
beta-optimal=0
max-overlap=0
1.24043e-11
5.10486e-11
3.2913e-11
5.22848e-12
2.1589e-11
2.67265e-11
1.15156e-11
1.55354e-11
1.79522e-11
1.69871e-11
9.69631e-12
9.01488e-12
2.78735e-12
6.425e-12
1.28382e-11
1.17414e-11
2.81948e-12
5.5407e-12
4.79861e-12
4.10834e-12
4.59575e-12
1.11733e-11
3.50358e-12
1.45067e-12
1.04536e-11
2.65855e-12
4.15303e-12
6.01111e-12
6.89755e-12
4.06215e-12
4.92203e-12
2.7389e-12
3.43692e-12
7.42355e-12
2.2626e-12
4.52067e-12
2.98208e-12
2.5881e-12
3.72397e-12
9.04739e-13
3.45745e-12
1.52897e-12
1.91051e-12
4.59941e-12
3.08649e-12
1.07177e-12
2.92136e-12
2.01722e-12
7.54008e-13
4.43161e-12
2.7486e-12
1.90198e-12
4.0187e-12
3.88516e-12
4.25145e-12
3.97877e-12
1.77928e-12
4.71587e-12
1.17416e-12
3.53198e-12
3.11571e-12
2.99754e-12
4.39084e-13
2.45077e-12
2.35039e-12
3.61818e-12
2.15824e-12
1.42251e-12
2.94844e-12
3.63332e-13
4.91196e-12
1.46128e-12
9.16094e-13
1.21478e-12
1.15451e-12
1.59648e-12
3.18257e-12
9.13276e-13
1.17141e-12
9.58981e-13
4.81603e-12
7.45665e-13
1.71658e-12
4.52411e-13
1.95399e-12
1.98704e-12
4.271e-12
1.37381e-12
1.79431e-12
3.82533e-12
6.6361e-13
5.99975e-13
5.61681e-13
1.56755e-12
1.46135e-13
7.89447e-13
1.67613e-12
1.20701e-12
2.5129e-12
1.40063e-12
5.63062e-13
1.76652e-12
1.39974e-12
2.00851e-13
1.43669e-12
6.33309e-13
2.37982e-12
1.33785e-12
5.26221e-13
1.95706e-12
1.84981e-12
2.3155e-12
1.07173e-12
9.99132e-13
3.18099e-12
1.22047e-12
9.29097e-13
4.4898e-13
2.64864e-12
1.32795e-12
2.18804e-12
1.03961e-12
9.46854e-13
1.1332e-12
5.26919e-13
9.66227e-13
1.77022e-12
1.75587e-13
1.03345e-12
3.84979e-13
1.47091e-12
5.46631e-13
6.65727e-13
1.39356e-12
2.26585e-12
1.42036e-12
5.45554e-13
3.70909e-14
4.19312e-12
9.21509e-13
1.39606e-12
1.53528e-12
9.34191e-13
1.30356e-12
2.38842e-13
1.32734e-12
7.07212e-13
1.6821e-12
6.54237e-13
1.96559e-12
3.05561e-13
5.08127e-13
4.72146e-13
1.2113e-12
1.55001e-13
5.38833e-13
1.62934e-12
1.5125e-12
2.32331e-12
1.82638e-12
1.48227e-12
7.02601e-13
5.87531e-13
7.84745e-13
2.758e-13
1.03064e-12
1.46937e-12
6.94731e-13
2.61449e-12
7.0187e-13
7.12966e-13
1.66358e-12
3.55008e-13
3.30233e-13
1.40228e-12
8.58704e-13
3.48415e-13
1.38462e-12
1.48465e-12
4.25246e-13
3.60256e-13
7.09435e-13
1.46982e-12
1.83414e-12
8.03436e-13
1.13629e-12
1.95712e-12
9.84797e-13
9.96644e-13
6.30871e-13
5.48071e-13
7.59705e-13
1.42874e-12
1.08803e-12
1.23884e-12
1.09778e-12
8.9771e-13
3.43256e-13
1.02149e-12
8.93728e-13
1.23401e-12
1.90608e-13
1.37361e-13
4.90647e-13
4.07668e-13
5.26782e-13
6.81841e-13
6.93568e-13
1.86353e-13
5.10706e-13
1.36928e-12
4.23421e-13
5.45345e-13
3.71584e-13
4.21606e-13
1.03641e-12
2.05859e-12
1.02177e-12
3.27882e-13
1.16465e-12
4.41776e-13
7.49199e-14
3.78992e-13
1.02218e-12
9.56655e-13
5.68007e-13
8.20054e-13
6.60942e-13
3.10522e-13
8.84695e-13
6.27021e-13
5.76163e-13
4.29922e-13
6.09899e-13
8.81489e-13
8.86532e-13
1.88536e-12
2.1526e-13
3.44234e-13
8.47347e-13
2.75032e-13
7.46487e-13
9.79687e-13
1.19616e-12
5.93239e-13
1.33801e-12
3.15182e-14
1.01196e-12
4.52106e-13
5.02053e-14
6.12384e-13
8.4864e-13
3.63986e-13
9.12393e-13
1.3183e-13
8.3458e-13
