n=32
J=0.707107
eta=1
mu=0.0632911
beta-optimal=0
max-overlap=0
0.446783
0.342206
0.3032
0.240582
0.218381
0.199286
0.190257
0.173488
0.155715
0.131278
0.15552
0.15282
0.126079
0.113725
0.103841
0.0909874
0.0773484
0.0816577
0.0725917
0.0752878
0.0899772
0.0723619
0.0676543
0.0683161
0.0677347
0.0650508
0.065806
0.0556836
0.0524885
0.0555561
0.051105
0.0474176
0.0464337
0.0550278
0.0442457
0.0443862
0.0399988
0.0390772
0.0427981
0.0352608
0.035056
0.0351443
0.0342952
0.0364273
0.0298049
0.028605
0.0316488
0.0265921
0.027436
0.0267484
0.0234443
0.0261203
0.0283709
0.0248124
0.0244113
0.029035
0.02612
0.0227255
0.0231229
0.0227947
0.0216243
0.0214012
0.0220332
0.0218417
0.0227192
0.0189968
0.0182777
0.0224439
0.0192587
0.0173053
0.0183365
0.0200046
0.0198639
0.0172549
0.0175412
0.0168863
0.015657
0.0160903
0.0173619
0.0158027
0.0178277
0.0154344
0.0140224
0.0137759
0.0134253
0.0140095
0.0135596
0.0116113
0.0143126
0.0120269
0.0137133
0.0120747
0.0128754
0.0116592
0.0129292
0.0130889
0.0109302
0.0114265
0.0109543
0.0106796
0.0126358
0.010322
0.0119862
0.0106801
0.010603
0.00959014
0.0100056
0.00961876
0.00910301
0.0105588
0.0109412
0.00993206
0.0100758
0.00971578
0.0106573
0.00893841
0.00913983
0.00856723
0.00923215
0.00950202
0.00884677
0.00834689
0.00797355
0.00849018
0.00875972
0.00922484
0.00812403
0.00757554
0.00771438
0.00787055
0.00762234
0.00785348
0.00696715
0.00689172
0.00763917
0.00699852
0.00714605
0.00689677
0.006623
0.006373
0.00693503
0.00672873
0.00699605
0.00644594
0.00604342
0.00556338
0.00573398
0.00661585
0.00632567
0.00560089
0.00605662
0.00632531
0.00596248
0.00622373
0.00591498
0.00606458
0.00582726
0.00567019
0.00554066
0.0051206
0.00539641
0.00519716
0.00482984
0.00512018
0.00527002
0.00540352
0.00483512
0.0053779
0.00489911
0.00506931
0.00516729
0.00444249
0.00511157
0.00493113
0.00435862
0.00475522
0.00435339
0.00400782
0.00500375
0.00419978
0.00397057
0.00426598
0.00423515
0.00426875
0.00409861
0.00371328
0.00418325
0.00385767
0.00400091
0.00395072
0.0039832
0.00385107
0.00360168
0.00390568
0.00394158
0.00365667
0.00386377
0.00363967
0.0034955
0.00373414
0.00345943
0.00324497
0.00350391
0.003488
0.0033151
0.00340863
0.00322998
0.00355126
0.00361372
0.0032274
0.00360947
0.00311622
0.00335781
0.00316695
0.00323492
0.00299396
0.00300887
0.00268034
0.00312551
0.00277123
0.00326503
0.00310305
0.00267135
0.00275862
0.00312237
0.0027476
0.00270326
0.00277071
0.00274861
0.00262847
0.002661
0.00285113
0.00249036
0.00256735
0.0026624
0.00233561
0.0025314
0.00269273
0.00227959
0.00246526
0.00242247
0.00239168
0.00239863
0.00239498
0.00211171
0.00225954
0.00228478
0.00193007
0.00199191
0.00206129
0.00207222
0.00206306
0.00199318
0.00194056
0.00175308
0.00180828
