n=32
J=0.707107
eta=1
mu=0.141772
beta-optimal=0
max-overlap=0
0.240255
0.224501
0.214696
0.218519
0.190361
0.175717
0.171141
0.16833
0.164781
0.162664
0.149285
0.142937
0.141564
0.141461
0.129301
0.123734
0.133986
0.12718
0.124519
0.117229
0.11358
0.114931
0.114029
0.100908
0.0988514
0.0993964
0.0956895
0.0989559
0.0971454
0.0965603
0.0931303
0.0903189
0.0893742
0.0871382
0.0841677
0.0856756
0.0788718
0.0845429
0.0772078
0.0748519
0.072797
0.0736692
0.0729886
0.0700682
0.0726845
0.072225
0.0702936
0.0710264
0.0653487
0.0646314
0.0692647
0.0629459
0.0617726
0.0615803
0.0618775
0.060024
0.0618697
0.058703
0.059806
0.0563545
0.0556717
0.0554165
0.0542174
0.0549511
0.0551464
0.0520559
0.0536658
0.053018
0.048533
0.0507277
0.0505575
0.0494202
0.0484415
0.0472017
0.0460994
0.04674
0.0464585
0.0459818
0.0440781
0.0432256
0.0434591
0.0423819
0.0420401
0.0424728
0.0413952
0.0420198
0.0412134
0.0406184
0.0391699
0.0402523
0.0380643
0.0391671
0.0389345
0.0376577
0.0373043
0.0368755
0.0348538
0.0352912
0.0364608
0.0361019
0.0363295
0.034333
0.0335455
0.0343528
0.0344966
0.0341965
0.0333546
0.0323945
0.0321146
0.0330146
0.0325274
0.0319579
0.0315072
0.0323714
0.030666
0.030721
0.0286829
0.0294897
0.0300874
0.0293646
0.0298122
0.0285897
0.0287901
0.0270887
0.0284499
0.0272396
0.0268661
0.0276457
0.0277448
0.0265648
0.0260852
0.0268139
0.0246836
0.0249917
0.0254693
0.0256197
0.025255
0.0244668
0.0248847
0.0250018
0.0241102
0.0242922
0.0246877
0.0243593
0.0242993
0.0228415
0.0231996
0.0243795
0.0236904
0.02252
0.0222392
0.0228607
0.0211138
0.0214864
0.022186
0.0218204
0.0219096
0.0214579
0.020818
0.021099
0.0207221
0.0199528
0.020466
0.0195385
0.0201792
0.0192325
0.0202635
0.0204246
0.0192547
0.019363
0.019569
0.018619
0.0183931
0.0189681
0.0179343
0.0184315
0.0183465
0.0185746
0.0184499
0.0174244
0.0171972
0.017551
0.0182075
0.0172814
0.0171904
0.0182829
0.0168952
0.016972
0.0161846
0.016075
0.0166106
0.0161756
0.0159643
0.0155691
0.0156646
0.0155133
0.0148377
0.0154223
0.0152053
0.0158305
0.0148859
0.0150094
0.0146249
0.0149706
0.014163
0.014955
0.0145094
0.0140766
0.0142908
0.0143071
0.0139115
0.0140311
0.0139663
0.0140862
0.0132048
0.0137664
0.0133587
0.013415
0.0134109
0.0126866
0.0128578
0.0130881
0.0127659
0.0130245
0.0126248
0.012733
0.0125023
0.0123056
0.012521
0.0122619
0.0124028
0.0119047
0.0120806
0.0114272
0.0115171
0.0112867
0.0113831
0.0110688
0.0111104
0.0109839
0.0105597
0.0106281
0.0105634
0.0104947
0.0103677
0.00997886
0.0100171
0.00996872
0.0099631
0.0101054
0.0100787
0.00992377
0.00957654
0.00958859
0.00919672
0.00863026
