n=32
J=0.707107
eta=1.97468
mu=0.116456
beta-optimal=0
max-overlap=0
0.000678987
0.00151139
0.00027137
0.00174893
0.00113958
0.000396146
0.000788416
3.79548e-05
0.00116437
0.000911912
0.000203861
0.0001161
0.00075094
0.000419211
0.00166497
0.000838783
0.00276557
0.000614264
0.000458637
0.00146099
0.000146969
0.000673656
4.2169e-05
5.23913e-06
0.00017493
1.67433e-05
0.000441255
0.00099413
0.000465069
0.000995076
0.000475353
0.000822099
0.000215816
0.000254222
0.000314553
0.000110127
0.000399968
0.000531057
0.00101062
0.000313602
0.000188208
0.00100563
0.000442843
0.000849739
0.000107617
0.000199443
0.00041492
0.000813864
9.09757e-05
0.000199638
0.000489642
0.000752947
6.80215e-05
0.000188269
0.000583464
0.000355416
0.000724928
0.000913885
0.00122586
0.00106207
2.29654e-05
0.00111657
0.000612191
7.3679e-05
0.000902382
0.000375762
0.00043202
0.000426998
0.000141032
0.00012057
7.66336e-05
0.000644653
0.000194322
0.000282247
0.000554316
0.000564943
0.000637131
0.000285554
0.000312375
0.00121029
0.000133861
0.000439883
0.000167407
9.83382e-05
0.000279394
4.28595e-05
0.000816047
0.000184611
0.000489957
1.36706e-05
0.000255782
0.000330266
3.78431e-05
0.000484074
0.000458484
0.000601392
0.0003208
0.000110753
0.000239581
7.08308e-05
0.00023552
0.000225174
9.93603e-05
9.73066e-05
0.000766838
0.000127699
0.000639615
0.000325575
0.000247574
0.000324792
7.23155e-05
0.000679136
0.000189843
2.34605e-05
0.000206256
6.2661e-05
0.000205046
0.000249835
0.000158978
1.39298e-05
0.000373739
0.000177594
0.000416001
0.000583391
0.000101265
0.000290791
1.79294e-05
0.000124984
0.000530993
0.000486202
0.000448746
3.39527e-05
0.000227344
1.22692e-05
0.000306559
0.000105891
0.000117965
0.000497139
0.000278345
0.000768017
0.000409729
0.000137474
0.000532213
4.87705e-05
1.43513e-05
0.000358883
0.000957456
0.000775592
4.34879e-05
0.000687585
0.000141723
0.000324236
0.00029871
4.91233e-05
0.000402892
0.000606349
0.000422182
0.000346146
0.000319464
0.000839438
0.00043602
2.28007e-05
0.000851451
0.000185463
0.000196101
0.000188745
0.000504822
0.000156171
0.000289937
0.000989655
1.07254e-05
0.00029798
0.000248582
0.000289803
4.77292e-05
0.000165603
0.000317538
0.000234468
0.000254719
0.0002755
0.000165919
0.000323025
0.000199968
0.000247008
0.000146037
0.000249898
0.00020138
0.000148723
1.21484e-05
0.000208972
0.000427831
0.000454262
0.000354725
0.000351751
0.00010998
0.000155021
0.000855097
0.000423366
0.000930862
0.000556576
7.30495e-06
5.58567e-06
0.000111235
0.000434806
5.20927e-05
0.000611681
0.00025125
0.000224053
8.14224e-05
0.000176871
0.000224481
0.000710982
1.22687e-05
0.000260271
0.000272025
0.000272132
0.000225938
0.00018023
0.000222526
7.06449e-05
0.000196885
1.09299e-05
0.000270551
0.000205267
0.000777586
8.58065e-05
0.000260051
0.000398295
1.24008e-05
2.53121e-05
0.000776731
0.000128283
0.000672294
0.000230745
3.90285e-05
0.000134609
0.000120182
0.000179852
0.000391556
0.00054745
0.000497475
0.000309281
0.000259055
1.68534e-06
0.000568039
0.000392999
0.000646542
8.77687e-05
0.000550451
0.000668251
0.000508239
0.000340243
9.64265e-05
0.000485409
0.000552561
0.000274863
