n=32
J=0.707107
eta=1
mu=0.15443
beta-optimal=0
max-overlap=0
0.223411
0.200475
0.192961
0.18143
0.175096
0.173745
0.162642
0.159908
0.150086
0.151863
0.148576
0.142133
0.138341
0.130158
0.13895
0.131207
0.130444
0.126551
0.110383
0.116439
0.112361
0.114607
0.11102
0.111059
0.104367
0.102197
0.0990053
0.100534
0.0952708
0.100598
0.0945317
0.0935585
0.0978807
0.0930363
0.0906802
0.0891539
0.0843557
0.0887767
0.0888249
0.0813618
0.0822575
0.079899
0.0758794
0.0761847
0.0761192
0.0733463
0.0717649
0.0722518
0.0712247
0.0723921
0.0695216
0.0674954
0.0709479
0.068177
0.0657333
0.0646557
0.0630217
0.0632474
0.0635344
0.0631221
0.0626735
0.061867
0.059333
0.0620175
0.059701
0.0591103
0.0604677
0.0568958
0.0584591
0.0570325
0.054344
0.055785
0.0536078
0.0561488
0.0538398
0.0544183
0.0505758
0.051397
0.0510234
0.0472855
0.0513347
0.0493944
0.0497897
0.0490598
0.0479262
0.0483063
0.0473897
0.0451414
0.0457743
0.0467202
0.0446525
0.0454532
0.0440891
0.0439763
0.042018
0.0423934
0.0421388
0.0427315
0.042404
0.0407984
0.0405252
0.0398519
0.0400373
0.0375899
0.0382273
0.0379134
0.0389959
0.038218
0.0370376
0.0367797
0.0362066
0.037137
0.0373396
0.0358055
0.034984
0.0354249
0.0336253
0.0341403
0.0350784
0.0327811
0.0344318
0.0330409
0.0321176
0.0324629
0.0324266
0.0320433
0.0316255
0.0316029
0.0322782
0.0324807
0.0311341
0.0314886
0.0316919
0.0304027
0.0307194
0.0311575
0.0278123
0.0289561
0.0301911
0.0291402
0.0294316
0.0277937
0.0273727
0.0279453
0.0279838
0.0270025
0.0277039
0.027697
0.0271706
0.026294
0.0262249
0.0259168
0.0255748
0.0256313
0.0260547
0.025716
0.0246293
0.0246846
0.0241205
0.0246533
0.0242166
0.0232323
0.0248547
0.0236485
0.0239417
0.0239128
0.0232914
0.0228029
0.0231579
0.0232649
0.0224946
0.0217714
0.022427
0.0221596
0.0220439
0.0216947
0.0212424
0.0212459
0.0212642
0.0210081
0.020226
0.0209556
0.0201051
0.0205294
0.0201599
0.0195872
0.0199713
0.0196844
0.0192287
0.019895
0.0191292
0.0183257
0.0192053
0.0191878
0.0180448
0.0187555
0.0185679
0.0183482
0.0179691
0.0181137
0.0182895
0.0175617
0.018059
0.0176163
0.0175848
0.0174811
0.0176807
0.0164755
0.0169531
0.0163234
0.0167372
0.0168234
0.0165309
0.0163127
0.016087
0.016199
0.0159573
0.0160896
0.015375
0.0154522
0.0159123
0.0148216
0.0152282
0.0146291
0.0151555
0.0147819
0.0146781
0.0149199
0.0145498
0.0144305
0.0143227
0.0142117
0.0138405
0.0134439
0.0140778
0.0139038
0.0132558
0.0130811
0.0131084
0.0132772
0.0130846
0.0130527
0.0127084
0.0129014
0.0122436
0.0125264
0.0120894
0.012165
0.0117502
0.0116706
0.0111616
0.0112684
0.0114857
0.0112723
0.0110373
0.0108635
