n=32
J=0.707107
eta=1.01266
mu=0.0556962
beta-optimal=0
max-overlap=0
1.14301e-10
2.67906e-10
2.45861e-10
7.05906e-11
1.29545e-10
7.93819e-11
6.32669e-11
2.05362e-11
1.19013e-10
2.05274e-11
6.91512e-11
5.61158e-11
2.66231e-11
1.02179e-11
5.76886e-11
1.69083e-11
2.47362e-12
6.00461e-11
4.06354e-11
2.88876e-11
5.27325e-11
3.22949e-11
9.88182e-12
4.12343e-11
5.5556e-11
4.1035e-11
2.21167e-13
2.28068e-11
3.38794e-11
3.50982e-11
4.8084e-12
2.74014e-11
9.48426e-12
1.47692e-11
2.59454e-12
7.21178e-12
2.52069e-11
1.11443e-11
1.00612e-11
1.23537e-11
1.82394e-11
1.43976e-11
2.46327e-11
2.96643e-11
1.77824e-11
2.0382e-11
5.87532e-12
5.24881e-12
1.49381e-11
1.19111e-11
7.7726e-13
7.57184e-12
5.10313e-12
7.06257e-12
2.13414e-11
4.36852e-12
1.45551e-11
1.88598e-12
1.29298e-11
1.97871e-12
1.21666e-11
5.37674e-13
6.14004e-12
1.30122e-11
1.83939e-12
7.07182e-12
1.37798e-11
2.95819e-11
4.49137e-12
1.91785e-11
7.56398e-12
5.07532e-12
1.14062e-11
6.46511e-12
7.81866e-12
1.01436e-11
4.49663e-12
5.38517e-12
6.08692e-12
1.05218e-11
1.96302e-11
1.01653e-11
8.28849e-12
1.11241e-11
6.14251e-12
4.32727e-12
7.67426e-12
5.06172e-12
1.46425e-12
6.62652e-12
1.36886e-12
5.6467e-12
7.03437e-12
2.59432e-12
6.32876e-12
5.98212e-12
1.17557e-12
1.16421e-11
5.98061e-12
6.9364e-12
7.05952e-13
1.04484e-11
1.14023e-12
3.20054e-12
1.2525e-12
1.39575e-12
2.32184e-12
7.069e-12
3.09342e-12
4.62693e-12
1.64969e-12
3.92567e-12
9.78333e-12
3.57433e-12
4.71369e-12
3.61629e-12
1.86657e-12
2.6616e-12
2.8374e-12
7.21885e-12
7.27557e-12
3.49671e-12
3.17031e-12
4.7307e-12
5.88807e-12
3.17459e-12
6.37211e-13
1.64515e-12
4.47458e-12
2.97238e-12
3.73985e-12
1.16217e-12
1.12981e-12
3.55824e-12
3.5956e-12
6.07962e-12
5.43634e-12
2.55167e-12
2.51957e-12
4.49175e-12
1.42931e-12
8.5271e-13
1.96109e-12
9.00821e-13
3.96821e-12
3.97435e-12
1.24864e-12
8.76952e-13
4.06974e-12
1.49393e-12
6.57236e-12
5.19046e-12
4.78589e-12
6.45836e-13
1.63149e-12
3.01303e-12
2.6422e-12
1.54664e-12
1.61615e-12
3.95205e-12
3.81326e-12
1.27158e-12
3.51068e-12
1.95284e-12
2.35738e-12
3.01218e-12
5.00082e-13
1.65431e-12
2.1124e-12
1.23473e-12
2.00326e-12
1.22953e-12
4.92949e-12
2.73013e-12
8.72132e-13
1.09885e-12
3.10724e-12
7.8883e-13
9.30562e-13
4.43738e-12
1.07424e-12
2.9448e-12
2.19701e-12
1.17772e-12
4.08565e-12
1.5912e-12
2.06494e-12
8.8731e-13
2.44538e-12
5.459e-13
4.10004e-12
4.86195e-12
1.5416e-12
3.16269e-13
4.80418e-12
1.68631e-12
4.03917e-12
5.89408e-13
1.36543e-12
3.50277e-12
2.81258e-12
1.0289e-12
1.69795e-12
1.304e-12
1.05316e-12
9.11443e-13
2.57625e-13
1.18921e-12
8.11384e-13
2.07819e-12
7.11457e-13
1.11729e-12
7.71344e-13
7.50078e-13
8.00935e-13
2.04547e-13
5.14024e-13
5.5349e-13
3.05973e-13
9.275e-13
7.64335e-13
2.32929e-12
1.4151e-12
6.63538e-13
9.46995e-13
1.624e-12
2.07239e-12
8.56584e-13
5.35114e-13
2.81527e-12
2.29201e-12
1.67411e-12
2.43665e-13
5.87695e-13
1.88682e-12
1.43482e-12
4.62017e-13
1.29236e-12
5.7637e-13
2.27499e-12
3.56727e-13
3.69723e-12
9.7972e-13
8.35942e-13
1.2316e-12
3.05799e-13
2.33793e-12
9.50751e-13
1.16189e-12
8.65749e-13
1.43549e-12
1.96189e-12
1.53559e-12
3.19382e-12
1.82125e-12
5.17284e-13
