n=32
J=0.707107
eta=1.01266
mu=0.0556962
beta-optimal=0
max-overlap=0
4.58764e-09
3.36591e-09
3.12327e-09
2.55207e-09
2.16881e-09
2.1273e-09
1.51295e-09
1.51941e-09
1.51328e-09
1.42369e-09
9.79496e-10
9.98921e-10
1.2049e-09
9.83686e-10
1.02477e-09
9.99714e-10
9.78718e-10
7.63954e-10
7.76126e-10
6.53202e-10
5.61799e-10
6.50688e-10
4.98131e-10
4.96904e-10
4.5847e-10
5.62882e-10
6.05813e-10
5.16014e-10
4.34841e-10
3.49286e-10
4.41515e-10
4.63234e-10
4.1875e-10
3.12617e-10
3.03635e-10
3.11434e-10
3.19091e-10
2.92418e-10
3.22483e-10
3.50313e-10
2.81693e-10
2.82321e-10
3.20364e-10
3.08651e-10
2.45135e-10
2.67072e-10
2.44503e-10
1.89503e-10
2.34146e-10
2.0844e-10
2.72953e-10
1.81252e-10
2.07176e-10
1.91708e-10
1.92093e-10
2.23699e-10
1.84139e-10
1.96562e-10
2.13158e-10
2.1496e-10
1.55797e-10
1.7697e-10
1.72423e-10
1.80978e-10
1.91749e-10
2.16534e-10
1.42968e-10
1.54582e-10
1.45704e-10
1.3991e-10
1.4626e-10
1.451e-10
1.27335e-10
1.54767e-10
1.21579e-10
1.43516e-10
1.37106e-10
1.3449e-10
1.34967e-10
1.1485e-10
1.24608e-10
1.40205e-10
9.20713e-11
1.06991e-10
1.01809e-10
1.08247e-10
1.25573e-10
1.29758e-10
1.02493e-10
1.08237e-10
9.38572e-11
1.02005e-10
1.00041e-10
1.09208e-10
9.96783e-11
8.64189e-11
8.41777e-11
8.02427e-11
8.33864e-11
1.00176e-10
8.25546e-11
8.53235e-11
8.39767e-11
8.62129e-11
7.61556e-11
8.39593e-11
9.22398e-11
8.76403e-11
5.69979e-11
7.35844e-11
6.84971e-11
5.06219e-11
6.58986e-11
7.90635e-11
8.60351e-11
6.10175e-11
7.16679e-11
5.82078e-11
6.81025e-11
6.51325e-11
7.85559e-11
8.48179e-11
6.06003e-11
6.64218e-11
6.78879e-11
7.63155e-11
5.77994e-11
6.11163e-11
6.29017e-11
6.10344e-11
6.188e-11
5.86191e-11
4.93514e-11
6.51216e-11
5.29497e-11
5.03227e-11
5.53018e-11
5.2343e-11
5.42107e-11
4.76717e-11
4.69001e-11
5.09166e-11
4.59665e-11
4.52068e-11
5.36798e-11
3.69957e-11
4.2771e-11
5.55776e-11
3.69793e-11
5.08454e-11
4.95565e-11
4.40341e-11
4.4692e-11
5.04966e-11
4.70453e-11
4.5428e-11
3.84473e-11
3.57224e-11
5.00734e-11
3.84243e-11
3.40909e-11
4.20039e-11
4.66229e-11
3.3434e-11
3.17447e-11
3.63838e-11
4.23884e-11
4.20431e-11
3.8534e-11
3.53494e-11
4.06835e-11
3.75495e-11
3.3201e-11
4.34001e-11
3.70318e-11
3.33817e-11
3.4433e-11
3.65672e-11
3.88601e-11
3.43404e-11
3.34428e-11
3.14808e-11
3.06084e-11
2.70081e-11
3.186e-11
3.24164e-11
3.20643e-11
3.05238e-11
3.10741e-11
2.71776e-11
2.46862e-11
2.76185e-11
3.07292e-11
3.22893e-11
2.19633e-11
2.64721e-11
2.95923e-11
2.85874e-11
2.5571e-11
3.3501e-11
2.94132e-11
2.70134e-11
2.85379e-11
3.12103e-11
2.46488e-11
2.33036e-11
3.01551e-11
2.68655e-11
2.6428e-11
2.40052e-11
2.38894e-11
2.27035e-11
2.16016e-11
2.47457e-11
2.21982e-11
2.2922e-11
2.01208e-11
1.98416e-11
1.91559e-11
2.39182e-11
2.30605e-11
2.11725e-11
2.45198e-11
1.92e-11
2.11485e-11
2.26758e-11
1.78758e-11
2.28943e-11
1.93088e-11
1.69187e-11
1.72336e-11
2.16666e-11
2.10726e-11
1.8822e-11
2.19783e-11
2.28833e-11
2.08143e-11
1.7609e-11
1.75824e-11
1.60271e-11
1.679e-11
1.5446e-11
1.5413e-11
2.02945e-11
2.01719e-11
1.55586e-11
1.6685e-11
1.52465e-11
1.71787e-11
1.77755e-11
1.42652e-11
1.22475e-11
1.30526e-11
1.16778e-11
1.53339e-11
1.01807e-11
