n=32
J=0.707107
eta=1.13924
mu=0.113924
beta-optimal=0
max-overlap=0
1.02815e-11
1.4747e-11
1.63834e-11
1.20557e-11
1.07221e-11
1.10692e-11
8.73309e-12
1.63394e-12
9.93185e-12
1.74809e-12
3.39838e-12
6.01764e-12
6.21208e-12
9.87734e-12
3.20504e-12
2.11496e-12
2.91623e-12
3.69311e-12
1.9458e-13
4.45474e-12
4.60498e-12
5.89296e-12
1.03765e-11
5.49771e-12
2.41331e-12
6.56067e-12
2.29722e-12
6.46582e-12
3.48606e-12
4.42278e-12
9.43196e-12
5.8717e-12
1.63686e-12
4.01863e-12
4.36647e-12
6.90436e-13
8.9297e-12
5.83267e-12
7.2342e-12
1.00831e-12
2.60078e-12
9.28956e-13
2.22908e-12
1.52368e-12
7.81658e-12
2.86563e-12
4.27761e-12
3.98742e-12
1.77465e-12
3.55245e-12
2.6122e-12
1.91308e-12
1.43297e-12
2.19287e-12
2.71028e-12
2.74609e-12
7.06422e-13
8.16679e-13
4.57242e-12
3.94649e-12
6.9236e-13
8.15336e-13
2.07611e-12
1.04641e-12
8.84734e-13
1.75906e-12
5.94208e-12
1.64247e-12
8.85218e-13
2.83555e-12
2.05806e-12
5.73633e-13
3.75447e-12
2.04293e-12
1.40625e-12
2.33379e-12
2.9769e-12
9.36369e-13
4.29973e-12
3.16879e-12
2.24841e-12
2.62634e-12
5.7069e-12
1.3927e-12
2.00875e-12
1.24361e-12
1.63967e-12
1.77939e-12
4.42939e-12
1.54053e-12
8.11816e-13
1.65496e-12
1.248e-12
6.41036e-13
8.26384e-13
3.38251e-12
2.88443e-13
4.61881e-13
2.93686e-12
7.88143e-13
1.0045e-12
1.02966e-12
1.24268e-12
1.00588e-12
8.89819e-13
2.96254e-12
1.36576e-12
7.56582e-13
3.03939e-12
7.41355e-13
1.06844e-12
2.47804e-12
2.4519e-13
8.1967e-13
1.04807e-12
3.08842e-13
1.20289e-12
5.06088e-13
1.02906e-12
6.65627e-13
2.67351e-12
6.74573e-13
8.15022e-13
1.97467e-12
9.72567e-13
5.00049e-12
3.47714e-13
3.32228e-12
1.64461e-12
2.67625e-13
1.33942e-12
5.39006e-13
3.80808e-13
1.76324e-12
4.57478e-12
4.48779e-13
3.73621e-13
2.00655e-13
2.04117e-12
2.13235e-12
1.76481e-13
1.56746e-12
2.07582e-12
1.19444e-12
3.22024e-13
8.81967e-13
1.14897e-12
1.78668e-13
1.52119e-12
4.62823e-13
2.45988e-13
7.51236e-13
2.09485e-13
4.68128e-13
6.7826e-13
8.79129e-13
5.22624e-13
9.37097e-13
1.26293e-12
3.52794e-13
5.61732e-13
1.07761e-12
1.28684e-12
4.77524e-13
1.33167e-12
1.33581e-12
2.75126e-12
2.32828e-12
3.75194e-12
2.32977e-13
1.27423e-12
9.15791e-13
2.27671e-13
1.06834e-12
1.52371e-12
3.79455e-13
8.52893e-13
5.38318e-13
1.54392e-12
2.12632e-12
1.89925e-12
3.31346e-13
1.22679e-12
1.71148e-13
3.53088e-13
1.146e-12
1.98496e-12
2.46437e-13
2.54817e-12
6.60339e-13
9.44896e-13
1.36021e-12
4.94347e-13
2.21739e-13
6.15154e-14
6.26622e-13
7.34394e-13
1.85014e-13
5.49968e-13
5.28929e-13
5.26144e-14
9.11799e-13
9.30405e-13
1.25954e-12
6.00062e-13
1.30219e-12
2.47617e-13
4.60256e-13
7.76711e-13
2.8609e-13
3.01729e-13
1.42312e-12
9.28894e-13
1.90768e-13
2.93524e-13
2.54709e-13
1.67037e-13
1.45972e-12
1.97289e-13
1.71367e-13
4.77388e-13
8.90947e-14
6.67465e-13
4.86007e-13
9.99308e-13
9.21789e-13
1.18121e-12
4.7113e-13
4.86919e-13
7.99228e-13
3.42655e-13
1.80579e-12
7.73553e-13
3.21502e-13
2.69729e-13
8.94993e-13
6.32725e-13
1.15118e-12
3.70455e-13
6.55686e-13
9.26987e-13
1.28506e-12
8.06158e-13
4.65664e-13
6.10885e-13
5.2698e-13
6.24674e-13
2.14893e-13
6.79918e-13
2.59844e-13
1.58524e-13
1.05686e-12
1.99004e-13
1.70153e-13
5.37854e-13
6.75248e-13
