n=32
J=0.707107
eta=1.06329
mu=0.0101266
beta-optimal=0
max-overlap=0
1.66109e-11
6.92247e-12
2.85758e-12
1.32045e-12
3.44864e-12
7.22577e-12
2.75195e-12
1.17124e-12
5.57029e-13
1.69855e-12
2.62642e-12
4.36938e-12
1.01508e-12
3.4542e-12
4.36347e-12
2.20197e-12
3.30457e-12
2.64808e-12
5.70907e-12
5.42061e-12
9.1829e-13
9.89183e-13
2.4983e-12
1.47667e-12
1.18275e-12
1.11985e-12
6.57413e-13
1.61377e-12
1.65843e-12
9.21381e-13
1.06655e-13
5.25373e-13
1.36734e-12
6.68928e-13
7.92574e-13
9.84035e-13
1.48157e-12
8.75708e-13
8.10234e-13
6.34233e-13
2.56446e-13
9.29761e-13
1.32223e-12
1.34235e-12
4.70165e-13
4.44011e-13
8.28961e-13
2.18669e-13
3.40502e-13
9.65949e-13
3.24352e-13
7.99241e-13
4.40655e-13
1.29586e-12
1.19225e-12
8.34875e-13
2.02866e-13
8.53304e-13
2.79705e-13
4.6884e-13
2.35694e-13
2.3166e-13
4.9798e-13
5.49883e-13
4.04895e-14
6.25701e-13
2.15789e-13
2.16851e-13
3.6541e-13
8.1567e-13
2.09542e-13
2.46959e-13
6.63359e-13
2.20258e-13
7.55481e-13
6.93265e-14
2.77092e-13
4.79027e-13
4.82613e-13
7.37678e-13
4.54567e-13
2.7094e-13
1.53273e-13
2.83285e-13
1.02635e-13
1.03638e-13
2.63955e-13
3.21958e-13
3.00969e-13
6.53575e-14
3.61331e-13
3.45629e-14
3.39665e-13
2.53779e-13
1.47945e-13
2.84066e-13
8.27583e-13
2.79425e-13
1.44429e-13
1.9243e-13
1.69962e-13
2.18612e-12
2.21983e-12
1.24504e-12
7.70924e-13
9.51085e-13
1.05333e-12
6.30058e-13
6.29541e-13
8.889e-14
2.59876e-13
5.9928e-13
1.28257e-13
6.93783e-13
1.49389e-13
1.17994e-13
6.47437e-13
3.75798e-13
9.66848e-14
1.83296e-13
2.72682e-13
1.76844e-13
2.91263e-13
2.15987e-13
8.97127e-14
1.48759e-13
6.28796e-14
8.12165e-14
1.49915e-13
2.98485e-13
4.37992e-13
2.20505e-13
3.32593e-13
1.80499e-13
3.70505e-13
2.03277e-13
9.28014e-14
1.5986e-13
2.79178e-13
1.77727e-13
3.36119e-13
1.60726e-13
2.16481e-13
3.50864e-14
2.7352e-13
2.31983e-13
6.13145e-14
3.84199e-13
1.88336e-13
3.24024e-13
1.1194e-13
3.10922e-13
2.32827e-13
8.76471e-14
1.31578e-13
2.99218e-13
4.48193e-13
4.11055e-13
2.36327e-13
1.09886e-12
1.3983e-12
4.15255e-14
1.19432e-14
1.35945e-13
2.55409e-13
1.54967e-13
3.30841e-14
2.88267e-14
1.1133e-13
1.73293e-13
4.22501e-13
6.53166e-14
8.6097e-14
1.08163e-13
3.32192e-14
1.94276e-13
2.53974e-13
7.89874e-14
1.59645e-14
3.92552e-13
4.38512e-13
1.8413e-13
8.9377e-14
1.13612e-13
1.70384e-13
2.25454e-13
1.98295e-13
2.41365e-13
4.22211e-13
1.18982e-13
1.73838e-13
9.933e-14
8.11024e-14
7.40077e-14
2.27821e-13
6.78838e-14
1.33352e-14
2.54293e-14
7.50474e-14
2.16423e-13
1.34139e-13
1.79062e-13
1.85352e-13
5.8835e-13
2.67876e-13
1.77184e-13
5.95734e-13
3.35937e-13
4.78036e-13
4.19143e-13
8.45914e-13
4.08602e-13
1.49053e-13
1.24812e-14
1.2045e-15
3.31786e-13
1.53976e-13
2.42351e-13
2.06679e-13
1.5823e-13
2.20136e-13
1.74743e-14
4.09747e-14
9.18147e-14
7.86588e-14
2.97266e-13
2.04104e-13
1.02067e-13
1.31853e-13
3.50905e-13
3.32388e-13
1.12667e-13
1.96444e-13
1.94269e-13
4.15767e-14
3.76494e-14
5.44548e-14
1.20002e-13
1.07232e-13
8.49599e-14
1.29303e-13
5.25833e-13
4.05928e-13
1.61354e-13
2.5191e-13
8.76035e-14
1.76447e-13
1.69738e-13
2.7601e-13
4.78995e-14
1.63913e-13
2.6057e-13
4.75164e-13
9.4605e-14
7.59683e-14
3.25575e-13
