n=32
J=0.707107
eta=1.26582
mu=0.0582278
beta-optimal=0
max-overlap=0
0.000715764
0.00226065
0.000733408
0.00163987
0.000752098
0.00148811
0.000864282
0.000434135
0.00137368
0.00072651
0.00123199
0.00103668
0.000233385
0.00116871
0.002083
0.000378094
0.00484111
0.00103921
8.82007e-05
0.000395703
0.00092909
0.000226802
0.00048932
0.000531262
0.000275907
8.90731e-05
0.000623088
0.00122644
0.000245045
0.000809493
0.00106535
0.00060793
4.11616e-06
0.000306704
0.000635501
0.000113915
0.000467438
0.000346163
0.000819001
0.000696013
0.000259213
0.00059297
0.000260631
0.000743068
0.000253427
0.000522571
0.000706718
0.000843963
2.87518e-06
4.20821e-05
0.00068564
0.000438809
0.000269992
0.00053711
0.000637274
5.65497e-05
0.000334329
0.000954871
0.000862207
0.000650154
0.000295645
0.000616196
0.000648773
0.000211893
0.000514581
0.000157958
0.00034982
8.69294e-05
0.000287062
0.000223911
0.000266951
0.000458411
4.35118e-05
0.000435458
0.000603768
0.000331554
0.000648647
0.000171631
0.000209244
0.000919169
0.000233535
1.58498e-05
7.28799e-05
0.000563561
0.000107744
0.000214585
0.000346617
0.000129952
0.000315475
0.00039727
0.000285415
0.00033952
7.75228e-05
0.000230635
0.000117267
0.00040064
0.000346588
5.44939e-05
0.000386023
0.000303787
0.000222469
0.000408049
0.000199198
0.000206128
0.000514475
0.000187593
0.000418898
8.08643e-05
2.94828e-05
0.00049977
0.000329442
0.000411531
0.000271447
0.000120371
0.000159415
0.000179545
0.000291435
0.000151539
0.000113994
0.000106937
0.000332775
6.06917e-05
0.000204199
0.000303795
5.10709e-05
0.000113283
3.64362e-05
7.54143e-05
0.000247792
0.000192382
0.000401891
0.000280222
0.000308431
2.77633e-06
0.000333665
9.0776e-05
5.60184e-05
0.00053961
0.000190661
0.000444622
0.000150878
2.8918e-05
0.000545157
3.88769e-05
0.000110393
0.000341145
0.000786686
0.000344533
3.08244e-05
0.000386995
1.62245e-05
0.000106295
0.00011851
0.000247138
0.000252326
0.000310719
0.000223278
0.000267691
0.000306894
0.000491348
0.000354444
0.000125192
0.000676554
0.000196947
0.00015298
0.000272625
0.000347824
4.51045e-05
0.000113963
0.000830075
0.000149044
0.000261555
0.000158831
0.000250679
2.71954e-05
0.000240008
6.44117e-05
0.000227339
3.92799e-06
0.00035308
0.000122178
0.000174835
3.08527e-06
0.000237286
2.98763e-05
1.66444e-05
0.00016891
0.00011346
6.25355e-06
9.97612e-05
0.000114584
0.000242292
7.40254e-05
0.000206071
0.000109121
0.000119964
0.000359746
0.000212514
0.000790275
0.000266951
1.99207e-05
0.000140502
8.57324e-05
0.000317945
0.000119587
0.000156073
0.000176538
0.000250388
8.86834e-05
4.6823e-05
8.07465e-05
0.000357093
0.000157099
8.95603e-05
0.000145199
0.000121748
9.20906e-05
1.51978e-05
0.000124892
4.48055e-05
1.9892e-05
6.71104e-05
8.42963e-05
3.57633e-05
0.000655021
6.80299e-05
0.000209047
0.000264455
7.43724e-05
8.91645e-05
0.00038443
0.000131999
0.000242976
7.02381e-05
0.00012203
3.03806e-05
0.000214131
4.56323e-05
3.0218e-05
0.000296718
0.000259356
0.000222581
2.09815e-05
0.000143382
0.000273146
0.000231117
0.000252953
3.74425e-05
0.000349986
0.000511621
0.00014231
0.000303681
9.50036e-05
0.000410441
0.000266905
0.000234365
