n=32
J=0.707107
eta=1.16456
mu=0.0835443
beta-optimal=0
max-overlap=0
4.62437e-12
3.23251e-12
9.0055e-12
7.89008e-12
6.02652e-12
8.46752e-12
2.38229e-12
5.77466e-12
3.19082e-12
6.06407e-12
2.82293e-12
1.39208e-13
2.64155e-12
4.1288e-12
3.86776e-12
4.63234e-12
3.91975e-12
3.83427e-12
1.17399e-12
2.98483e-13
2.0928e-12
4.06714e-12
8.75783e-13
2.51531e-12
2.86562e-12
2.76134e-12
2.43904e-12
1.26498e-12
2.77909e-12
2.92293e-12
2.42691e-13
5.63429e-12
2.33277e-12
3.59587e-12
1.28409e-12
9.72782e-13
3.32734e-12
2.80059e-13
5.87108e-13
9.27308e-13
5.0149e-13
1.21386e-12
1.64043e-12
1.26365e-12
6.20825e-13
1.82484e-13
2.86504e-12
1.49764e-12
3.03789e-12
2.32098e-12
9.27699e-13
1.17223e-12
1.38162e-12
1.4036e-12
7.86539e-13
1.31858e-12
9.96054e-13
1.27638e-12
6.35118e-13
1.014e-12
6.75888e-13
1.34287e-12
1.09132e-12
1.05222e-12
1.1957e-12
2.50455e-12
2.95435e-12
6.53364e-13
5.58271e-13
1.50645e-12
4.19259e-13
9.43596e-13
1.10911e-12
1.67641e-12
4.21993e-13
4.92956e-13
8.75679e-13
1.03918e-12
1.52037e-12
8.20548e-13
1.22936e-12
7.60562e-13
8.34104e-13
8.74652e-13
1.12215e-12
6.03495e-13
9.93935e-13
4.26982e-13
2.30197e-13
1.38747e-12
3.83256e-13
6.92474e-13
3.12211e-13
7.18464e-13
7.33848e-13
1.56996e-13
2.01048e-12
1.20233e-12
7.25353e-13
1.00412e-12
7.74732e-13
3.21087e-13
5.00616e-13
7.22969e-13
6.89037e-13
3.35918e-13
5.15818e-13
4.61563e-13
3.85368e-13
9.03752e-13
4.83809e-13
1.09887e-12
8.82202e-13
9.32615e-13
6.69616e-13
1.26924e-12
5.10655e-13
2.13762e-13
1.14543e-12
7.99231e-13
1.00032e-12
1.21734e-12
8.07737e-13
4.67933e-13
8.47847e-13
6.66406e-13
5.73793e-13
5.00379e-13
2.66147e-13
1.08021e-12
7.64773e-13
7.27044e-13
8.44037e-13
3.00933e-13
2.84865e-13
1.12764e-12
1.03293e-12
4.04794e-13
4.45064e-13
6.4761e-13
5.70603e-13
1.2038e-13
7.78182e-13
5.65871e-13
4.91415e-13
3.02402e-13
1.53703e-12
9.03521e-13
1.16098e-12
3.43372e-13
2.01089e-13
4.65067e-13
5.47131e-13
5.99857e-13
3.84005e-13
4.66163e-13
5.67588e-13
7.43824e-13
1.00502e-12
4.50534e-13
5.96451e-13
3.67487e-13
5.3736e-13
2.82243e-13
6.41684e-13
1.10859e-12
8.51805e-13
5.82271e-13
4.15933e-13
1.94718e-13
5.55823e-13
4.46538e-13
3.06796e-13
2.8044e-13
3.10417e-13
5.5585e-13
2.468e-13
4.39524e-13
3.92079e-13
4.29885e-13
3.94138e-13
5.1981e-13
6.61968e-13
6.18232e-13
5.231e-13
7.88556e-13
2.95258e-13
4.99396e-13
4.12845e-13
1.08281e-13
7.08957e-13
2.567e-13
4.66473e-13
4.61979e-13
1.74927e-13
1.52635e-13
2.61716e-13
5.87978e-13
1.026e-13
2.04992e-13
2.84327e-13
6.12708e-13
3.88777e-13
3.12078e-13
1.53974e-13
4.23458e-13
1.13785e-13
2.06371e-13
2.64905e-13
4.43065e-13
1.01452e-13
3.82092e-13
4.16921e-13
4.45111e-13
5.23587e-13
6.13342e-13
5.81737e-13
7.12311e-13
2.29747e-13
1.37616e-13
9.77348e-13
2.38122e-13
3.0558e-13
4.24256e-13
1.09816e-13
1.56712e-13
2.06355e-13
1.97248e-13
3.88718e-13
3.42586e-13
2.44482e-13
5.88801e-14
1.00263e-12
3.42624e-13
5.61594e-13
2.80623e-13
3.44769e-13
1.32761e-13
4.34671e-13
1.52354e-13
1.59476e-13
5.67416e-14
6.06767e-13
3.18738e-14
1.75619e-13
3.99539e-13
4.67822e-13
6.24475e-13
2.49103e-13
5.79707e-13
2.70582e-13
1.33214e-12
4.32475e-13
4.66894e-13
6.39382e-13
3.46731e-13
