n=32
J=0.707107
eta=1.08861
mu=0.0481013
beta-optimal=0
max-overlap=0
2.38152e-11
6.68018e-12
2.1351e-11
9.89121e-12
1.84217e-11
7.14365e-12
1.0308e-11
8.3185e-12
6.00951e-12
1.50223e-11
1.10821e-11
1.93614e-12
8.26831e-12
6.13664e-12
7.97954e-12
2.99974e-12
9.62822e-12
2.58984e-12
6.85852e-12
2.63719e-12
2.23683e-12
2.72936e-12
2.74429e-12
6.57658e-12
6.31581e-12
4.04683e-12
4.17444e-12
3.14834e-12
4.29106e-12
4.65795e-12
3.23446e-12
2.16252e-12
2.07132e-12
2.92956e-12
1.33487e-12
3.18423e-12
1.25542e-12
3.87798e-12
4.67014e-12
6.99739e-13
2.43658e-12
3.06614e-12
1.31764e-12
7.78101e-13
4.12527e-12
3.55137e-12
2.16356e-12
1.92464e-12
3.15532e-12
5.78671e-13
3.48356e-13
2.7641e-12
1.53626e-12
2.90512e-12
3.74847e-12
1.90228e-12
1.45841e-12
4.86409e-12
2.7495e-12
1.23506e-12
2.51378e-12
3.46762e-12
2.24519e-13
2.21491e-12
3.44826e-12
1.86767e-12
2.43285e-12
1.03353e-12
2.7206e-12
1.09582e-12
1.70312e-12
1.37065e-12
1.26849e-12
1.19639e-12
2.49744e-12
5.33449e-13
1.38503e-12
8.55501e-13
1.44327e-12
3.06742e-12
5.04113e-13
2.17466e-12
6.13537e-13
1.63761e-12
8.87098e-14
9.96232e-13
8.33925e-13
1.29748e-12
1.25383e-12
4.6925e-13
8.31391e-13
1.61147e-12
1.03312e-12
1.49884e-12
1.29039e-13
8.9397e-13
4.27853e-13
1.68164e-12
7.98671e-13
1.11212e-12
1.46964e-12
1.95918e-12
1.11729e-12
3.84722e-13
7.76823e-13
2.52707e-13
1.86743e-12
2.17256e-12
1.17523e-12
1.61367e-12
5.98422e-13
1.98211e-12
1.25224e-12
5.30072e-13
9.1913e-13
5.56364e-13
1.95679e-12
7.18316e-13
8.44706e-13
8.25565e-13
6.78092e-13
3.05035e-13
1.03784e-12
1.56886e-12
1.09431e-12
3.99438e-13
1.08234e-12
2.21383e-12
1.4221e-12
6.01531e-13
4.40172e-13
1.32363e-12
1.49877e-13
3.36178e-13
1.70785e-12
7.6388e-13
6.02841e-13
9.63047e-13
7.56672e-13
9.784e-13
1.33079e-12
1.79816e-13
7.31795e-13
1.34989e-12
1.91047e-13
2.41611e-13
9.84129e-13
6.49245e-13
6.27279e-13
9.0202e-13
1.01991e-12
3.80411e-13
6.28125e-13
4.59458e-13
6.39206e-13
1.00156e-12
5.25014e-13
1.89575e-12
7.91575e-13
4.12481e-13
7.55395e-13
1.10952e-12
4.15782e-13
1.01749e-12
4.44589e-13
6.66009e-13
3.77294e-13
6.34913e-13
6.31397e-13
1.11654e-12
7.02871e-13
4.58008e-13
4.15492e-13
4.78492e-13
7.96327e-13
2.07722e-13
7.98671e-13
1.03732e-12
8.28972e-13
2.56345e-13
7.02997e-14
3.59241e-13
9.01523e-13
1.31386e-12
8.24774e-13
7.592e-13
1.33306e-12
3.29426e-13
2.52822e-13
5.87865e-13
1.22659e-12
5.73998e-13
3.03331e-13
6.92871e-13
9.25458e-13
4.6106e-13
5.54255e-13
4.87229e-13
1.06841e-12
1.54197e-12
1.07812e-12
9.42729e-13
5.60612e-13
6.45915e-13
8.42638e-13
1.19465e-12
4.75149e-13
8.57542e-13
3.66721e-13
4.47463e-13
1.09566e-12
1.80226e-12
1.16539e-12
9.46508e-14
5.15258e-13
1.42022e-13
3.49512e-13
6.28749e-13
2.11839e-13
3.56592e-13
3.87526e-13
3.24619e-13
9.08175e-13
4.63013e-13
1.14061e-12
1.30708e-12
1.06299e-13
1.15117e-12
3.86895e-13
4.08501e-13
9.26994e-13
3.45341e-13
8.33106e-13
6.48873e-13
5.06474e-13
6.22903e-13
2.0181e-13
4.94694e-13
6.61877e-13
4.1543e-13
5.13437e-13
3.32681e-13
1.5975e-12
4.81656e-13
9.04648e-13
1.12895e-12
9.91317e-13
4.07537e-13
5.44602e-13
2.80147e-13
5.67885e-13
4.36184e-13
4.49934e-13
7.58512e-13
4.26837e-13
5.96681e-13
