n=32
J=0.707107
eta=1.24051
mu=0.0860759
beta-optimal=0
max-overlap=0
3.92866e-12
1.65123e-12
1.72494e-12
1.8336e-12
2.20276e-12
1.97512e-12
4.30116e-12
1.80384e-12
1.19419e-12
9.06107e-13
4.31232e-12
3.18454e-12
1.83525e-12
1.70099e-12
5.80769e-12
2.57496e-12
6.05955e-12
9.66324e-13
5.38762e-13
2.8177e-12
2.33704e-12
7.65156e-13
1.53394e-12
2.19937e-12
2.91677e-12
1.87297e-12
5.22228e-13
2.47123e-12
1.33812e-12
4.77142e-13
1.01663e-12
2.38242e-12
1.00525e-12
1.54356e-12
7.60132e-13
1.55813e-12
1.46646e-12
2.47008e-12
9.2176e-13
1.92364e-12
1.2718e-12
2.14367e-12
1.89505e-12
1.56773e-12
3.49979e-13
7.09989e-13
6.72111e-13
1.09574e-12
5.86019e-13
3.485e-13
2.26211e-12
1.61537e-12
2.6972e-13
3.71571e-12
1.06559e-12
7.71165e-13
3.8164e-13
2.55703e-13
1.05535e-12
7.06318e-13
1.25082e-12
8.86764e-13
1.82802e-13
1.01927e-12
6.82748e-13
1.14933e-12
1.67246e-12
2.05236e-13
6.07912e-13
1.38393e-12
6.22179e-13
1.51704e-13
7.32734e-13
3.19645e-13
7.9265e-13
6.06343e-13
8.20421e-14
1.25723e-12
3.32943e-13
6.8895e-13
2.69969e-13
4.21884e-13
1.81321e-12
3.40213e-13
5.05159e-13
5.2328e-13
3.4892e-13
9.96219e-13
5.0155e-13
7.42463e-13
1.34747e-13
6.55816e-13
1.94656e-13
3.65915e-13
8.3529e-13
4.13504e-13
4.07986e-13
1.49377e-13
2.98793e-13
6.03465e-13
4.29444e-13
1.49647e-13
4.08277e-13
8.71938e-14
2.41307e-13
2.21082e-13
4.82576e-13
1.29473e-13
2.13685e-13
7.35733e-13
3.2702e-13
4.46494e-13
3.17741e-14
8.90893e-14
3.40078e-13
7.37779e-13
2.06477e-13
7.37407e-13
2.20872e-13
2.49811e-13
4.92826e-13
3.26614e-13
4.84334e-13
1.254e-12
2.86533e-13
4.37902e-13
2.25914e-13
2.25169e-13
2.90434e-13
5.76736e-14
2.51604e-13
5.33236e-13
6.23995e-13
6.21905e-13
2.89626e-13
7.0616e-14
1.01251e-12
6.4433e-13
5.21771e-13
3.88018e-13
7.50799e-13
3.21705e-13
4.13349e-13
4.08834e-14
1.09065e-12
1.05909e-13
3.49908e-13
1.38593e-13
1.54501e-13
3.7976e-13
6.32526e-13
6.80996e-13
1.22848e-13
4.42113e-13
3.39146e-13
6.55638e-13
5.0178e-13
2.20997e-13
4.97235e-13
1.96891e-13
8.77004e-13
7.20905e-14
4.87226e-13
7.0913e-13
5.40298e-14
5.05801e-13
3.17354e-13
3.93579e-13
1.77848e-13
4.35676e-13
6.79898e-13
4.3462e-13
4.83887e-13
3.26772e-13
4.45745e-13
2.66209e-13
3.99209e-13
8.46173e-14
7.11738e-13
1.70428e-13
2.69268e-13
1.42158e-13
5.3793e-13
7.0695e-13
3.56244e-13
6.64976e-13
1.75548e-13
2.32835e-13
4.13893e-13
6.91359e-13
4.88237e-13
1.58468e-13
3.48208e-13
4.94445e-14
2.82724e-13
4.06078e-13
6.96401e-14
1.1006e-13
2.03413e-13
2.92986e-13
4.6747e-14
6.99049e-14
6.13052e-13
4.02319e-13
2.10152e-13
5.08334e-13
1.99348e-13
6.9639e-13
1.34418e-13
2.52702e-13
5.81766e-14
5.00883e-13
2.68932e-13
3.11284e-13
2.6903e-13
3.3229e-13
4.28535e-13
3.68802e-13
3.14365e-13
4.66363e-13
5.99588e-13
2.67817e-13
4.85113e-13
5.1763e-13
1.70781e-13
3.39427e-13
5.46281e-13
1.97675e-13
6.65724e-13
2.33088e-13
6.12497e-13
7.2571e-13
4.89348e-13
1.75988e-13
5.69202e-13
2.92244e-14
2.01975e-13
6.54499e-14
2.79244e-13
1.26047e-13
1.30106e-13
5.2651e-13
5.26167e-13
1.67921e-13
3.47728e-13
8.06961e-13
2.40494e-13
2.45376e-13
3.98537e-13
4.12614e-13
4.63519e-13
2.24796e-13
3.08642e-13
2.05049e-13
6.70014e-13
5.56344e-13
