n=32
J=0.707107
eta=1.06329
mu=0.0303797
beta-optimal=0
max-overlap=0
9.97526e-12
7.99838e-12
2.72146e-11
7.83299e-12
1.39626e-11
2.1569e-11
1.27492e-11
8.9026e-12
4.40124e-12
1.0509e-11
6.18354e-12
1.08237e-11
8.39807e-12
2.34578e-11
8.05046e-12
7.78459e-12
2.57962e-12
1.98676e-12
6.42523e-12
4.75006e-12
6.46178e-12
9.43322e-12
7.64384e-12
1.38335e-12
3.80452e-12
3.82006e-12
4.60766e-12
9.81009e-13
1.39404e-12
5.17442e-12
2.81999e-12
4.31677e-12
7.9545e-12
4.99881e-13
5.493e-12
5.48205e-12
9.74532e-13
1.71315e-12
1.97281e-12
3.98273e-12
1.80502e-12
4.73377e-13
1.00452e-12
1.41591e-12
1.15883e-12
3.21469e-12
3.4266e-12
2.43493e-12
8.63437e-13
1.78246e-12
1.25969e-12
4.84106e-12
8.3162e-13
1.92081e-12
7.16041e-13
2.87505e-12
1.2501e-12
1.64564e-12
1.44643e-12
5.63153e-12
1.31476e-12
3.80474e-13
6.19692e-13
5.79268e-13
1.01125e-12
3.58764e-12
2.48405e-12
2.02127e-12
1.29734e-12
2.68728e-12
1.24761e-12
7.24936e-13
3.04986e-12
1.32058e-12
1.10268e-12
1.88535e-12
2.24196e-12
2.82155e-12
6.57016e-13
1.02773e-12
1.27226e-12
1.40966e-12
5.94258e-13
7.58151e-13
2.29545e-12
3.03173e-13
2.1197e-13
1.22034e-12
1.05651e-12
1.05183e-12
4.87672e-13
1.91492e-12
2.65711e-12
5.36083e-13
6.28453e-13
1.18374e-12
7.57018e-13
1.04857e-12
1.37173e-12
2.35866e-12
3.14927e-12
2.16584e-12
8.01094e-13
1.68069e-12
7.25932e-13
9.24389e-13
1.91253e-12
2.09361e-12
5.67069e-13
2.20039e-12
8.82432e-13
5.24811e-13
7.53813e-13
4.02257e-13
2.2525e-13
1.36645e-12
1.52227e-12
1.78267e-12
8.27626e-14
5.22023e-13
1.30634e-13
9.5561e-13
3.72011e-13
3.94368e-13
2.17336e-12
4.92512e-13
5.99048e-13
2.46411e-12
5.75796e-13
3.2553e-13
4.71751e-13
7.7125e-13
4.60306e-13
8.72547e-13
1.42045e-12
8.88353e-13
7.32124e-13
8.62948e-13
1.0469e-12
8.12448e-13
7.02874e-13
3.14966e-13
2.86088e-13
9.51367e-13
3.67743e-13
8.82213e-13
2.66209e-13
4.35318e-13
1.00171e-12
6.1678e-13
3.58484e-13
1.88941e-13
6.44803e-13
4.4732e-13
6.05118e-13
1.2743e-12
4.28286e-13
2.60221e-13
1.33709e-12
1.24918e-12
1.15453e-12
1.22934e-12
6.21908e-13
1.24403e-12
2.19588e-13
1.07926e-12
1.56659e-13
4.6083e-13
1.14821e-12
1.14073e-12
6.75422e-13
3.06913e-13
6.36324e-13
8.50098e-13
1.02515e-12
4.25566e-13
1.28719e-12
1.61384e-13
1.56681e-12
1.31798e-12
7.11102e-13
3.6234e-13
9.01071e-14
7.79938e-13
1.04298e-12
5.77645e-13
2.52458e-13
1.25984e-12
1.14546e-12
2.09344e-13
6.06038e-13
6.93272e-13
1.15113e-13
7.71956e-14
1.00281e-12
2.09065e-14
3.04181e-13
9.21768e-14
4.39141e-13
1.88913e-13
9.79543e-13
5.09983e-13
1.16452e-12
3.69886e-13
3.86115e-13
3.03465e-13
2.69649e-13
1.28112e-14
3.42775e-13
2.11695e-13
8.7971e-13
4.31045e-13
2.75213e-13
7.77034e-13
3.68665e-13
6.4537e-13
2.17416e-13
3.56597e-13
8.53185e-13
4.4327e-13
1.9776e-13
1.65101e-13
7.80276e-13
6.17787e-14
1.43689e-13
2.3146e-13
5.13116e-13
1.32182e-13
5.86255e-13
7.44007e-13
6.07922e-13
3.72403e-13
1.26261e-13
7.84945e-13
7.8493e-13
3.2808e-13
3.23148e-13
3.71793e-13
1.72541e-13
3.31053e-13
7.70033e-13
1.36058e-13
1.12895e-12
5.16636e-13
4.53134e-13
7.92193e-13
4.52264e-13
5.98521e-13
3.10545e-13
1.24841e-12
4.14436e-13
1.51325e-12
2.76468e-13
4.33479e-13
3.21891e-13
7.82085e-13
