n=32
J=0.707107
eta=1.87342
mu=0.113924
beta-optimal=0
max-overlap=0
0.00063075
0.00160325
0.000198221
0.00181043
0.00108479
0.000188463
0.000826158
0.000140438
0.00121615
0.00100657
0.000183308
0.000112492
0.000619925
0.000514701
0.00183241
0.00091524
0.00292636
0.00054839
0.000509339
0.00152866
0.000247339
0.000643485
6.11966e-05
5.15817e-05
0.000236142
2.36234e-05
0.000471106
0.00108578
0.000378381
0.00102965
0.000632729
0.000900081
0.000226256
0.000275065
0.000390423
5.85563e-05
0.000567256
0.000489765
0.00103378
0.000391876
0.000150972
0.00102826
0.000508797
0.000943046
0.000217466
0.00022676
0.000480651
0.000936996
6.82561e-05
0.000196374
0.000567416
0.000707725
0.000131024
0.000130148
0.000604044
0.000379474
0.000709128
0.00104576
0.00126927
0.0010774
5.27494e-05
0.00114778
0.000651758
4.01144e-05
0.000959199
0.000420281
0.000445759
0.000412525
0.000236837
4.45769e-05
8.45326e-05
0.000620349
9.71048e-05
0.000356585
0.000620997
0.000588313
0.000660831
0.000311935
0.00032063
0.00129356
8.87107e-05
0.000423277
0.00019292
0.00019705
0.000279438
1.61439e-05
0.000852833
0.000243905
0.000532628
3.19371e-05
0.000328095
0.000335911
4.69876e-05
0.00049571
0.000462914
0.000640235
0.000331425
0.000152042
0.000265787
4.94772e-05
0.000275572
0.000287423
0.000132185
8.41769e-05
0.000808198
0.000184593
0.000650167
0.000297233
0.000250629
0.000367186
0.000120152
0.000673828
0.000202177
4.39245e-06
0.000174204
1.86893e-05
0.000252892
0.000283007
0.000155871
2.4671e-05
0.000397541
0.000191102
0.000383089
0.000576396
0.000137133
0.000255659
1.75734e-05
0.000113599
0.00052473
0.00046998
0.000437452
8.71614e-06
0.000273916
1.6433e-05
0.000322721
0.000142944
0.000147521
0.000500033
0.000276065
0.00080138
0.000415651
0.000135198
0.000580831
8.29925e-05
4.51293e-06
0.00036122
0.00103903
0.000784115
2.70646e-05
0.000688928
0.000110518
0.000305863
0.000307829
7.98083e-05
0.000428011
0.000695989
0.000446258
0.000336822
0.000326528
0.000825971
0.000491038
5.6542e-05
0.000885645
0.000184855
0.00020414
0.000198223
0.000497566
0.00019963
0.000267213
0.00099931
5.00016e-05
0.000308787
0.000245712
0.000321472
4.3656e-05
0.000206422
0.000271765
0.00021868
0.000252768
0.000318539
0.000157985
0.000354911
0.000201083
0.000220763
0.000106496
0.000220218
0.000187645
0.000189425
1.95034e-05
0.000240739
0.000408275
0.000429828
0.000362642
0.000376717
0.00013796
0.000169626
0.000830081
0.000438466
0.000938082
0.0005547
1.22795e-05
3.17853e-05
0.00011136
0.000462162
6.69676e-05
0.00059137
0.000247871
0.000232749
6.70783e-05
0.000194499
0.000236727
0.000698055
5.22408e-05
0.00022061
0.000267569
0.000258889
0.000221229
0.000139799
0.000221472
7.12951e-05
0.000200462
1.77738e-05
0.000258741
0.000222901
0.000855728
6.05867e-05
0.000272909
0.000384567
3.58699e-05
4.84459e-05
0.000796634
0.000158233
0.00066058
0.000192518
3.04642e-05
0.000114401
0.000123262
0.000184433
0.000364091
0.000598685
0.000504914
0.000354255
0.000197789
1.43112e-05
0.000568129
0.000394637
0.000626993
6.12123e-05
0.000563535
0.000697815
0.000479488
0.000330203
7.82628e-05
0.000496025
0.000543213
0.000299898
