n=32
J=0.707107
eta=1
mu=0.043038
beta-optimal=0
max-overlap=0
0.711667
0.350367
0.22198
0.169443
0.144891
0.141164
0.137756
0.0724592
0.095217
0.0922779
0.0958814
0.0771924
0.0557448
0.0567219
0.0734228
0.0579921
0.0387797
0.0465768
0.0464264
0.0342082
0.0431306
0.0327903
0.0321804
0.024901
0.0332195
0.0317042
0.0264732
0.0238905
0.0259921
0.0245048
0.0255793
0.0201424
0.0188071
0.0229257
0.0303381
0.017759
0.0170838
0.0205485
0.017941
0.0124804
0.0145162
0.0142714
0.0195512
0.0157564
0.01734
0.0151391
0.01262
0.0119367
0.0118573
0.0160727
0.01397
0.0127878
0.0116076
0.0128726
0.0112276
0.0116736
0.0125079
0.00905977
0.0113137
0.00905075
0.011352
0.00871348
0.00924123
0.0113884
0.00862754
0.0110373
0.00964191
0.00648026
0.00625384
0.00710113
0.00673452
0.00896643
0.00824955
0.00711403
0.00751686
0.00682699
0.00809076
0.0061578
0.00668371
0.0065378
0.00700696
0.00638193
0.00624674
0.00756068
0.00715423
0.00551115
0.00514929
0.00569372
0.00529324
0.00521422
0.00503917
0.00533311
0.00505368
0.00466809
0.00530756
0.0054729
0.0052941
0.00437166
0.00438547
0.00481922
0.00407245
0.00498568
0.00417994
0.00441636
0.00412461
0.00414933
0.0035796
0.00397837
0.00410565
0.00407139
0.00493042
0.00342797
0.00336433
0.00338328
0.00316054
0.00371557
0.00319043
0.00390446
0.00404404
0.00370144
0.00311502
0.00324538
0.00284718
0.00402494
0.00277219
0.00340648
0.00335526
0.00309917
0.0028871
0.00297059
0.00318244
0.00307228
0.00266379
0.00312027
0.00276082
0.00253779
0.00288829
0.0024624
0.00229105
0.00225059
0.00305426
0.00228576
0.00261688
0.00254956
0.00281844
0.00238913
0.0020792
0.00218811
0.0022402
0.00241048
0.0025281
0.00237507
0.00213435
0.00267297
0.00227303
0.00192311
0.00216162
0.0026754
0.00192743
0.0020151
0.00199422
0.0022376
0.00217042
0.00227273
0.00194889
0.00177226
0.00211181
0.0016355
0.00161063
0.00198137
0.00176224
0.00198184
0.00175984
0.00175577
0.00197291
0.00199586
0.00156105
0.00161505
0.00193814
0.00159848
0.00162207
0.0016203
0.00169236
0.00174526
0.0015621
0.0014153
0.00136762
0.00155957
0.00151185
0.00162307
0.00175395
0.00145489
0.00159311
0.00144427
0.00158525
0.00126724
0.00136625
0.00153866
0.00146139
0.00107778
0.00138531
0.00121115
0.0013821
0.00121796
0.00140013
0.00127759
0.00134973
0.00121122
0.00112053
0.00126968
0.0013359
0.00104629
0.00110727
0.00113963
0.00106795
0.00111723
0.00108387
0.00103816
0.00117838
0.00109642
0.00105874
0.00104719
0.00111186
0.000953818
0.00108166
0.00112734
0.00101829
0.000894044
0.00104747
0.000837564
0.00098892
0.000976269
0.000983927
0.000945682
0.000841433
0.000780262
0.00093386
0.000853924
0.000966956
0.00089176
0.000756027
0.000866112
0.000917342
0.0008216
0.000807554
0.000801795
0.000757139
0.000684568
0.000866479
0.000640631
0.000730714
0.000747816
0.000755187
0.000798537
0.000627859
0.000608783
