n=32
J=0.707107
eta=1.08861
mu=0.0177215
beta-optimal=0
max-overlap=0
7.65731e-12
8.05318e-12
7.39154e-12
5.48643e-12
4.45613e-12
8.61259e-13
6.91629e-13
2.11132e-12
3.1366e-12
2.3101e-12
6.4516e-12
9.37261e-13
1.1827e-12
2.13841e-12
6.08392e-12
1.9162e-12
1.69435e-12
2.42726e-12
3.71909e-12
1.72534e-12
9.00051e-13
2.32086e-12
1.11705e-12
8.5438e-13
1.8961e-12
1.52474e-12
4.35228e-13
7.56285e-13
1.73097e-12
1.77232e-12
4.48188e-13
1.37421e-12
1.36144e-12
9.06129e-13
3.291e-12
1.13661e-12
1.86797e-12
1.3668e-12
6.20922e-13
7.92289e-13
1.59115e-12
6.21408e-13
8.58202e-13
5.60154e-13
1.26776e-12
7.55808e-13
9.33889e-13
1.38082e-12
1.41309e-12
6.08921e-13
5.03219e-13
3.12133e-12
7.96413e-13
5.05569e-13
4.91331e-13
6.81213e-13
4.67939e-13
8.98104e-13
1.26686e-12
7.06223e-13
1.12847e-12
2.20201e-13
5.09396e-13
3.58118e-13
1.79333e-13
7.69622e-13
8.56574e-13
2.61916e-13
3.50411e-13
3.74594e-13
4.29478e-13
4.10229e-13
6.73702e-13
8.31197e-14
3.30739e-13
1.92462e-13
1.96243e-13
4.97959e-13
2.57289e-13
7.27137e-13
8.21457e-13
3.87527e-13
8.69517e-13
5.41151e-13
7.12271e-13
1.62953e-13
3.4837e-13
1.48731e-13
4.62149e-13
5.85501e-13
1.09383e-12
2.58143e-13
7.1648e-13
6.20679e-13
3.90813e-13
4.84879e-13
2.72499e-13
3.10684e-13
3.439e-13
6.26892e-13
4.58148e-13
1.17483e-12
1.5577e-12
1.21677e-12
7.16423e-13
8.95389e-13
6.18387e-13
1.93957e-13
4.18817e-13
2.55131e-13
9.10805e-13
5.62642e-13
2.7759e-13
9.57034e-14
3.39818e-13
3.63714e-13
1.36484e-13
4.51351e-13
1.53306e-13
2.91284e-13
1.46178e-13
3.05507e-13
6.339e-13
3.58463e-14
1.90861e-13
1.91034e-13
1.66867e-13
5.76906e-13
1.46247e-13
3.04208e-13
2.49434e-13
3.44902e-14
2.5177e-13
1.6219e-13
4.18953e-13
4.41055e-13
1.10546e-13
2.2052e-13
3.45657e-13
4.60801e-13
2.43936e-13
3.90086e-13
2.23024e-14
6.35083e-13
2.74487e-13
9.21095e-14
9.55765e-14
4.45581e-13
2.18303e-13
1.6234e-13
3.68262e-13
1.71053e-13
2.66438e-13
2.95747e-13
6.22236e-14
3.99437e-13
4.75446e-13
3.58089e-13
6.12592e-13
4.86366e-13
4.45648e-13
9.70718e-13
1.21541e-12
2.38153e-13
4.48328e-13
4.94597e-13
2.13508e-13
2.70941e-13
2.14032e-13
5.86002e-13
5.50421e-14
1.02136e-13
1.07272e-13
2.64757e-13
2.65431e-13
2.49693e-13
6.99075e-14
2.37182e-13
2.53664e-13
2.58517e-13
2.01605e-13
2.83055e-13
1.70293e-13
1.2924e-13
1.79249e-13
2.60908e-13
8.86525e-14
6.94522e-14
2.67896e-13
1.28071e-13
9.8467e-14
4.68099e-13
1.69561e-13
1.07344e-13
4.79902e-14
9.01135e-14
1.67721e-13
2.74785e-13
2.06108e-13
6.93605e-13
1.31618e-13
1.73813e-13
1.76671e-13
3.68349e-13
2.5591e-13
3.03244e-13
1.0818e-13
3.35718e-13
4.54236e-14
5.02635e-13
8.29011e-13
8.9952e-13
4.84666e-13
2.93123e-13
2.7093e-13
2.43549e-13
5.97199e-13
3.16308e-13
3.35344e-13
2.40548e-13
5.31933e-14
4.17463e-13
1.27285e-13
2.11762e-13
4.65745e-13
1.88596e-13
3.23479e-13
1.96944e-13
1.63024e-13
1.03051e-13
9.94249e-14
1.38355e-13
6.49691e-14
3.30502e-13
9.92025e-14
8.91913e-14
1.68691e-13
1.32861e-13
1.83292e-13
5.04942e-14
2.69381e-13
8.1741e-13
8.58537e-13
4.62681e-13
3.9843e-13
2.05607e-13
1.86862e-13
4.43633e-13
1.00937e-13
1.32169e-14
4.33682e-13
1.29652e-13
1.08723e-13
2.11003e-13
3.97166e-13
8.51235e-14
