n=32
J=0.707107
eta=1
mu=0.0506329
beta-optimal=0
max-overlap=0
0.528793
0.366799
0.30266
0.228646
0.201102
0.177133
0.16745
0.154982
0.132855
0.106909
0.134459
0.134615
0.106623
0.0926033
0.0827829
0.0710317
0.0589677
0.0655325
0.0562459
0.0576429
0.0733571
0.0551883
0.0528079
0.0533234
0.0520567
0.0493502
0.0526373
0.0413723
0.0396251
0.0419897
0.0381988
0.0362772
0.0343076
0.0434166
0.0322633
0.0330231
0.0290564
0.0284322
0.0312388
0.0258702
0.025211
0.0254528
0.0244325
0.0262367
0.0209427
0.0201229
0.0224208
0.0181425
0.0196007
0.0186409
0.0160868
0.0181189
0.0209516
0.0169938
0.0172271
0.021859
0.0185852
0.0157474
0.015815
0.0159678
0.0151976
0.0145983
0.0159566
0.0151125
0.0159987
0.0131652
0.0121503
0.0162924
0.0130566
0.0118811
0.0125567
0.0142388
0.0138799
0.011864
0.0119471
0.011554
0.0106066
0.0109699
0.0119904
0.0106824
0.0126644
0.0104328
0.00947185
0.009319
0.00895317
0.00943836
0.00916249
0.00756014
0.00965902
0.00779731
0.00936024
0.00793011
0.00873433
0.00761037
0.00880915
0.00877872
0.00709894
0.00781673
0.00724195
0.00702475
0.00873471
0.00676161
0.00803572
0.0071092
0.00698747
0.00630313
0.00660747
0.00630926
0.00588767
0.0069588
0.00745955
0.00638255
0.00667748
0.0062898
0.00723693
0.00577354
0.00594376
0.00557945
0.00624667
0.00633812
0.00575468
0.00539565
0.00514488
0.00559031
0.00586778
0.00617761
0.00528387
0.00492785
0.00494497
0.0050645
0.00497505
0.00523277
0.00441116
0.00437823
0.00520483
0.00444003
0.00463549
0.00453722
0.00431425
0.0040656
0.00464423
0.00442163
0.00461153
0.00411998
0.00392112
0.00346623
0.00362218
0.004317
0.00411274
0.00349925
0.00388929
0.0041578
0.00378581
0.0040365
0.00386047
0.00396642
0.00379171
0.00367769
0.00361806
0.00319997
0.00340463
0.00333922
0.00306604
0.00332191
0.00338303
0.00357933
0.00301859
0.00338672
0.00303744
0.00320377
0.00339189
0.00277237
0.00332532
0.00317424
0.0027275
0.00304029
0.00276178
0.00249653
0.00322846
0.00261809
0.002462
0.00270403
0.00273106
0.00269667
0.0025281
0.00228217
0.0026192
0.00240466
0.00259126
0.00248926
0.00259329
0.00244625
0.00224077
0.00247776
0.00250674
0.0022659
0.00245861
0.00224467
0.00218195
0.00241025
0.00209794
0.00201543
0.00225551
0.00218325
0.0020388
0.00212307
0.00203894
0.00228294
0.00230953
0.00203356
0.00232173
0.00194248
0.00211144
0.00199689
0.00203779
0.00186895
0.00189244
0.00162378
0.00198566
0.0017104
0.00208185
0.00197633
0.00164738
0.00174523
0.00199249
0.00171375
0.00170362
0.00170387
0.00171981
0.00165587
0.00164936
0.00182558
0.00153588
0.00158302
0.00169347
0.00142184
0.00158934
0.00171765
0.00138991
0.00151861
0.00153432
0.00149266
0.00150827
0.00152345
0.00129669
0.00140809
0.0014561
0.00114397
0.00120352
0.00126622
0.00125881
0.00128886
0.00122486
0.00120894
0.00106143
0.00111635
