n=32
J=0.707107
eta=1
mu=0.164557
beta-optimal=0
max-overlap=0
0.211346
0.196346
0.19341
0.188046
0.178968
0.176284
0.158513
0.156171
0.155842
0.151449
0.142024
0.142234
0.145308
0.137891
0.138011
0.137315
0.137048
0.127732
0.124359
0.120376
0.110572
0.112833
0.107453
0.10643
0.103383
0.106634
0.105892
0.101575
0.0987227
0.094028
0.0971432
0.0951815
0.0922659
0.088996
0.086403
0.0867113
0.0851874
0.0816268
0.0817052
0.0821266
0.0804226
0.0783549
0.0800929
0.0775285
0.0744759
0.0765031
0.0734816
0.0694655
0.073619
0.0689059
0.0731946
0.0678671
0.0679318
0.0659625
0.0657091
0.0661898
0.0628373
0.063248
0.0642471
0.064442
0.0596184
0.0612902
0.0602684
0.0602864
0.0604326
0.0619687
0.0558079
0.0569176
0.055658
0.0540024
0.0551734
0.055058
0.0530391
0.0562474
0.0514741
0.0528804
0.051718
0.0514707
0.0505313
0.0491514
0.049885
0.0499265
0.0471222
0.0462041
0.0461102
0.0458597
0.0474746
0.0467493
0.0445988
0.0444055
0.0437058
0.0442647
0.0435662
0.0443958
0.0429904
0.0424548
0.0414839
0.0408437
0.0408725
0.0422438
0.0403584
0.0398226
0.0405962
0.03923
0.039134
0.0388086
0.0398144
0.0396255
0.0365781
0.0370415
0.0369241
0.0342465
0.0358797
0.0362197
0.0360566
0.0349235
0.0355038
0.0342653
0.0348699
0.0340356
0.0357903
0.034677
0.0329617
0.033125
0.033479
0.0325664
0.0315535
0.0317683
0.0320611
0.0315578
0.0309333
0.0308112
0.029947
0.0304877
0.0300484
0.0296849
0.0289768
0.0292751
0.0290849
0.0288474
0.0280348
0.0280628
0.0279716
0.0281805
0.0275655
0.0266911
0.0266148
0.0276916
0.0263446
0.0269493
0.0267372
0.0259213
0.0259416
0.0254756
0.0261923
0.0246018
0.0249824
0.0243505
0.0252082
0.0239739
0.0237103
0.0244524
0.024231
0.0235854
0.0236217
0.0237943
0.0236001
0.0234821
0.022749
0.0218051
0.0233335
0.0226539
0.0225347
0.0227026
0.0217135
0.0216087
0.0220065
0.0213905
0.0219283
0.0208613
0.0209014
0.0210743
0.0207576
0.0209391
0.0206144
0.0202057
0.0200132
0.0201565
0.0200634
0.0197148
0.0193661
0.0199939
0.0196723
0.0193502
0.0190021
0.0188954
0.0189248
0.0187762
0.0187158
0.0193039
0.0184062
0.0180921
0.0177879
0.0184503
0.0177601
0.0172335
0.0178075
0.0173072
0.0174338
0.0166418
0.0167282
0.0165781
0.0160573
0.0163104
0.0163131
0.0159638
0.0161001
0.0158683
0.015936
0.0161134
0.0156231
0.0154134
0.0153456
0.0153466
0.0150533
0.0153594
0.0148111
0.0152092
0.0148307
0.0144055
0.0143318
0.0141604
0.0144366
0.0140783
0.0143718
0.0142754
0.0137852
0.0135685
0.0134772
0.0132708
0.0136048
0.013449
0.0130931
0.0131141
0.0126735
0.0127
0.0127617
0.0124459
0.0121004
0.0121022
0.0117858
0.0118065
0.0115786
0.0114401
0.0114304
0.0107864
