n=32
J=0.707107
eta=1.18987
mu=0.0860759
beta-optimal=0
max-overlap=0
4.55433e-12
5.84232e-12
7.90722e-12
3.99817e-12
5.03655e-12
2.02239e-12
7.50871e-12
1.38705e-12
2.83191e-12
2.94612e-12
1.19656e-12
4.54727e-12
4.38494e-12
3.88538e-12
9.05455e-12
3.37422e-12
6.37513e-12
1.45762e-12
5.39559e-13
4.96713e-12
3.93147e-12
1.97254e-12
4.50845e-12
1.75458e-12
2.53322e-12
2.27744e-12
5.03335e-13
1.98777e-12
1.40666e-12
5.9799e-13
2.2308e-12
3.01878e-12
1.0705e-12
8.74008e-13
3.47629e-13
2.71978e-12
2.73577e-12
2.86276e-12
7.89341e-13
2.51395e-12
2.4282e-12
3.37528e-12
2.38316e-12
3.425e-12
9.4762e-13
1.90615e-12
9.65326e-13
1.26011e-12
9.42848e-13
2.16908e-13
3.45685e-12
1.00338e-12
1.38795e-12
3.79313e-12
6.23829e-13
3.02723e-13
2.21576e-13
5.77379e-13
2.55659e-13
1.50473e-12
2.66121e-12
8.37343e-13
9.46207e-13
1.54302e-12
7.59484e-13
2.53814e-12
1.51985e-12
2.68898e-13
6.51194e-13
2.60289e-12
4.52041e-13
3.59358e-13
1.87785e-12
4.89034e-13
1.56315e-12
7.75468e-13
3.6381e-13
1.33427e-12
2.39808e-13
5.83464e-13
3.78929e-13
5.02037e-13
2.78889e-12
1.23762e-12
1.35326e-12
1.48705e-12
9.69157e-13
2.36453e-12
9.96279e-13
3.21428e-13
5.55345e-13
8.08025e-13
6.15051e-13
3.09685e-13
1.93509e-12
6.49894e-13
4.34552e-13
1.87882e-13
5.94143e-13
6.8798e-13
1.14001e-12
8.21674e-13
8.30031e-13
3.7213e-13
3.14489e-13
9.73175e-14
9.63725e-14
9.73215e-13
4.05244e-13
4.19769e-13
7.08826e-13
9.64279e-13
1.81061e-13
5.83357e-13
5.47263e-13
6.70311e-13
3.91793e-13
1.4321e-12
2.23795e-13
5.4125e-13
2.59868e-13
7.64932e-13
3.88198e-13
2.06192e-12
1.01694e-13
7.5962e-13
7.12554e-13
6.57045e-13
4.1323e-13
3.00562e-13
1.56485e-13
1.13509e-12
7.03057e-13
7.43109e-13
1.01684e-13
1.87902e-13
1.79511e-12
2.59703e-13
1.42559e-12
7.62172e-13
2.36281e-13
9.8332e-13
5.80748e-13
4.96741e-13
1.17322e-12
4.3556e-13
1.13072e-12
2.72223e-13
1.43747e-13
7.02184e-13
9.05999e-13
2.62047e-13
4.36248e-13
3.90862e-13
1.77062e-13
9.78016e-13
1.09234e-12
9.52364e-13
6.71489e-13
2.2178e-14
8.31043e-13
1.05757e-13
4.94114e-13
7.05742e-13
2.31723e-13
4.49426e-13
5.91173e-13
2.70096e-13
6.09469e-13
7.27572e-13
4.9415e-13
1.70023e-13
4.89799e-13
9.271e-13
2.68416e-13
5.28338e-13
2.99185e-13
3.67916e-13
7.93413e-13
5.30887e-13
3.96385e-13
9.17317e-14
6.80651e-13
1.5889e-12
6.66781e-13
4.87285e-13
2.76195e-13
1.05504e-13
4.88005e-13
8.75071e-13
1.03053e-12
4.23168e-13
2.39533e-13
2.3478e-13
3.36491e-13
6.32285e-13
2.31596e-13
1.09061e-13
3.49308e-13
7.83206e-13
7.68158e-14
3.36781e-13
4.34605e-13
1.47272e-13
1.03348e-13
5.26061e-13
4.04127e-13
6.86923e-13
1.34488e-13
1.96302e-13
3.77697e-13
6.79441e-13
2.84499e-13
5.76598e-13
1.40461e-13
5.84682e-13
4.36035e-13
6.67611e-13
7.13413e-13
8.32188e-13
4.77597e-13
3.49687e-13
7.26907e-13
2.37847e-13
8.48776e-14
6.76213e-13
2.56691e-13
5.98509e-13
6.08552e-13
5.13727e-13
9.1349e-13
5.50787e-13
1.10573e-12
8.35885e-14
9.60022e-13
2.18378e-13
2.7393e-13
2.39063e-13
3.56643e-13
3.57046e-13
2.94236e-13
4.99222e-13
9.28792e-13
9.77537e-14
4.09406e-13
1.10882e-12
2.45226e-13
4.73452e-13
4.49577e-13
2.93042e-13
7.43598e-13
1.5651e-13
8.41956e-13
4.47198e-13
9.86188e-13
2.27636e-13
