n=32
J=0.707107
eta=1.36709
mu=0.0911392
beta-optimal=0
max-overlap=0
0.00104068
0.000781313
0.000193802
0.00225932
0.00339696
0.00139352
0.0012445
0.000376168
0.00139895
0.000899374
0.00181763
0.00237163
0.00124201
0.000967159
0.00136449
0.00197723
0.00103236
0.00244616
0.00168422
0.00316104
0.000498334
0.00048489
0.000488968
5.98589e-05
0.00040122
0.000499588
0.000260642
0.000979954
4.62095e-06
0.000477686
0.00113275
0.00160591
0.000615311
0.000956335
0.000168475
0.000607502
0.00154777
0.000217414
0.00056075
7.23221e-06
0.000358962
0.000416065
0.00132739
0.00122354
0.000716742
0.000351706
0.000160964
0.00072365
0.000512689
0.00024446
0.000295536
0.000193925
0.000337236
0.000754534
0.00062698
0.00103374
0.00033641
0.00113092
0.000714915
0.00120823
0.000403128
0.0014242
0.000502856
0.000317452
0.000939603
0.000509544
0.000193862
0.000770261
0.000778517
0.000332449
0.000678697
5.4725e-05
0.000552988
0.000655092
0.000742394
0.00087761
0.000152545
0.000567756
0.000356132
0.00135064
0.000536353
0.000470416
0.000214232
0.000246443
0.000543377
0.000279526
0.000715074
0.000607576
0.000665174
0.000669014
0.00029643
7.25796e-05
0.0003393
0.0005857
0.000741363
0.000300971
3.86576e-05
0.000403799
0.000102047
0.000690733
0.00013376
7.58473e-05
2.42518e-05
0.000248176
0.000841166
0.000166526
0.000355218
0.000154206
0.000424683
3.42874e-05
0.000246953
0.000535642
0.000254826
0.000142064
0.000469471
0.000229079
0.000243057
0.000214432
1.9268e-05
8.21752e-05
2.20476e-05
0.000452905
0.000246615
0.00038776
0.000501119
0.000108753
0.000292557
0.000205626
0.000296934
0.000467505
2.9807e-05
0.000361118
0.000130407
5.89764e-05
1.7304e-05
0.000724651
0.000531145
0.000433456
1.08872e-05
0.000803353
0.00140322
9.97819e-05
0.000353283
0.000408712
0.000221481
0.000193016
0.000858522
0.000706345
0.000303207
0.000618632
0.000191254
0.000136753
0.000490877
7.41652e-05
0.000181856
0.000978903
0.000171023
8.72282e-05
3.5232e-05
0.00044842
0.00032444
0.000145872
0.000408219
1.72071e-05
0.000114266
0.000277724
3.15461e-05
0.000364234
6.63666e-05
0.000107399
0.00011128
5.45799e-05
0.000210632
2.00312e-05
0.000283672
2.9835e-05
3.03616e-05
0.00065241
0.000336515
9.80879e-06
6.76674e-05
0.000375133
0.000248211
0.000224354
6.94051e-05
3.81707e-05
0.000159624
0.000274625
3.07542e-05
0.000430201
0.00038559
5.17523e-05
0.000445678
0.000260005
0.000279256
0.000178715
0.000615773
0.000478843
6.52294e-05
0.000226117
0.000314476
3.93599e-05
2.39821e-05
0.000363005
8.86606e-05
0.000607722
2.52304e-05
0.000211298
0.000204972
0.000392265
0.000252913
0.000148327
7.42065e-05
0.000164496
0.000236005
0.00018054
0.000408988
1.7992e-05
0.000105225
0.00012678
0.000429744
4.28293e-05
0.000222993
0.000515928
0.000578264
7.68601e-05
4.2836e-05
4.9272e-05
0.000103085
1.95708e-05
0.000505351
0.000103231
0.000580366
0.000105143
0.00033301
0.000239318
0.000205834
0.000295666
0.000354505
0.000560982
0.000456801
0.000408038
0.000230282
0.000495774
0.000398824
7.59615e-07
0.000360536
0.000173934
0.000251019
0.000456929
0.000316903
4.35211e-06
0.000352698
8.54395e-05
6.57736e-05
0.00018735
