n=32
J=0.707107
eta=1.03797
mu=0.0506329
beta-optimal=0
max-overlap=0
0.0019581
0.000940345
0.00435565
0.00501779
0.00755243
0.00588822
0.00161888
0.00357884
2.72665e-05
8.26221e-05
0.00179987
0.00139808
0.00299763
0.00170603
0.00202006
0.00159893
0.000937401
0.00157697
0.00156073
0.000366327
8.91333e-07
0.000170943
0.000834523
0.00109624
0.00082202
0.00151643
0.000346302
0.000846852
0.00080211
0.000235161
0.00131763
0.000939126
0.000289913
0.00137667
0.000369548
0.00196445
9.76021e-06
7.80398e-05
0.000375649
0.000521371
0.000684281
0.000621639
0.00198421
0.000138238
0.000278484
0.000500603
2.02825e-05
0.000300385
0.000484571
0.00101978
0.000301685
0.00136202
0.000124491
0.00061674
0.000249264
0.000549499
0.000557936
0.000222089
0.000416799
6.89317e-05
0.000161452
0.000580871
0.000569605
0.000389302
1.78839e-05
0.00137951
0.00166006
1.48202e-05
0.000705788
0.000851478
0.000544685
0.000277744
0.0011238
0.000314671
2.45161e-05
1.85755e-05
0.000158666
2.63596e-05
0.000904443
0.000462788
2.61677e-05
0.000165644
0.00026516
0.000929863
0.000411472
0.000264804
0.00010349
0.000307532
0.000186123
0.000223971
6.07246e-05
0.000179665
0.000295335
0.000540262
0.000413462
0.000120085
0.000654116
0.000372379
0.00036314
0.000125463
2.43631e-05
0.000148021
0.000155037
0.000150242
5.88943e-05
6.02276e-05
0.000283791
5.17538e-05
0.000391626
0.000248839
0.000132104
7.20889e-05
0.000129201
0.000198805
0.000247731
0.00010992
0.00018344
0.000102241
0.000533244
0.000121072
0.000343205
0.00012918
0.000371464
0.000250794
0.000153359
2.29376e-05
0.000124195
0.000277629
8.34376e-05
4.7781e-05
6.83593e-05
0.000580077
7.04513e-05
0.000527663
5.87436e-05
2.37753e-05
0.000202245
0.000309145
9.78582e-05
0.000167467
4.04871e-05
7.97306e-05
4.8402e-05
3.00128e-05
3.29989e-05
4.66487e-05
0.000445436
0.000173552
0.000187102
0.000408704
7.20262e-05
0.000188491
0.00021109
0.000237378
0.000294692
4.97559e-05
0.000138358
0.000158643
6.3413e-06
0.000155577
2.06933e-05
4.39474e-05
0.000208994
0.000272022
0.000123564
0.000184637
7.9781e-05
0.000130333
7.93143e-05
0.000240051
6.84429e-05
0.000222764
0.000222895
0.000412955
0.000365717
0.000372741
0.000207677
0.000215903
8.75027e-05
0.000172664
0.000192248
9.86097e-05
0.000379012
1.37235e-05
0.00018307
0.000181357
7.98524e-05
1.47285e-05
8.09121e-05
0.000127174
0.000611096
6.80193e-05
0.000154702
2.12181e-05
0.000232555
4.85795e-05
0.000128617
3.48834e-05
0.000298406
0.000259001
0.0001246
0.000189729
0.000185629
0.000225507
4.95933e-06
0.000194695
8.31197e-05
0.000286059
3.44291e-05
0.000385259
8.98161e-05
5.8172e-05
9.93859e-05
0.000255749
0.000296103
0.000180213
3.34542e-05
3.28179e-05
0.00023677
9.85222e-05
2.08191e-05
0.000191317
1.53362e-05
0.000241397
0.000112081
1.97751e-05
7.13694e-05
5.70643e-05
0.000107228
0.000278492
9.95415e-05
8.55609e-06
0.000111655
0.000191179
0.000139818
0.000150363
7.98981e-06
5.37286e-06
7.25777e-08
0.000115761
0.000128586
0.000133065
0.000230483
5.29669e-05
8.06151e-05
5.78841e-05
8.974e-05
5.2484e-05
0.000148267
7.83238e-06
8.44506e-05
6.18665e-05
0.000229434
1.87079e-05
5.11363e-05
0.00013078
