n=32
J=0.707107
eta=1.03797
mu=0.0101266
beta-optimal=0
max-overlap=0
7.96442e-05
0.00128476
0.00026276
0.000684671
0.00122276
0.000347809
0.000530155
0.000414409
0.000151754
0.000159086
0.000639015
0.000684739
0.000265938
0.00078576
3.81627e-05
0.00010828
0.000240317
7.82957e-05
0.000524431
7.00274e-05
0.000448261
1.76795e-05
4.82965e-05
0.000317373
4.842e-05
2.36958e-05
0.000698622
0.000120462
0.000241045
0.00013262
0.000153914
4.42488e-05
0.000136673
0.000110382
9.28958e-05
0.000105626
0.000109284
0.000139042
2.83318e-05
0.000433099
3.47533e-05
0.000173108
6.38846e-05
0.000129077
9.46927e-05
0.000135189
2.93408e-05
0.000160429
1.88994e-05
1.85936e-05
0.000209147
2.98438e-05
0.000209954
3.35166e-05
3.49077e-06
0.000141192
6.28178e-05
9.9096e-05
6.01712e-05
3.2606e-05
9.89144e-05
6.04735e-05
0.000164294
6.74391e-05
2.33479e-05
9.73047e-05
6.28287e-06
1.33349e-05
3.63571e-05
2.20062e-05
6.58609e-05
0.000119503
8.29724e-05
8.76949e-05
5.64596e-06
0.000103744
5.51579e-05
3.81768e-05
9.61121e-05
4.32407e-05
0.000155421
8.80992e-06
4.18249e-05
5.81438e-05
1.68959e-05
9.72732e-06
1.19784e-05
2.26199e-05
1.79313e-05
7.55262e-05
4.74525e-05
3.88102e-05
7.10562e-06
5.38201e-05
5.95492e-06
7.36529e-06
6.49621e-05
0.000148589
9.58912e-05
4.32803e-05
7.91564e-06
7.68859e-06
2.13553e-05
1.96368e-05
0.000128956
7.16513e-05
2.44986e-05
7.43733e-06
0.000107642
2.86459e-07
4.39044e-05
1.70955e-05
3.13553e-05
1.64601e-05
2.17462e-05
9.74976e-06
6.09871e-05
1.83628e-05
0.000104986
0.000110097
4.1099e-06
9.53052e-05
9.35307e-05
1.34488e-05
5.27349e-05
8.45459e-06
1.81426e-05
3.76707e-05
1.04671e-05
2.6139e-05
2.23877e-05
9.00044e-05
4.86845e-05
1.83205e-05
7.92655e-05
0.000119844
4.09039e-06
9.32223e-05
2.77829e-05
1.27416e-05
7.07092e-05
9.37533e-05
8.84821e-06
2.39604e-05
5.6739e-05
2.25542e-06
3.24568e-05
5.44777e-06
6.04829e-05
1.69069e-05
0.000117371
3.48209e-05
3.23309e-05
8.85474e-06
9.61585e-06
1.7904e-05
1.49255e-05
5.52289e-05
5.09322e-06
1.09524e-05
1.02341e-05
3.98957e-06
3.45605e-05
2.23612e-05
1.31449e-05
4.9322e-05
4.26823e-05
9.64394e-06
7.66611e-06
7.38377e-05
1.05294e-05
1.42938e-05
6.66888e-05
9.0874e-06
5.31983e-06
4.31954e-06
4.7178e-06
1.1526e-06
9.62384e-05
3.91033e-06
2.84242e-06
1.14479e-05
2.52472e-05
7.50808e-06
4.80343e-05
2.54066e-05
1.35761e-05
4.77936e-06
9.33984e-06
6.87218e-06
4.84333e-05
1.92487e-05
6.79091e-05
1.12765e-05
6.79247e-05
1.3757e-05
1.18731e-06
6.85624e-06
1.08939e-05
0.000141384
1.18689e-05
2.60377e-06
7.45618e-06
6.72165e-06
4.74912e-05
1.99505e-06
2.2555e-05
8.48148e-06
1.27605e-05
5.12189e-06
6.49078e-05
7.50469e-05
2.75481e-07
5.86282e-06
3.03135e-06
5.72984e-05
4.31689e-06
9.75178e-06
3.91096e-05
4.38742e-06
4.13224e-06
3.60725e-05
3.55159e-05
4.201e-06
1.5949e-06
9.7712e-05
3.21275e-06
1.28289e-05
4.42355e-05
2.61157e-05
1.02907e-05
1.59224e-05
3.72751e-05
4.18302e-05
1.41021e-05
1.63475e-06
5.50513e-06
1.37136e-05
3.5121e-06
3.36247e-05
9.99437e-06
1.35121e-05
2.54151e-06
4.0714e-06
3.89104e-05
6.7767e-06
2.45166e-05
6.08347e-06
3.10514e-05
6.34619e-06
6.26217e-05
5.56457e-06
5.75979e-06
3.69089e-05
1.77683e-05
9.10429e-07
