n=32
J=0.707107
eta=1.5443
mu=0.078481
beta-optimal=0
max-overlap=0
0.000918738
0.00177627
0.000175252
0.00199288
0.00111415
0.000307436
0.00089088
0.000222798
0.00128977
0.000893975
0.00052992
9.05401e-05
0.000799058
0.000522688
0.00175728
0.000768735
0.00329733
0.000769357
0.000407577
0.00133047
0.000256045
0.000658168
0.00011714
5.59589e-05
0.000121178
9.11574e-05
0.000491957
0.00102286
0.000421575
0.00100126
0.000440687
0.000818332
0.00018602
0.000329921
0.000321938
0.00013379
0.00027313
0.000558889
0.000973338
0.000308585
0.000257042
0.000937909
0.000380279
0.0008358
5.76834e-06
0.000216095
0.000463592
0.000713161
0.000142304
0.000142713
0.000477903
0.000765952
7.30915e-05
8.86683e-05
0.000640126
0.000332393
0.000675771
0.000827224
0.00110686
0.00100992
5.84229e-05
0.00102508
0.000593039
1.4715e-05
0.000745973
0.000298556
0.00042727
0.000306285
7.95306e-05
0.000102889
3.93505e-05
0.000611986
0.000213188
0.000302192
0.000525026
0.00051379
0.000608619
0.000239861
0.000318269
0.00113509
7.26473e-05
0.000342634
9.21912e-05
7.30424e-05
0.000164589
8.08363e-06
0.000597225
7.71311e-05
0.000419387
1.70623e-05
0.000210995
0.0003157
6.93027e-05
0.000388295
0.000352913
0.000453191
0.000307525
6.82431e-05
0.000256344
0.000131252
0.000179615
0.000226072
7.05287e-05
0.00011575
0.000657143
6.46849e-05
0.000551337
0.000266496
0.000154834
0.000344582
5.65199e-05
0.000603321
0.000183574
4.09487e-06
0.000145962
6.82225e-05
0.000174246
0.000171256
0.000141293
2.82233e-05
0.000315018
0.000153994
0.000380615
0.000489789
3.77651e-05
0.000285382
2.88103e-05
7.16803e-05
0.000419443
0.000422004
0.000412354
2.07383e-05
0.000183693
1.98646e-05
0.000293494
1.37184e-05
7.78677e-05
0.000471364
0.000244707
0.000624288
0.000280426
0.000115198
0.000468292
2.43051e-05
4.79483e-05
0.00036942
0.000827227
0.000629606
3.69955e-05
0.000586125
9.71246e-05
0.000259735
0.000267962
6.48255e-05
0.000297078
0.00040377
0.000287776
0.00033366
0.000277838
0.000716897
0.000327025
7.81989e-06
0.00074922
0.000191257
0.00016946
0.000188375
0.000430436
8.89789e-05
0.000223474
0.000862346
3.92443e-06
0.000282434
0.000237186
0.000221208
3.93059e-05
0.000134253
0.000277799
9.09726e-05
0.000140702
0.000212014
0.000140276
0.000226411
0.000131941
0.000261669
0.000127411
0.000178588
0.000190228
0.000113913
3.84966e-06
0.000146082
0.000336342
0.000373449
0.000230318
0.000248949
8.5341e-05
0.000133158
0.000680866
0.000327297
0.000794705
0.000442384
1.82863e-05
1.54917e-05
9.62708e-05
0.000361658
5.70763e-05
0.000451157
0.000197992
0.000206209
8.25652e-05
0.00010926
0.000152344
0.000564668
2.27341e-06
0.000162668
0.000238613
0.000229298
0.000200865
0.000144303
0.000158126
4.8525e-05
0.000108394
2.59222e-05
0.00019574
0.000125977
0.00061865
5.04185e-05
0.000220225
0.000347627
1.564e-05
2.49528e-05
0.000578262
9.11539e-05
0.000518534
0.000181824
1.44991e-05
0.000116084
0.000138091
0.000110399
0.000260451
0.000385393
0.000393688
0.000234763
0.00019819
3.87199e-05
0.000440356
0.000314564
0.000495713
6.82559e-05
0.000440727
0.00053567
0.000373783
0.000288299
6.13754e-05
0.000424008
0.000404989
0.000241517
