n=32
J=0.707107
eta=1
mu=0.179747
beta-optimal=0
max-overlap=0
0.196948
0.180417
0.174697
0.166361
0.161693
0.160472
0.151812
0.149734
0.142289
0.143361
0.140489
0.135857
0.132773
0.126655
0.132761
0.127016
0.126446
0.123058
0.110481
0.114975
0.111596
0.113221
0.110414
0.110102
0.10469
0.10296
0.100354
0.101176
0.0970882
0.100992
0.0962441
0.0952579
0.0984033
0.094655
0.0926993
0.0913522
0.087374
0.0908328
0.0906816
0.0845284
0.0851572
0.0831764
0.0798675
0.0798445
0.079415
0.0771814
0.075884
0.0762844
0.0752258
0.0760183
0.0736948
0.0720342
0.074641
0.0722446
0.0701984
0.0691306
0.0677374
0.0679799
0.0682361
0.0677345
0.0671925
0.0664619
0.0642117
0.0664445
0.0644812
0.0639375
0.0650683
0.0619182
0.0630644
0.0618146
0.0595525
0.0606466
0.0587633
0.0607665
0.0588198
0.0592819
0.0558425
0.0563813
0.0561169
0.0526534
0.0561745
0.054519
0.0547801
0.0538516
0.0529355
0.0532933
0.0523603
0.050364
0.0508319
0.0515841
0.0498546
0.0504668
0.0491326
0.0490468
0.0472436
0.0475623
0.047236
0.0477807
0.0473285
0.04589
0.0455591
0.0449613
0.0450625
0.0427434
0.043297
0.0430484
0.0438801
0.0432164
0.0420782
0.0417655
0.0413183
0.0420401
0.0422123
0.040821
0.0399846
0.0403415
0.0386504
0.0391114
0.0398982
0.0376987
0.0392179
0.0378751
0.0370262
0.0373014
0.037253
0.0369154
0.0364505
0.0364093
0.037007
0.0371627
0.0359358
0.0361758
0.0363369
0.0351518
0.0354023
0.0357084
0.032579
0.0336611
0.0346306
0.0337174
0.0340129
0.0324513
0.0320475
0.0325458
0.0325156
0.0316063
0.0322596
0.0321569
0.0316967
0.0308807
0.0308095
0.0303989
0.0300245
0.0301009
0.0304747
0.0301131
0.0290958
0.0290631
0.0285173
0.0290529
0.0285952
0.0275434
0.0291185
0.0279244
0.0282201
0.0281983
0.0275836
0.0270757
0.0273427
0.0274429
0.0266883
0.0260186
0.0265654
0.0263377
0.0261868
0.0258258
0.0253282
0.0253184
0.0253152
0.0250498
0.024304
0.0249259
0.0241508
0.0245056
0.0241371
0.0235526
0.0238443
0.0236195
0.0231502
0.0237807
0.0230339
0.022156
0.023021
0.0229885
0.021867
0.0225335
0.0223489
0.0220842
0.0217521
0.0218369
0.0219753
0.0212658
0.0217238
0.0212758
0.0212022
0.0210656
0.0212708
0.0200825
0.0204935
0.0198689
0.0202407
0.0203079
0.0200203
0.0197776
0.0195884
0.0196667
0.0194144
0.019523
0.0187908
0.0188186
0.0192606
0.018155
0.0185875
0.0179346
0.0184157
0.0180858
0.0179733
0.0181973
0.0177893
0.0176367
0.0175361
0.0174337
0.0170422
0.0165814
0.0171941
0.0170252
0.0163363
0.0161661
0.0161579
0.0163107
0.0161419
0.0161002
0.0157313
0.0158744
0.0152099
0.0154718
0.014975
0.0150177
0.0145714
0.0144853
0.0139544
0.0140666
0.0142698
0.0140235
0.0137824
0.0135704
