n=32
J=0.707107
eta=1.06329
mu=0.0632911
beta-optimal=0
max-overlap=0
0.00247996
0.00253991
0.000429373
0.00481539
0.000917383
0.00248311
0.00322509
0.00269022
0.000414714
0.00193153
0.00199668
0.00350664
0.00109881
0.00147739
0.00255366
0.000102562
0.000445352
0.00184146
0.000951673
0.00219731
0.000924629
0.00117175
0.000961091
0.00102596
0.0009411
0.00104349
0.000464299
0.00111725
0.000291128
0.000156793
0.000996371
0.00291878
0.000546983
0.00101677
0.00115586
0.00108622
0.00145648
0.00169514
0.000564094
0.000306008
0.00087225
0.000507573
0.00100303
0.0017765
0.0011661
0.000834285
0.000576785
0.000201173
0.00129748
0.000361577
4.29183e-05
3.33404e-05
0.000885273
0.000339063
0.000491147
1.43616e-05
0.000356752
0.000728004
1.42372e-05
0.000131898
0.00110317
1.67808e-06
0.000193698
0.00108132
0.00108916
0.000428587
0.000486482
0.000235402
0.000387452
0.000385753
0.0004963
0.000228917
4.04119e-05
0.000204815
0.000282518
3.28212e-05
0.000426556
0.00120978
0.000403906
0.000644521
0.000190189
0.00110439
2.67664e-07
0.000345502
0.000391049
1.16386e-05
7.35399e-05
0.00048971
0.000557464
4.31099e-05
0.000167547
0.000684892
0.000591823
0.00015622
0.000115903
0.000127974
0.000154426
0.000200845
6.13028e-05
0.000688715
0.000266469
0.000431728
0.000338976
0.000489532
7.1883e-05
0.000305178
0.000154453
0.000132601
0.000722625
0.000324276
0.000116905
0.000317646
0.000158027
0.000226378
0.000572577
0.000155629
5.55859e-05
0.000511761
5.29686e-05
0.000430951
0.000122012
0.000234315
0.00012554
5.63936e-05
0.000602423
0.000282375
0.000170317
0.00047412
0.000272176
0.000229983
0.000739964
0.000770324
9.05827e-06
0.000498197
0.00026315
2.13372e-05
0.000234703
6.29959e-05
0.000440784
0.000206379
0.000417217
0.00044208
0.00018308
0.00016862
0.000153599
0.000202852
0.00031217
0.000252908
0.000160756
5.35668e-06
9.69737e-05
9.36165e-05
0.000163594
0.000169131
1.01885e-05
0.000108346
0.000449731
7.96334e-05
0.0003856
0.000334805
8.11879e-06
0.000123514
9.02851e-05
0.000248485
3.30516e-05
6.96757e-05
6.30042e-05
2.92221e-05
0.000400426
6.9413e-05
0.000309313
0.000135884
4.01526e-05
0.000173362
0.000229521
0.000100463
6.57191e-05
0.000173943
0.000235271
0.000656283
0.000258482
0.000260324
1.43003e-05
0.000259039
0.000264932
3.4257e-05
0.000200275
0.000251412
0.000299739
0.000136074
0.000409224
7.54137e-05
7.60135e-05
3.26309e-05
5.25779e-06
2.71874e-05
0.000136079
0.000228451
0.000418941
0.000149562
2.82845e-05
2.95904e-05
0.000100308
9.52229e-05
0.000138494
7.63224e-05
0.00044066
0.000179764
5.04095e-05
0.000173841
1.27012e-05
2.13776e-05
0.000108692
0.00012173
0.000365983
9.68841e-05
2.20217e-05
0.000127451
0.000363544
0.000610847
0.000230469
0.000416405
7.16833e-05
0.000440826
0.000208995
0.000342254
0.000140275
1.07576e-05
0.000224439
0.000177771
0.000174433
0.000174895
0.000180721
0.000131729
4.03197e-05
7.34418e-05
0.00021294
0.000135219
0.000176836
2.9943e-05
0.000137733
0.000289847
0.00034835
0.000367619
1.9577e-06
1.41459e-05
0.000194625
0.000244974
0.000167352
4.79452e-05
5.2391e-05
0.000109449
1.20662e-05
0.000169307
7.00899e-05
4.30626e-05
