n=32
J=0.707107
eta=1
mu=0.116456
beta-optimal=0
max-overlap=0
0.2974
0.249682
0.244776
0.229592
0.240354
0.214917
0.185898
0.187911
0.172953
0.154836
0.143173
0.153397
0.143427
0.135321
0.125141
0.123409
0.123397
0.116559
0.115306
0.1085
0.103639
0.0996658
0.101806
0.103148
0.0967233
0.0987553
0.0952777
0.0941942
0.0817119
0.0846325
0.0796931
0.080137
0.0711418
0.0756655
0.0736415
0.0724088
0.0697113
0.0753055
0.0726771
0.0676071
0.0652295
0.062063
0.0585839
0.0632806
0.0567831
0.0564408
0.0583244
0.0594473
0.056666
0.052836
0.0543436
0.0540031
0.0506824
0.0471492
0.0502002
0.0476389
0.0488029
0.0465616
0.0473347
0.0479706
0.0453484
0.0452826
0.043549
0.0461562
0.0415728
0.0405513
0.0429721
0.0405805
0.0426273
0.0415784
0.0387864
0.0403523
0.0387045
0.0368992
0.0359384
0.0358266
0.0360964
0.035266
0.034752
0.0370522
0.0349083
0.034092
0.0324916
0.0331111
0.0298591
0.0315134
0.0317413
0.0334593
0.0319031
0.029187
0.0301335
0.0284903
0.0295894
0.0289608
0.0266336
0.0284566
0.030164
0.0282729
0.0279703
0.0284448
0.0270349
0.0255257
0.0249358
0.0255498
0.0260681
0.0267981
0.0265894
0.0238893
0.0243393
0.0245288
0.0221954
0.0255987
0.0245826
0.0244637
0.0226684
0.0236651
0.0224202
0.0219519
0.0226791
0.0213454
0.021375
0.0206944
0.0208774
0.0199402
0.019359
0.0202912
0.0206451
0.0200085
0.0194592
0.01956
0.020407
0.018886
0.0190084
0.0198233
0.0188945
0.0188011
0.018286
0.0181268
0.0174152
0.0173242
0.0177539
0.0162165
0.0176171
0.01721
0.0172112
0.0168058
0.0163734
0.0168993
0.0161226
0.0158267
0.0154752
0.015565
0.0152974
0.0149906
0.0155913
0.0149324
0.0146858
0.0150334
0.0150179
0.0151425
0.0139123
0.014314
0.0139128
0.0138178
0.0134099
0.0135265
0.0142443
0.0137574
0.0137473
0.0137321
0.0136078
0.012857
0.0129124
0.0129977
0.0126323
0.0127968
0.0130588
0.0125366
0.0123486
0.0123526
0.01288
0.0124377
0.0120361
0.0121996
0.0120921
0.0116187
0.011556
0.0112039
0.0114774
0.0112817
0.0111592
0.0108094
0.0117564
0.0110251
0.0113363
0.0105508
0.0108035
0.0107906
0.0103587
0.0104417
0.0100101
0.0102891
0.0107012
0.0102815
0.00992745
0.00974324
0.00981437
0.00951968
0.00991797
0.00939846
0.00940816
0.00933682
0.00890745
0.00908838
0.00928877
0.00926158
0.00910134
0.00872294
0.00876682
0.00871786
0.00878917
0.00846898
0.00792288
0.00829902
0.00850546
0.0085743
0.00790335
0.00793326
0.00793756
0.0078637
0.00806413
0.00802259
0.00790509
0.00778394
0.00806863
0.00741275
0.00745731
0.00737874
0.00722879
0.00717055
0.00745335
0.00721251
0.00716523
0.00732256
0.00735464
0.00707712
0.00699618
0.00673126
0.00671803
0.00655534
0.00632627
0.00684155
0.00617373
0.00624887
0.00611832
0.00612481
