n=32
J=0.707107
eta=1
mu=0.0405063
beta-optimal=0
max-overlap=0
0.577749
0.373053
0.278035
0.280471
0.216445
0.187023
0.120001
0.109228
0.114889
0.0918608
0.0735352
0.0738734
0.0852377
0.0596122
0.0585752
0.0678777
0.068287
0.0514553
0.0530749
0.0357694
0.0316451
0.0369997
0.0378024
0.0429782
0.0313022
0.0322485
0.0205466
0.0313679
0.0351042
0.0273673
0.0309346
0.0250221
0.0228227
0.0266362
0.025238
0.0250392
0.0218019
0.0152422
0.0241912
0.0176198
0.0193964
0.0208253
0.0178221
0.0166781
0.0163085
0.0147114
0.0138774
0.0156142
0.0136963
0.0100597
0.012702
0.0110322
0.0123199
0.0152412
0.0101331
0.0120941
0.0157934
0.00993621
0.0117982
0.0103028
0.0116927
0.0118439
0.0109308
0.0100057
0.0114248
0.00687546
0.00802617
0.00693126
0.0113799
0.00850941
0.0085315
0.00825491
0.00666441
0.00787028
0.0082869
0.00652736
0.00878191
0.00610909
0.00774683
0.00742986
0.00665935
0.00798937
0.00583262
0.00602451
0.00576979
0.00578774
0.00636732
0.00531814
0.00547555
0.00722411
0.00580029
0.00447874
0.00474962
0.00513667
0.00448545
0.0055778
0.00447599
0.00532777
0.00477576
0.00378072
0.00483323
0.004024
0.00538548
0.00444804
0.00450787
0.00453678
0.00432501
0.00419024
0.00439931
0.00404505
0.00388339
0.00416675
0.00355193
0.00360838
0.00425107
0.00314672
0.00309161
0.00433997
0.00296348
0.00438288
0.00361672
0.00353121
0.00366937
0.00316148
0.00394517
0.00341807
0.00256089
0.00374526
0.00311369
0.0034198
0.00360365
0.00290378
0.00284609
0.00263574
0.00316302
0.00279778
0.00302198
0.00319062
0.00278828
0.00264709
0.00356855
0.00217247
0.00377971
0.00243495
0.00272105
0.00248428
0.00243108
0.00255331
0.00220115
0.00294235
0.00278881
0.00219124
0.00222591
0.0023213
0.00257306
0.00227092
0.00212425
0.00213772
0.00209378
0.00224271
0.00225094
0.00238677
0.00236785
0.00184644
0.00166994
0.00191386
0.00196141
0.00217076
0.00211979
0.00223463
0.00185899
0.00208291
0.00166478
0.00173126
0.00188543
0.00162838
0.00194332
0.00206
0.00159506
0.00191597
0.00192639
0.00158869
0.00199114
0.00152493
0.00170944
0.00174452
0.00162102
0.00174799
0.00166698
0.00123348
0.00149299
0.00163793
0.00159978
0.00155404
0.00140546
0.00169051
0.00156507
0.00138182
0.00162985
0.00143914
0.00123784
0.00126497
0.00123562
0.00134788
0.00138686
0.00105315
0.00133231
0.00135535
0.00110335
0.00122473
0.00116776
0.00124388
0.00121121
0.001375
0.000933923
0.00121049
0.00136763
0.00129428
0.00131829
0.0011796
0.00108891
0.000956241
0.00104259
0.00103889
0.00103101
0.00110229
0.00117338
0.00117401
0.00108626
0.000988729
0.000955147
0.00106703
0.000940415
0.00100135
0.000904985
0.00121811
0.00105204
0.00104675
0.000975048
0.000802325
0.000856164
0.00094985
0.00092637
0.000842452
0.000883672
0.000753058
0.000647088
0.000682339
0.000906606
0.000744282
0.000723975
0.000753612
0.000801776
0.000830306
0.000710751
0.000710209
