n=32
J=0.707107
eta=1.16456
mu=0.0481013
beta-optimal=0
max-overlap=0
9.16377e-05
0.00211008
0.00169311
0.000379341
0.00308482
0.00295941
0.000630056
0.00109272
0.00111597
0.000115737
0.00156738
0.00169232
0.000261077
0.00147308
0.00161739
0.000217484
0.00510384
0.00112129
0.000622924
0.000672231
0.00124042
0.000263503
0.000738661
0.000848812
0.000359772
1.71447e-05
0.000547899
0.00109909
0.000719826
0.000391186
0.00134126
0.000133801
0.000181742
0.00017669
0.000741796
0.000397609
0.000488861
7.23529e-05
0.000539476
0.000869635
0.000267811
9.66415e-05
6.3511e-05
0.000352532
0.000414012
0.000689462
0.000676248
0.000710544
0.000120717
2.21526e-05
0.000681673
8.05066e-05
0.000301405
0.000926034
0.000451675
0.000228254
6.71458e-06
0.000782677
0.000523642
0.000214518
0.000390922
0.000141085
0.000547251
0.000283021
0.000222355
1.13475e-06
0.00017787
0.000348225
0.000363043
0.000382174
0.000311232
0.00027573
0.000177982
0.000369021
0.000500862
7.3933e-05
0.000557772
7.51416e-05
4.84554e-05
0.000462917
0.00037152
0.000212655
6.9472e-05
0.000822681
0.000299502
0.000304131
0.000128359
0.000163001
0.000146293
0.000590334
0.000226629
0.000292033
5.58245e-05
9.98148e-05
6.82678e-05
0.000311693
0.000316224
1.68535e-06
0.00039784
0.00038058
0.000197826
0.000423645
0.000287688
0.00027549
0.00029344
0.000241542
0.000246041
6.46323e-05
0.00014574
0.000488836
0.000475289
0.000218776
0.000278648
0.000167728
0.000333852
0.000319388
0.000308545
0.00011546
7.67645e-05
0.000143704
0.000271234
4.19604e-05
6.65506e-05
0.000115753
6.63179e-05
2.1723e-05
6.59193e-05
0.000156389
0.00010855
1.28701e-05
0.00036583
0.00040892
0.000341597
4.67913e-05
0.00028695
0.000145004
2.59756e-05
0.000484977
0.000118218
0.000230301
0.000462271
3.88738e-05
0.000496193
3.12918e-05
0.000140818
0.00024574
0.000564716
8.69103e-05
2.7502e-05
0.000180003
6.10653e-05
6.57481e-06
3.49304e-05
0.000321787
0.000179031
0.000181029
0.000148807
0.000163251
0.000272507
0.000256731
0.000292311
0.000205123
0.000486175
0.00015787
0.000124252
0.000284646
0.000234595
5.26546e-06
4.94486e-05
0.000687032
0.000215135
0.00016688
7.3572e-05
0.000223583
7.60761e-05
0.00025279
7.30765e-05
0.000368052
6.04094e-05
0.000391771
9.31188e-05
0.000110719
8.49934e-05
0.00017876
0.000118602
7.75347e-05
0.000138215
5.8865e-05
9.04863e-06
3.98938e-05
4.4575e-05
0.00014561
2.28535e-05
0.000153469
9.98795e-05
7.98323e-05
0.00010956
0.00010024
0.000676992
0.000110721
2.29631e-05
0.000189443
6.26506e-05
0.000215007
0.000130419
3.6973e-05
0.000145386
0.000229387
8.72523e-05
3.51581e-06
1.97621e-05
0.000168058
0.000225458
0.000216417
4.89426e-05
4.06021e-05
6.29895e-06
0.000109437
0.000105425
4.15203e-05
9.29119e-05
8.07696e-05
2.1534e-05
3.873e-05
0.000549972
0.000121607
0.000151266
0.000171325
8.92779e-05
0.00010119
0.000204117
0.000131424
2.22148e-05
1.36867e-05
0.000186058
0.000121184
0.000219022
2.75215e-06
0.000201639
0.000180954
0.000124251
0.000170809
6.4239e-05
0.000196121
0.000128673
0.000132276
6.7194e-05
3.20535e-05
0.000225497
0.000416831
1.65932e-05
0.000292129
0.00017915
0.000328006
0.000151827
0.000163642
