n=32
J=0.707107
eta=1
mu=0.078481
beta-optimal=0
max-overlap=0
0.371478
0.325582
0.291366
0.29914
0.222945
0.189127
0.181725
0.175011
0.168564
0.167168
0.141137
0.127528
0.127791
0.129014
0.109275
0.0978074
0.115443
0.106279
0.101833
0.0915653
0.0877431
0.0906085
0.0938244
0.0708313
0.0688503
0.0719034
0.0657451
0.0709287
0.0694239
0.068768
0.0658221
0.0616
0.0610213
0.0593672
0.0558454
0.0567702
0.0473899
0.0569419
0.0478419
0.0453934
0.043078
0.0442965
0.0437668
0.041345
0.0442684
0.045156
0.0415147
0.0432212
0.0361754
0.0366431
0.0427877
0.0336463
0.03445
0.0333177
0.0335451
0.0332012
0.0353974
0.032141
0.0328319
0.0293901
0.0295839
0.0299504
0.027738
0.0286013
0.0303485
0.0267624
0.029168
0.0269933
0.0231775
0.026225
0.0264314
0.0255375
0.0243693
0.0239595
0.0229042
0.023275
0.0229372
0.0223645
0.0211834
0.020917
0.0205722
0.0198653
0.0200612
0.0205123
0.0195027
0.0203192
0.0200578
0.0194047
0.018258
0.0196891
0.0169207
0.018266
0.0184186
0.0171978
0.0171244
0.016949
0.0153394
0.0161063
0.0164618
0.0160404
0.0171424
0.0151219
0.0144055
0.0152958
0.0153867
0.0155493
0.0148127
0.0138591
0.0139065
0.0149112
0.0140565
0.0142
0.0137779
0.0148889
0.0132618
0.0136222
0.0117744
0.0124937
0.0132972
0.0123657
0.0131303
0.0119013
0.0124492
0.0107818
0.0123694
0.0113248
0.0108193
0.0116955
0.0120548
0.0107709
0.0107058
0.0109436
0.00944016
0.0096637
0.0103242
0.0105086
0.0102577
0.00986365
0.0102385
0.0102793
0.0100374
0.0096834
0.0102068
0.0101626
0.0102596
0.00889492
0.00912302
0.0103102
0.00958194
0.00878505
0.00875473
0.00911804
0.00798496
0.00830984
0.0088492
0.00831189
0.00856987
0.00829855
0.00779724
0.00835422
0.00815224
0.00741654
0.00781657
0.00735996
0.00773823
0.00702965
0.00818705
0.00807087
0.00729995
0.00724944
0.00752364
0.00703685
0.00688348
0.0071394
0.00649029
0.00693289
0.00700211
0.00706874
0.0072782
0.00649167
0.00616725
0.00644947
0.00683007
0.00647974
0.00647118
0.00724145
0.00634525
0.00629058
0.00579207
0.00573728
0.00639443
0.00592384
0.00586704
0.00557997
0.00552322
0.00546357
0.00502362
0.00555361
0.00546706
0.00586964
0.0051999
0.00541672
0.00517183
0.0053705
0.00495349
0.00556365
0.00521843
0.00498802
0.00515385
0.00530738
0.00485075
0.00489041
0.00498331
0.00520474
0.00455089
0.00500304
0.00463258
0.00474896
0.00480659
0.00426507
0.00451889
0.00468429
0.00443929
0.0046873
0.00443472
0.00452311
0.00438626
0.0043406
0.00447061
0.00442195
0.00449778
0.00411658
0.00426178
0.00388995
0.00388997
0.00382833
0.00397617
0.00367504
0.00385142
0.00372134
0.00356796
0.00351202
0.00353383
0.00344154
0.00348423
0.00324086
0.00328075
0.00328621
0.00333608
0.00342005
0.00348998
0.00341188
0.00312366
0.00320107
0.00301587
0.00271773
