n=32
J=0.707107
eta=1.21519
mu=0.0481013
beta-optimal=0
max-overlap=0
0.00129425
0.00246241
0.00032685
0.00260147
0.00109946
2.89282e-05
0.00110096
0.000455017
0.00157834
0.000938397
0.00101116
0.000433482
0.000764227
0.000708219
0.00186128
0.000663439
0.00403523
0.000933983
0.000292236
0.00105458
0.000359678
0.000589425
0.00014653
0.000194252
0.0001032
0.000190188
0.000509341
0.001055
0.000288566
0.000932319
0.000499329
0.000791041
0.00014082
0.000426615
0.000337889
6.56289e-05
0.000162015
0.000497219
0.000857278
0.000264651
0.000306595
0.00082855
0.000273755
0.000735736
7.86717e-05
0.000197859
0.000517721
0.000608226
0.000173178
9.04838e-05
0.000439587
0.000694411
9.99348e-05
5.05482e-05
0.000634382
0.00024434
0.000523933
0.000716693
0.000875773
0.000859206
8.67509e-05
0.000834817
0.000540407
6.14751e-05
0.000493079
0.000183022
0.000374642
0.000161281
4.47418e-05
6.87192e-05
0.000166662
0.00053602
0.000177468
0.00032054
0.000471153
0.000411572
0.000539184
0.000187439
0.000253582
0.000960813
2.82327e-06
0.000200716
4.29704e-05
0.000110324
3.55689e-05
4.80352e-05
0.000332001
1.36423e-05
0.000333431
7.97125e-05
0.00016767
0.00027029
0.000110954
0.000276604
0.00022528
0.00027973
0.000278665
1.90792e-05
0.000248917
0.000174273
0.000106175
0.000221212
7.05553e-05
0.000132792
0.00050672
2.81094e-05
0.000414901
0.000172894
8.61846e-05
0.0003499
7.2526e-05
0.000473213
0.000156354
1.92465e-05
5.88117e-05
4.14524e-05
0.00015036
9.08657e-05
0.00010323
5.27218e-05
0.000241867
0.000109341
0.000312164
0.000344049
1.42142e-05
0.000235223
1.28361e-05
2.07655e-06
0.000286648
0.000317149
0.000333762
8.69632e-05
0.000151655
9.9252e-06
0.000247996
5.71356e-05
3.24913e-05
0.000381512
0.000180721
0.00042366
0.000131653
7.40352e-05
0.00038788
3.25456e-05
6.53157e-05
0.000330455
0.000649242
0.000435631
2.82402e-05
0.000435945
5.23478e-05
0.000160305
0.000212461
9.00196e-05
0.000180071
0.000223873
0.000144495
0.000273309
0.000199689
0.000545205
0.000212086
1.772e-05
0.000586142
0.000174624
0.000121188
0.000153605
0.000313788
3.20251e-05
0.000142315
0.000681018
4.83207e-06
0.000238502
0.000188166
0.000141344
2.77029e-05
0.000112604
0.00018978
3.42173e-05
3.96614e-05
0.000164081
0.000102237
0.000138318
5.84236e-05
0.000229201
8.78501e-05
9.45953e-05
0.000150466
7.44165e-05
3.65807e-06
9.5184e-05
0.000212694
0.00026759
0.000111294
0.000149131
6.63979e-05
0.000112164
0.000461623
0.000212705
0.000606113
0.00029952
3.19941e-05
3.4378e-05
8.13088e-05
0.000266617
7.33535e-05
0.000272364
0.000141661
0.00017035
5.43147e-05
4.76699e-05
6.74618e-05
0.000371224
1.35153e-05
5.99273e-05
0.000183031
0.000164318
0.000152269
7.83132e-05
9.06922e-05
1.72408e-05
3.7033e-05
2.77623e-05
0.000128859
6.1796e-05
0.0004529
3.27404e-06
0.000151975
0.000263513
1.1382e-05
3.66612e-05
0.000371464
5.58002e-05
0.000331659
0.000106458
1.11816e-05
6.88272e-05
0.000131496
5.30716e-05
0.000114242
0.000234563
0.000271767
0.00016294
0.000117239
5.66332e-05
0.000292272
0.00022101
0.000317684
3.71141e-05
0.000298374
0.000408175
0.000211952
0.000227796
2.20835e-05
0.000331808
0.000225722
0.000187188
