n=32
J=0.707107
eta=1
mu=0.0936709
beta-optimal=0
max-overlap=0
0.410409
0.321771
0.226892
0.21085
0.192287
0.188806
0.177927
0.164468
0.157313
0.154249
0.153264
0.147332
0.132738
0.129199
0.125076
0.120592
0.11582
0.106018
0.105532
0.108041
0.0956566
0.102048
0.09862
0.0932097
0.0867458
0.0954611
0.0922629
0.0824592
0.0793776
0.0712042
0.0776489
0.0743089
0.0729867
0.0645864
0.0675151
0.0629466
0.0653432
0.0666364
0.0648876
0.0549839
0.0606768
0.0538659
0.0572149
0.0548644
0.0527074
0.0559266
0.0503847
0.0535147
0.0495913
0.0454622
0.0535509
0.0441614
0.0439786
0.0468575
0.0434105
0.0419676
0.0404998
0.0408384
0.0377607
0.0379838
0.0377117
0.0387176
0.0402276
0.0360569
0.0337039
0.0353922
0.034502
0.0345777
0.0340165
0.0336206
0.0327316
0.0330664
0.0325745
0.0320983
0.0327839
0.0272609
0.0307386
0.0298322
0.0295251
0.0295935
0.0320058
0.0282025
0.0268243
0.0284601
0.0267157
0.0279758
0.026285
0.0259039
0.0249018
0.0241152
0.0232784
0.0253848
0.0259126
0.0221804
0.0236947
0.0227641
0.0215859
0.021495
0.021964
0.0214279
0.0199941
0.0214655
0.0201091
0.0197024
0.0189816
0.0212784
0.0192236
0.0205736
0.0191497
0.0181785
0.0173917
0.0180375
0.0173078
0.0196728
0.0179017
0.0182668
0.0164426
0.0161356
0.0174025
0.0182567
0.0164374
0.0165042
0.015206
0.0162501
0.0154821
0.0165274
0.0155039
0.0151885
0.0156153
0.0147209
0.0162153
0.0153648
0.0140038
0.0140281
0.0139236
0.0141686
0.0141469
0.0129794
0.0137731
0.0134198
0.0137587
0.0132854
0.0137725
0.0119419
0.0126927
0.0124745
0.0126901
0.0126159
0.0122061
0.0120497
0.0123286
0.0120113
0.0119874
0.0120917
0.0116722
0.0124688
0.0110178
0.0118112
0.0112765
0.0108709
0.0114846
0.0107783
0.0102579
0.0105591
0.0104196
0.0102496
0.00986504
0.0106141
0.0112801
0.0104361
0.0100603
0.0100596
0.0094414
0.00925658
0.00954688
0.00955529
0.00865643
0.00890202
0.00936666
0.00921312
0.00911134
0.00962934
0.00898463
0.00928175
0.00886483
0.00838965
0.00823129
0.00807972
0.00857348
0.00852183
0.00787094
0.00830713
0.0084469
0.00808307
0.00849385
0.00810947
0.00779304
0.00732095
0.00791329
0.00817017
0.00765351
0.00789799
0.0080393
0.00751133
0.00763147
0.00757268
0.00722423
0.00700412
0.00673933
0.00701448
0.00736388
0.0065663
0.00694315
0.00662341
0.00690757
0.00655476
0.00684912
0.00623342
0.00670633
0.00628717
0.00640489
0.00606575
0.00603375
0.00630194
0.00605012
0.00610242
0.006022
0.00596108
0.00590147
0.00581328
0.00579962
0.00584754
0.00595762
0.00590771
0.00564053
0.00557115
0.00544863
0.00543454
0.00539537
0.00530092
0.00529228
0.00529059
0.00518594
0.0051758
0.00480223
0.00501329
0.00473221
0.00489645
0.00471026
0.00466641
0.00453909
0.00448205
0.00438073
0.00430485
0.00427218
0.00399337
