n=32
J=0.707107
eta=1
mu=0.0708861
beta-optimal=0
max-overlap=0
0.409589
0.325946
0.296684
0.241197
0.222269
0.205469
0.196983
0.179784
0.163963
0.141364
0.163409
0.159471
0.134283
0.122974
0.113357
0.10038
0.086451
0.0897063
0.0808772
0.0840569
0.0977494
0.0809556
0.075419
0.0759679
0.0755964
0.0730745
0.0725592
0.0632711
0.0593974
0.0626524
0.0581172
0.0535829
0.0530104
0.0611664
0.0508543
0.0506157
0.0461983
0.0450789
0.0491134
0.0406748
0.0407303
0.0407667
0.0399165
0.0421649
0.0350087
0.0336692
0.0369067
0.0316201
0.032051
0.0316245
0.0279212
0.0308427
0.0327736
0.0294816
0.0286763
0.033257
0.030543
0.0269216
0.0274912
0.0269122
0.0254961
0.0255032
0.0257343
0.0258591
0.026696
0.0225693
0.0220428
0.0261048
0.023034
0.0206596
0.0218663
0.0234835
0.023466
0.0205993
0.0209316
0.0201616
0.0188011
0.0193027
0.0206803
0.0189733
0.0209879
0.0185412
0.0169113
0.0166243
0.0162665
0.0168707
0.0163176
0.0142348
0.0172205
0.0147328
0.0164371
0.014716
0.0154869
0.014256
0.0155099
0.0158016
0.0133915
0.0137744
0.0133578
0.0130276
0.0150537
0.0126112
0.0144745
0.0129677
0.0129339
0.0117373
0.0121927
0.0117676
0.0112253
0.0128556
0.0131693
0.0122115
0.0122437
0.011904
0.0128282
0.0109945
0.0112006
0.0105048
0.0111692
0.0115272
0.0108465
0.0102797
0.00983269
0.0103754
0.010649
0.0111525
0.0099749
0.00931436
0.00953297
0.00970237
0.00934764
0.00956425
0.00867189
0.00855344
0.00924277
0.00868312
0.00879459
0.00846887
0.00815144
0.00791198
0.00844611
0.00824821
0.0085466
0.00798483
0.00747269
0.00698282
0.00714374
0.00812009
0.00779562
0.00701437
0.00750419
0.00774814
0.00739806
0.00765865
0.00727707
0.00743851
0.00718394
0.0070007
0.0068295
0.00642578
0.00672448
0.00643745
0.00602771
0.00633278
0.00652295
0.00662532
0.0060643
0.00669736
0.00615254
0.00630935
0.0063497
0.00557584
0.00630748
0.0061073
0.0054679
0.00589976
0.00543394
0.00504485
0.00617242
0.00527272
0.00500558
0.00532184
0.00525299
0.00533376
0.00516233
0.00470334
0.00523634
0.00484463
0.00496324
0.0049406
0.00493468
0.00480362
0.00453232
0.00487567
0.00490824
0.00460242
0.00480709
0.00459103
0.00440126
0.00464063
0.00439601
0.00409926
0.00436035
0.00437989
0.00419192
0.00428024
0.00405418
0.00441387
0.00449432
0.00405186
0.0044842
0.00392578
0.00420324
0.00397109
0.00405705
0.00377072
0.00377716
0.00341465
0.00390021
0.00350841
0.00405767
0.00387251
0.00338712
0.00345729
0.00389195
0.00346384
0.00340092
0.00350231
0.0034613
0.00330492
0.00335716
0.00354703
0.0031579
0.00325284
0.00332687
0.00297327
0.0031786
0.00336201
0.00290107
0.00312334
0.00303878
0.00301365
0.00300967
0.00299948
0.00268624
0.00284704
0.00286265
0.00248542
0.00254525
0.00261751
0.00263777
0.00260064
0.0025299
0.00245449
0.00224408
0.00229463
