n=32
J=0.707107
eta=1.06329
mu=0
beta-optimal=0
max-overlap=0
1.30131e-11
1.41503e-11
3.92632e-14
3.98521e-17
1.06554e-16
1.62479e-17
7.10983e-18
3.79461e-17
6.00159e-18
3.70838e-18
8.57246e-18
2.5958e-17
1.46942e-17
5.82883e-18
2.17859e-13
1.44e-13
4.49168e-14
1.54821e-13
6.35586e-12
1.03604e-11
3.80131e-13
3.35965e-14
1.25578e-17
9.54071e-18
1.25316e-17
2.14716e-17
2.32598e-17
7.50031e-17
3.09259e-17
3.05097e-18
1.26375e-17
1.85449e-18
4.01691e-18
8.48648e-18
8.93626e-18
5.87693e-18
1.63694e-17
5.2507e-18
3.06561e-18
4.72633e-18
5.53248e-18
2.45676e-18
3.97197e-18
6.07454e-18
3.76229e-19
5.36866e-18
2.99652e-16
1.43553e-15
2.30771e-15
5.47893e-15
3.13675e-14
4.27566e-15
1.89258e-13
1.06255e-12
8.16133e-13
1.63302e-12
2.00154e-13
4.28595e-13
1.91318e-13
7.01556e-15
1.52984e-15
2.86004e-16
2.0792e-17
2.23029e-18
1.04711e-17
3.14297e-18
2.14405e-18
4.09435e-18
2.27553e-18
1.42235e-18
4.2775e-18
2.32233e-18
2.29306e-18
3.93558e-18
1.12144e-19
5.22202e-18
2.01406e-18
5.86162e-18
3.82157e-18
1.91069e-18
2.67456e-18
1.46936e-18
6.1903e-18
1.84429e-18
5.49874e-18
4.88649e-18
2.08163e-18
4.09334e-18
2.72035e-18
6.77936e-18
6.08584e-18
9.4691e-18
9.74672e-19
4.29681e-19
1.4744e-17
1.31867e-17
2.36754e-16
4.30937e-16
1.24559e-14
3.73036e-14
4.82642e-14
2.09597e-12
2.08205e-12
1.427e-12
7.72477e-13
1.42446e-12
1.06254e-12
1.69522e-13
3.54034e-14
8.13318e-15
1.83507e-16
9.25967e-17
1.51677e-17
3.82603e-18
5.77306e-18
2.20871e-18
4.47725e-18
2.87674e-18
5.02552e-19
4.00362e-18
8.81987e-18
4.21795e-18
5.8586e-18
2.67247e-18
9.15054e-18
3.47965e-18
1.35388e-17
1.82489e-18
8.5562e-18
5.94111e-18
1.67609e-18
5.24954e-18
6.05594e-18
5.69639e-18
4.63445e-18
6.43975e-18
5.51744e-19
5.60063e-18
5.3248e-18
3.16911e-18
2.16575e-18
7.36418e-19
2.13056e-18
3.97607e-18
6.77521e-19
1.31905e-18
2.34237e-18
1.87321e-18
6.722e-18
1.58291e-18
1.38202e-18
1.75884e-17
1.76874e-16
1.01277e-15
3.52925e-14
4.16306e-14
4.33037e-14
1.73037e-13
3.87009e-13
7.42948e-13
1.35589e-12
3.99446e-13
9.51904e-14
1.87279e-13
2.78599e-14
5.38136e-15
6.45073e-16
4.00421e-17
3.88368e-18
3.0049e-18
1.02556e-18
5.11248e-18
7.89971e-18
4.22754e-18
2.63244e-18
7.30973e-18
1.36181e-18
2.4643e-18
4.87429e-18
8.89857e-18
4.46937e-18
3.21061e-18
1.25027e-17
1.08644e-17
3.09837e-18
4.05746e-18
4.00747e-18
2.31854e-18
2.87053e-18
2.5975e-18
4.37414e-18
5.91706e-18
3.43245e-18
3.41456e-18
1.13833e-18
2.51864e-18
1.32984e-18
5.54578e-18
8.65909e-19
3.03361e-18
2.06661e-17
8.73181e-17
1.91743e-16
4.49369e-16
3.82756e-15
9.05063e-14
2.60869e-13
5.63588e-13
4.52832e-13
1.99167e-13
7.76898e-13
3.10627e-13
3.77068e-14
1.19857e-15
7.45706e-18
4.72028e-18
1.88532e-18
2.423e-18
2.23814e-18
3.25124e-18
4.46572e-18
4.78456e-18
5.63402e-19
1.60644e-18
1.02966e-18
2.66824e-18
2.82843e-18
1.1283e-18
3.23664e-18
6.52911e-18
1.71296e-18
6.71079e-18
1.5126e-18
3.35594e-19
3.31902e-18
4.19048e-18
3.17467e-18
6.23075e-16
2.52836e-15
1.76436e-14
1.7982e-14
6.08748e-13
7.19927e-13
6.12308e-14
3.27259e-15
1.11022e-17
4.10918e-18
6.93432e-18
1.16334e-18
1.80751e-18
4.09938e-18
2.49327e-19
1.16246e-18
7.24952e-18
1.71274e-14
7.85402e-13
