n=32
J=0.707107
eta=1.18987
mu=0.0582278
beta-optimal=0
max-overlap=0
3.4978e-12
5.83577e-12
1.39648e-11
1.18331e-11
4.62196e-12
4.53527e-12
5.24079e-12
6.34459e-12
7.64648e-12
9.12129e-12
3.09462e-12
8.58311e-13
3.95732e-12
1.71358e-12
3.0228e-12
7.60105e-13
8.49845e-12
1.39831e-12
1.68768e-12
1.42451e-12
1.4608e-12
1.26957e-12
6.73119e-13
6.2487e-12
1.04597e-12
1.12529e-12
3.19865e-12
2.09121e-12
5.86266e-12
1.85334e-12
4.36168e-12
1.35271e-12
2.56264e-12
6.30333e-13
2.95733e-12
6.45743e-13
8.06531e-13
7.69593e-13
3.24782e-13
1.07591e-12
8.28071e-13
1.19856e-12
2.94864e-12
9.13447e-13
9.06416e-13
2.00226e-12
4.7969e-12
1.54602e-12
1.83295e-12
8.22687e-13
1.11455e-12
1.48066e-12
5.73185e-13
3.05279e-12
2.44575e-12
1.78376e-13
1.23957e-12
1.86259e-12
2.20692e-12
6.89116e-13
3.45567e-12
1.43411e-12
1.18854e-12
1.24617e-12
7.93424e-13
2.8969e-13
5.92789e-13
4.77637e-13
1.83577e-12
4.68869e-13
2.35634e-12
3.87061e-13
3.2393e-13
2.07093e-12
1.51811e-12
1.85144e-12
1.86838e-12
2.70471e-13
4.54391e-12
1.02793e-12
2.62431e-12
6.27015e-13
6.83677e-13
1.07813e-12
8.1883e-13
1.31701e-12
1.13264e-12
8.91807e-13
1.59427e-12
7.26757e-13
5.26777e-13
2.49318e-12
1.94226e-13
1.26998e-12
3.15978e-13
2.71987e-13
3.04309e-13
2.21506e-12
8.12819e-13
9.61679e-13
2.95699e-12
4.50747e-13
5.48196e-13
9.93372e-13
4.41269e-13
3.67859e-13
1.58591e-12
1.31678e-13
1.66035e-12
7.94426e-13
1.10643e-12
2.00808e-12
1.37746e-12
2.88962e-14
9.54036e-13
5.19399e-13
4.02673e-13
2.48714e-13
2.23286e-13
1.02718e-12
7.00844e-13
4.04702e-13
5.49466e-13
6.47955e-13
5.10363e-13
4.01187e-13
1.36458e-12
4.56725e-13
2.66212e-14
6.13495e-13
1.15164e-12
9.28352e-13
3.72996e-13
1.82849e-13
1.62659e-13
5.47548e-13
4.76763e-13
5.11997e-13
1.15073e-13
4.4226e-13
1.91091e-12
8.34731e-13
4.47565e-13
3.88295e-13
1.00405e-12
1.16521e-12
2.81799e-13
4.67705e-13
1.8548e-13
6.3485e-13
8.47952e-13
5.54772e-13
8.41758e-13
6.03407e-13
1.29848e-12
6.39741e-13
5.80067e-13
9.88797e-13
6.22317e-13
8.54347e-13
5.46093e-13
5.87626e-13
6.59899e-13
1.7638e-12
3.34176e-13
3.01395e-13
3.31729e-13
4.97533e-13
5.87334e-13
1.39535e-12
6.72412e-13
4.66977e-13
2.61996e-13
3.72646e-13
1.99326e-13
3.83991e-13
2.1497e-13
7.73828e-13
3.14134e-13
1.12587e-12
3.56062e-14
2.42497e-13
1.92075e-12
6.23058e-13
7.67882e-13
4.04214e-13
1.5999e-12
3.37335e-13
9.46669e-13
2.81988e-13
4.4865e-13
1.01824e-12
1.18985e-14
7.95504e-13
8.98927e-13
1.4164e-12
1.07274e-12
3.50925e-13
1.89037e-13
2.18914e-13
7.19952e-13
3.26297e-13
9.88304e-14
8.27236e-13
6.9942e-13
8.41768e-13
3.23252e-13
1.71102e-13
1.16765e-13
2.372e-13
1.13523e-12
3.88577e-13
4.34986e-13
3.26144e-13
7.7428e-13
2.37922e-13
2.39452e-13
8.8136e-13
3.89832e-13
2.70325e-13
8.64403e-13
6.36876e-13
8.23781e-13
2.42163e-13
5.27647e-13
3.79211e-13
2.24933e-13
7.06679e-13
9.54698e-14
3.1079e-13
2.65642e-13
1.44591e-13
9.42541e-14
3.33413e-13
1.64346e-13
7.14847e-13
3.23106e-13
7.92365e-13
6.37859e-13
1.67057e-13
2.54083e-13
1.53846e-13
4.16977e-13
3.9261e-13
3.44259e-13
3.32842e-13
1.5526e-13
5.31403e-13
2.24037e-13
1.21336e-12
4.88451e-13
6.48057e-13
5.48731e-13
7.64731e-13
6.9455e-13
6.48933e-13
