n=32
J=0.707107
eta=1.13924
mu=0.0253165
beta-optimal=0
max-overlap=0
3.31368e-12
2.65427e-12
6.26553e-12
1.09248e-12
1.64379e-12
2.36621e-12
1.83396e-12
2.44517e-12
6.66684e-13
2.40859e-12
2.53973e-12
1.03207e-12
2.08372e-12
2.5973e-12
2.84511e-12
1.55042e-12
1.67136e-12
6.19839e-13
1.93204e-12
8.52958e-13
1.58917e-12
2.53817e-13
1.26958e-12
1.30028e-12
1.61322e-12
1.65715e-12
6.56112e-13
1.37223e-12
7.33619e-13
9.21899e-13
1.29448e-12
1.18666e-12
2.30674e-12
1.14795e-13
7.25064e-13
1.30355e-12
2.40818e-13
4.26115e-13
8.33747e-13
7.31836e-13
1.22667e-12
2.28111e-13
2.99509e-13
1.39601e-12
8.92418e-13
1.16821e-12
2.30555e-12
6.96399e-13
1.17265e-12
8.13599e-13
1.94526e-12
6.1794e-13
7.23301e-13
4.37114e-13
7.45525e-14
1.32278e-12
6.93901e-13
1.12668e-12
4.25488e-13
1.31671e-12
3.75382e-13
2.19097e-13
1.73747e-13
4.17009e-13
6.01639e-13
2.81971e-14
9.76004e-13
4.93596e-13
9.21094e-13
4.48072e-13
6.69457e-13
2.08233e-13
5.85112e-13
1.23421e-13
1.20444e-12
9.30056e-13
6.8052e-13
3.72784e-13
4.18844e-13
6.76146e-13
7.8464e-13
3.14895e-13
2.21718e-13
7.47853e-14
8.61146e-13
2.25827e-13
3.08617e-13
3.83067e-13
1.86428e-13
3.61838e-14
4.34023e-13
1.00034e-12
4.8147e-13
2.57198e-13
3.79938e-13
8.08217e-13
5.56672e-13
2.97063e-13
2.30307e-13
8.08948e-13
1.26757e-12
1.7369e-12
9.49341e-13
1.45082e-12
4.15858e-13
2.73297e-13
1.1149e-12
3.77999e-13
1.73499e-13
4.459e-13
3.56634e-13
5.74781e-13
2.11553e-13
2.94125e-13
1.30966e-13
2.92778e-13
6.97587e-13
2.79893e-13
2.72096e-13
6.62266e-14
2.27086e-13
3.13042e-13
2.39709e-13
2.28058e-13
2.6831e-13
2.76771e-13
1.71675e-13
5.67753e-13
1.3759e-13
4.04542e-13
3.10518e-13
6.50731e-13
4.40393e-13
2.69388e-13
5.112e-13
3.2783e-13
4.53771e-13
5.36781e-13
3.70614e-13
1.85112e-13
4.55057e-13
2.24404e-13
3.07186e-13
2.28486e-13
1.22455e-13
2.9122e-13
2.45141e-13
1.06829e-13
4.34148e-13
4.53008e-13
3.07663e-13
3.43978e-13
1.18428e-13
4.13429e-13
1.45342e-13
1.94878e-13
1.87455e-13
1.94746e-13
5.8361e-13
6.3356e-13
6.78214e-13
5.85084e-13
1.85529e-13
5.74784e-13
5.39375e-13
6.14145e-13
1.12494e-13
3.72372e-13
1.57892e-13
3.40509e-13
1.62019e-13
1.88419e-13
3.0418e-13
2.05215e-13
1.6538e-13
2.55692e-13
2.70763e-13
2.36807e-13
4.97404e-13
4.69073e-13
1.21743e-13
1.79494e-13
1.00963e-13
2.74897e-13
2.85162e-13
2.46372e-13
1.26366e-13
1.91282e-13
6.75245e-13
1.50069e-13
3.83776e-13
3.9951e-13
9.02286e-14
9.33962e-14
2.11677e-13
8.33188e-14
7.31892e-14
2.18949e-13
2.12183e-13
4.8113e-13
2.83186e-13
1.27629e-13
1.37305e-13
1.80608e-13
7.96137e-14
1.77746e-13
2.69661e-13
1.17684e-13
1.23133e-13
1.15084e-13
3.41665e-13
1.43246e-13
4.17664e-13
5.49164e-13
6.47061e-13
7.27255e-13
1.70202e-13
2.75777e-13
3.22659e-13
4.14211e-13
1.72208e-13
6.64663e-14
1.45488e-13
1.54849e-13
1.37535e-13
1.25399e-13
4.03484e-13
7.4603e-14
7.91145e-14
2.97147e-13
4.62991e-13
1.29518e-13
6.38248e-14
3.58217e-13
3.25086e-13
3.49142e-13
1.71196e-13
2.94139e-13
1.42849e-13
5.70549e-14
1.54752e-13
1.88822e-13
2.36274e-13
1.3162e-13
1.49822e-13
3.52774e-13
2.65962e-13
4.92151e-13
1.07789e-13
7.30192e-14
2.3644e-13
3.67173e-13
2.40954e-13
1.21092e-13
9.23643e-14
1.59679e-13
