n=32
J=0.707107
eta=1
mu=0.0759494
beta-optimal=0
max-overlap=0
0.388425
0.315404
0.291065
0.239986
0.223064
0.207574
0.199464
0.18248
0.167757
0.146519
0.167117
0.162554
0.138542
0.127901
0.118546
0.10565
0.0917289
0.0943959
0.0857558
0.0891559
0.102109
0.0859741
0.0800807
0.0804966
0.0802153
0.0778324
0.0765906
0.0678693
0.0636232
0.0669376
0.0624271
0.0574273
0.0570655
0.0649019
0.054964
0.0544886
0.0501049
0.0488656
0.0530222
0.0441401
0.0443568
0.0443654
0.0434843
0.0457784
0.0383698
0.0369652
0.0402477
0.0348848
0.0350488
0.0348094
0.0308706
0.0339062
0.03564
0.0325261
0.0314606
0.0359955
0.0334065
0.0296791
0.0303462
0.0296169
0.0280477
0.0281962
0.0281822
0.0284849
0.0292864
0.0249413
0.0245409
0.0285006
0.0255257
0.0229028
0.0242073
0.0257772
0.0258367
0.0228356
0.0231733
0.022343
0.0209111
0.0214622
0.0228921
0.0210932
0.0230887
0.0206228
0.0188721
0.0185609
0.0181944
0.0187975
0.0181794
0.0160317
0.0191739
0.0165745
0.0182748
0.0165116
0.0172556
0.0160256
0.0172526
0.017631
0.0150717
0.0153886
0.0150052
0.0146326
0.0166806
0.0141775
0.0161565
0.0145314
0.0145298
0.0132182
0.0136924
0.0132465
0.0126954
0.0144189
0.0146906
0.0137661
0.0137218
0.0133948
0.0143055
0.0124089
0.0126134
0.0118386
0.0125031
0.0129098
0.0122192
0.0116143
0.0111199
0.0116752
0.0119543
0.012464
0.0112508
0.0105204
0.0107913
0.0109668
0.0105396
0.0107483
0.00986068
0.00970894
0.0103583
0.00985245
0.00993725
0.00956633
0.00921748
0.00898792
0.00949805
0.00930414
0.00961852
0.00905553
0.00847832
0.00798249
0.00813111
0.00916326
0.00882068
0.0080069
0.00851609
0.00873645
0.00839548
0.00865428
0.0082276
0.00839177
0.0081335
0.00793207
0.0077354
0.00734577
0.00765287
0.00730759
0.00687395
0.00718759
0.00739896
0.00748368
0.00693057
0.00761669
0.00703272
0.0071764
0.00717963
0.00637716
0.00714681
0.00693308
0.0062529
0.0067024
0.00619857
0.00578275
0.00698622
0.0060306
0.00574117
0.00606767
0.00597292
0.00608642
0.00591314
0.00540984
0.00597781
0.00554365
0.00564719
0.00564096
0.00561108
0.00547801
0.00519375
0.00556252
0.00559005
0.00527247
0.00547174
0.0052652
0.00504771
0.00528533
0.00506211
0.00471146
0.00497015
0.00501328
0.00481598
0.00489722
0.00464366
0.00502577
0.00511614
0.00464123
0.00510335
0.00450373
0.00480208
0.00454453
0.0046424
0.00432604
0.00432596
0.00394142
0.00445006
0.00403684
0.004616
0.00441952
0.00390173
0.00395771
0.00443857
0.00397691
0.00390285
0.00402325
0.0039715
0.00379091
0.00385388
0.0040414
0.00363792
0.00374458
0.00380116
0.00343201
0.00364101
0.00383961
0.00334842
0.00359519
0.00348168
0.00345944
0.00344622
0.00343353
0.00310182
0.0032682
0.0032787
0.0028871
0.00294495
0.00301856
0.00304389
0.00298712
0.00291651
0.00282593
0.00260098
0.00264668
