n=32
J=0.707107
eta=1.03797
mu=0.0253165
beta-optimal=0
max-overlap=0
8.68121e-12
4.08061e-11
2.47886e-11
1.10155e-11
1.33482e-11
2.08279e-11
8.51734e-12
1.15997e-11
1.52719e-11
1.85979e-11
1.82075e-12
6.58268e-12
2.13952e-12
7.49299e-12
8.68561e-12
1.0549e-11
2.95062e-12
4.69433e-12
3.31211e-12
5.70893e-12
3.33157e-12
7.85361e-12
1.07156e-12
1.43492e-12
7.95244e-12
2.88123e-12
2.67177e-12
6.33837e-12
4.41853e-12
1.49814e-12
3.84375e-12
1.30499e-12
4.65598e-12
7.22815e-12
9.78887e-13
3.45277e-12
1.73242e-12
6.11367e-13
4.44279e-12
1.26434e-12
1.98223e-12
2.28169e-12
1.81398e-12
4.93787e-12
1.50441e-12
1.18383e-12
2.95445e-12
1.73788e-12
4.08764e-13
2.31032e-12
2.87709e-12
1.6065e-12
4.38652e-12
3.47914e-12
3.38096e-12
3.52457e-12
1.23666e-12
4.57221e-12
1.60141e-12
2.3078e-12
5.10692e-12
2.67845e-12
3.45531e-13
1.24782e-12
2.74981e-12
3.15022e-12
1.87121e-12
9.86865e-13
1.90068e-12
1.10241e-12
4.65776e-12
1.60515e-12
9.87697e-13
5.34318e-13
1.79179e-12
9.94225e-13
4.11454e-12
1.33905e-12
6.21444e-13
7.89912e-13
4.68779e-12
3.4943e-13
1.41015e-12
1.15054e-13
9.61783e-13
1.64621e-12
4.08895e-12
1.65684e-12
1.49499e-12
3.21357e-12
2.80289e-13
5.07429e-13
5.37383e-13
2.07045e-12
2.3298e-13
4.54116e-13
2.02947e-12
2.10547e-12
2.02497e-12
5.66262e-13
7.38444e-13
1.07412e-12
6.743e-13
6.67114e-13
1.29344e-12
7.77247e-13
2.01669e-12
1.52001e-12
5.42371e-13
1.66193e-12
1.66479e-12
1.67976e-12
4.45984e-13
6.19346e-13
2.81926e-12
6.39452e-13
5.51871e-13
2.98445e-13
2.09112e-12
1.16735e-12
1.124e-12
1.08804e-12
7.24021e-13
1.05237e-12
1.08389e-12
3.93475e-13
1.97829e-12
3.33981e-13
5.61303e-13
2.63042e-13
1.48444e-12
5.25598e-13
5.25039e-13
1.21332e-12
2.16312e-12
1.16551e-12
7.45898e-13
1.92615e-13
3.32277e-12
3.05825e-13
1.21657e-12
1.25689e-12
7.14975e-13
1.21454e-12
6.44342e-13
7.53917e-13
3.08909e-13
1.7568e-12
7.15297e-13
1.81253e-12
1.13618e-13
3.19934e-13
5.11145e-13
8.5279e-13
1.98511e-13
2.47333e-14
1.32415e-12
1.44023e-12
2.33461e-12
1.37013e-12
1.62916e-12
3.95688e-13
5.53027e-13
6.1867e-13
3.32954e-13
9.05697e-13
1.53459e-12
3.84629e-13
2.70358e-12
5.47986e-13
6.79396e-13
1.26797e-12
1.9187e-13
7.55853e-14
9.21339e-13
7.10155e-13
2.01481e-13
1.05313e-12
8.17749e-13
2.50262e-13
3.35215e-13
3.22791e-13
1.11697e-12
2.00011e-12
5.7105e-13
5.61505e-13
1.73587e-12
1.00676e-12
8.88224e-13
3.87655e-13
3.89713e-13
7.38474e-13
1.12399e-12
1.08898e-12
1.13617e-12
1.06837e-12
7.19333e-13
3.2768e-13
7.54182e-13
7.09935e-13
8.06677e-13
1.22774e-13
1.40432e-13
7.0195e-13
3.11681e-13
8.16072e-13
6.0162e-13
9.03224e-13
3.2622e-13
2.73803e-13
1.29719e-12
8.16442e-13
5.18817e-13
2.36961e-13
3.68152e-13
7.16359e-13
2.05795e-12
1.16697e-12
2.25938e-13
9.36892e-13
2.27417e-13
1.14998e-13
4.33732e-13
8.86994e-13
7.65224e-13
4.86798e-13
1.06522e-12
5.95722e-13
3.25629e-13
6.80074e-13
2.99628e-13
4.57032e-13
3.25755e-13
3.74147e-13
4.75647e-13
7.6797e-13
1.28904e-12
2.93292e-13
1.57561e-14
8.94267e-13
2.39701e-13
9.87959e-13
7.44784e-13
8.30258e-13
2.73661e-13
1.06511e-12
2.41857e-13
5.32754e-13
3.51023e-13
6.02566e-14
4.2299e-13
3.98885e-13
2.1455e-13
9.39797e-13
4.91222e-13
6.46297e-13
