n=32
J=0.707107
eta=1.46835
mu=0.101266
beta-optimal=0
max-overlap=0
1.68069e-12
1.77359e-12
4.55119e-14
1.28692e-12
2.2985e-12
1.25431e-12
1.30577e-12
2.74811e-12
1.33076e-12
2.94048e-12
2.28222e-12
4.56368e-13
3.97753e-13
2.55144e-13
1.5498e-12
1.01485e-12
2.22438e-12
7.90734e-13
2.40314e-12
3.14922e-13
7.25987e-13
9.89075e-13
6.32288e-13
1.56971e-12
1.13702e-12
7.3712e-14
6.1885e-13
5.38244e-13
6.76436e-13
4.12973e-13
1.07277e-12
9.09403e-13
1.10029e-12
6.24213e-13
4.55047e-13
1.33623e-13
1.57419e-12
7.24228e-13
3.00001e-13
1.83906e-13
9.54568e-13
1.27118e-13
3.51651e-13
5.42099e-13
7.47122e-14
7.19146e-13
1.74703e-12
2.48332e-13
7.62794e-13
4.73018e-14
3.19785e-13
2.20539e-13
9.22754e-14
1.71759e-13
5.0109e-13
5.20133e-13
6.20028e-14
8.41884e-13
4.46046e-13
8.0532e-13
1.28665e-12
3.19281e-13
4.87688e-13
1.95911e-13
2.90287e-13
3.30112e-13
1.29001e-13
3.74894e-13
6.5274e-13
2.12433e-13
6.52193e-13
2.13528e-13
6.10925e-13
5.55092e-13
2.76782e-14
9.29601e-13
8.60278e-13
3.27331e-13
4.76204e-13
1.00041e-13
2.03595e-13
3.28168e-13
1.56305e-13
9.68669e-13
5.15886e-13
4.60243e-13
6.20249e-13
1.00516e-12
3.00214e-13
3.54473e-13
4.85583e-13
2.64902e-13
7.60059e-13
2.01262e-13
4.60044e-13
3.19475e-13
4.53654e-13
4.45375e-13
2.58556e-13
1.42341e-13
3.90465e-13
6.3794e-13
1.84541e-13
3.95689e-13
1.04592e-13
2.3927e-13
6.16795e-13
1.61275e-13
3.83711e-13
2.15092e-13
3.61592e-13
5.48545e-13
4.85428e-13
1.43418e-13
4.52325e-13
1.77368e-13
6.45224e-14
2.21723e-13
6.48834e-14
5.10952e-13
2.53018e-13
2.83913e-13
8.7005e-13
2.14367e-13
2.1044e-13
4.12187e-13
4.6983e-13
2.58434e-13
2.68376e-13
1.00982e-13
9.64612e-14
3.33167e-14
1.86521e-13
7.31936e-14
7.73376e-13
1.0042e-13
1.89858e-13
1.1725e-13
2.76304e-13
4.52293e-13
3.41031e-13
2.22569e-13
3.80954e-13
8.42647e-14
2.32943e-13
2.75065e-13
2.33366e-13
1.94664e-13
4.45555e-14
9.32443e-14
9.3979e-14
3.22452e-13
1.56887e-13
1.54618e-13
6.47805e-13
4.07262e-14
8.44e-14
2.18197e-13
5.19704e-14
3.54486e-13
1.29986e-13
3.54783e-13
2.23252e-13
7.59682e-13
2.69637e-13
1.54644e-13
2.69019e-13
1.23046e-13
2.36972e-13
4.59339e-13
3.55962e-13
2.36148e-13
2.91398e-13
3.53905e-13
1.00009e-13
2.83345e-13
1.10352e-13
3.71441e-13
1.24791e-13
3.10042e-13
2.37642e-13
2.29132e-13
3.80121e-13
2.55446e-13
1.12914e-13
1.88413e-13
4.63203e-13
1.86671e-13
2.19639e-13
2.84573e-13
7.32297e-14
1.28863e-13
3.13778e-13
5.54302e-13
1.5797e-13
1.58902e-13
3.52183e-13
2.68292e-13
2.82272e-13
1.16827e-13
4.02814e-13
3.13252e-14
2.00704e-13
3.12153e-13
6.41361e-13
1.4805e-13
2.45534e-13
2.11753e-14
8.07132e-14
1.36139e-13
3.64703e-13
2.80749e-13
9.55531e-14
4.41343e-14
2.44882e-13
3.20606e-13
2.04745e-13
2.56675e-13
1.70299e-13
1.9645e-13
1.9509e-13
2.1953e-13
1.53286e-13
2.12791e-13
1.96441e-13
1.76541e-13
1.85992e-13
2.24241e-13
4.45953e-14
3.35708e-13
9.42194e-14
1.91348e-13
2.32789e-13
1.34776e-13
1.06267e-13
1.74156e-13
3.45086e-13
2.88917e-13
4.1478e-13
3.09657e-14
4.09668e-13
2.06799e-13
1.13294e-13
1.86605e-13
5.9833e-14
1.98422e-13
3.40315e-14
1.21369e-13
4.1288e-13
4.46321e-13
1.66434e-13
3.52256e-13
2.80118e-13
2.58505e-13
2.11606e-13
2.96126e-13
