n=32
J=0.707107
eta=1
mu=0.103797
beta-optimal=0
max-overlap=0
0.325451
0.265087
0.259524
0.240268
0.253649
0.222604
0.188352
0.191861
0.174118
0.15197
0.139951
0.152063
0.140983
0.131706
0.120824
0.119183
0.119297
0.111759
0.111046
0.102787
0.0979427
0.0934965
0.0963664
0.0976247
0.0911032
0.0930453
0.0896076
0.0887505
0.0753998
0.0785356
0.0738186
0.0741412
0.0645192
0.0696727
0.0673376
0.0664122
0.0633811
0.0697949
0.0669746
0.0616159
0.059025
0.0555428
0.0522876
0.0573295
0.0505553
0.050696
0.0526452
0.0535943
0.05102
0.0471327
0.0485484
0.0482293
0.0450469
0.0413398
0.0447837
0.042218
0.0432812
0.0412389
0.0419067
0.0426256
0.0398981
0.0399886
0.0384232
0.0410665
0.0361687
0.0353704
0.0380113
0.0355416
0.0378277
0.0368571
0.0338592
0.0355389
0.033695
0.0321208
0.0311364
0.0309724
0.0314845
0.0305824
0.0302564
0.0326065
0.0304526
0.0294573
0.0280338
0.0286649
0.0254522
0.0271572
0.0273862
0.0291372
0.0276463
0.0249361
0.0258714
0.0242973
0.0254921
0.0250068
0.0224921
0.0244671
0.0262004
0.0244197
0.0241383
0.0245095
0.0231763
0.0216118
0.0211392
0.021793
0.0222744
0.0231108
0.0228616
0.0201768
0.0207531
0.0208972
0.0186324
0.0220151
0.0210492
0.0208823
0.0191083
0.0201944
0.0189841
0.0184789
0.019286
0.0180161
0.0181268
0.0174273
0.0175766
0.0166918
0.0161556
0.0170443
0.0174622
0.0168438
0.0163299
0.0164571
0.0172982
0.0158365
0.0159921
0.0167653
0.0158636
0.0158361
0.0153403
0.0151528
0.0145039
0.0144391
0.014842
0.0133717
0.0147895
0.0144227
0.0144583
0.0140315
0.0137069
0.0141527
0.0134384
0.0131091
0.0128403
0.0129674
0.0127022
0.0123634
0.0129823
0.012389
0.0121496
0.0125062
0.012527
0.0126505
0.0114346
0.0118386
0.0115039
0.0114202
0.0110663
0.0111932
0.01189
0.0113962
0.0114019
0.0114125
0.0112759
0.0105588
0.0106245
0.0107204
0.0103789
0.0105452
0.010846
0.0103647
0.0101721
0.0101645
0.0106777
0.010262
0.00986756
0.01007
0.00996306
0.00953068
0.00948071
0.00912081
0.00942485
0.00924369
0.00914727
0.00880933
0.00975377
0.00903052
0.00933484
0.00858229
0.00887796
0.00886192
0.00845228
0.00852633
0.00815427
0.0083881
0.00883032
0.00841895
0.00807797
0.00794541
0.00799913
0.00774524
0.00815035
0.00761327
0.00767386
0.00759291
0.00720182
0.00738091
0.00756411
0.00756082
0.00740371
0.00704509
0.00708936
0.00707797
0.00716609
0.00684691
0.00634067
0.00669185
0.00688653
0.00698168
0.00634944
0.00638892
0.00640977
0.00633368
0.00651405
0.00653379
0.00636672
0.00628111
0.00656433
0.00596151
0.00600712
0.0059649
0.00580235
0.00575272
0.0060611
0.00584325
0.00577202
0.00594231
0.00598437
0.00572122
0.00566371
0.00540065
0.0054246
0.00527242
0.00506229
0.00553679
0.00493822
0.00500289
0.004876
0.00490973
