n=32
J=0.707107
eta=1.89873
mu=0.124051
beta-optimal=0
max-overlap=0
1.95043e-12
1.24049e-12
2.63875e-13
1.08381e-12
4.37342e-13
1.08678e-12
8.54897e-13
1.44035e-12
1.11908e-12
2.53968e-12
9.32665e-13
2.90992e-13
8.44683e-13
3.89455e-13
2.0219e-12
7.93345e-13
2.37307e-12
9.1768e-13
3.16495e-13
8.82578e-13
1.1839e-12
5.91657e-13
7.75249e-13
2.78736e-13
1.00516e-12
3.57881e-13
6.61681e-13
7.19719e-13
9.6613e-13
7.40986e-13
1.06787e-12
5.15752e-13
1.35816e-12
1.84171e-13
2.19913e-13
1.4757e-13
1.40832e-12
7.52949e-13
1.17617e-13
7.48027e-13
6.43872e-13
1.85085e-13
2.46932e-13
5.39399e-13
1.78053e-13
7.03243e-13
1.39205e-12
2.24614e-13
6.00827e-13
3.13945e-13
4.29819e-13
1.49158e-13
1.01573e-13
2.30496e-13
6.61854e-13
8.41424e-13
3.45053e-14
2.58222e-13
2.67508e-13
3.93846e-13
1.15932e-12
2.18859e-13
2.7362e-13
3.24571e-13
5.33605e-13
5.68368e-13
3.12149e-13
4.54832e-13
4.27704e-13
4.14935e-13
7.86937e-13
1.35878e-13
4.8922e-13
4.6977e-13
2.47147e-13
6.14672e-13
6.14535e-13
1.95658e-13
1.05346e-12
4.85525e-13
8.49319e-13
4.25282e-13
3.04581e-13
3.48053e-13
2.23671e-13
3.70608e-13
4.09177e-13
5.662e-13
8.5109e-13
3.29253e-13
3.3331e-13
7.13166e-13
5.30029e-13
6.28713e-13
1.77581e-13
7.26679e-14
2.06426e-13
1.90964e-13
2.24456e-13
1.97877e-13
5.5066e-13
4.61523e-13
2.44475e-13
4.99648e-13
1.19351e-13
1.71987e-13
7.0117e-13
1.58584e-13
5.56514e-13
1.15319e-13
2.63087e-13
6.22671e-13
5.48131e-13
2.71748e-13
4.59453e-13
5.69191e-14
3.03444e-14
1.78342e-13
1.03009e-13
2.56737e-13
2.26183e-13
2.47805e-13
6.57275e-13
4.11164e-13
1.22905e-13
5.0308e-13
6.23627e-13
3.06161e-13
1.53643e-13
3.39687e-13
4.03835e-13
1.42825e-13
1.11489e-13
2.18109e-13
4.39946e-13
3.58343e-13
8.32046e-14
1.22331e-13
1.08202e-13
3.45222e-13
1.50963e-13
2.0392e-13
1.93452e-13
2.02403e-13
4.6495e-14
3.99497e-13
9.47644e-14
7.57511e-14
1.77147e-13
1.33804e-13
4.10884e-13
3.91706e-13
4.41844e-13
1.62715e-13
3.47193e-13
2.95714e-13
1.70429e-13
2.39398e-13
1.4776e-13
7.05418e-13
1.6634e-13
3.29468e-14
2.28726e-13
3.57473e-13
3.31824e-14
3.12485e-13
1.20242e-13
2.7398e-14
3.11627e-13
4.0635e-13
2.59475e-13
2.87064e-13
4.86663e-14
2.68107e-13
1.47809e-13
4.35826e-13
2.01414e-13
3.0001e-13
2.6204e-13
1.55751e-13
1.26603e-13
4.12302e-13
5.02062e-13
1.15747e-13
4.23392e-13
2.64603e-13
5.44743e-13
3.56094e-13
6.55709e-13
2.02861e-13
2.71677e-13
1.60669e-13
2.73049e-13
3.35675e-13
5.3044e-13
3.03646e-13
3.41622e-13
7.51481e-14
4.91032e-13
1.36898e-13
4.60481e-14
5.79092e-14
1.3901e-13
1.25051e-13
4.41635e-13
1.17612e-13
2.59586e-13
1.39531e-13
1.47684e-13
2.12138e-13
4.08283e-13
9.85533e-14
8.33845e-14
2.27522e-13
3.33262e-13
9.46013e-14
1.27166e-13
4.51699e-13
3.54439e-13
1.04209e-13
7.86311e-14
2.34004e-13
2.23445e-13
1.58362e-13
1.97421e-13
1.24587e-13
1.796e-13
2.32569e-13
3.92805e-13
4.06018e-13
2.00298e-13
3.05424e-13
1.93092e-13
2.07618e-13
1.69309e-13
2.30946e-13
2.44166e-13
1.2894e-13
2.29808e-13
2.58306e-13
2.12176e-13
7.29713e-14
1.26613e-13
1.4381e-13
2.08718e-13
1.75302e-13
1.2301e-13
2.24153e-13
4.63513e-13
8.24514e-13
2.04929e-13
3.58613e-13
2.7656e-13
1.25589e-13
3.02062e-13
4.9307e-13
