n=32
J=0.707107
eta=1.03797
mu=0.0658228
beta-optimal=0
max-overlap=0
0.009045
0.00201366
0.000527733
0.00479536
0.000150724
0.000264251
0.00104359
0.00245266
0.00567674
0.00174568
0.000189546
0.00233589
0.00314257
0.00298478
0.000563709
1.48454e-05
0.00158555
0.000262406
0.00100458
0.00180151
0.00172247
0.00173367
0.000848265
0.000701653
0.0021254
0.000760183
0.00245204
0.000519523
0.000234212
0.000151101
0.000377803
0.000928744
0.00182503
0.000413982
0.000117402
0.000921837
0.000688178
0.000862983
0.0016032
0.000121722
0.00129543
0.000432361
0.00157582
0.00130579
0.000294026
0.000673595
0.000114458
0.000964229
4.18549e-05
0.000803952
0.00121772
9.7126e-05
0.000264311
0.000133734
0.000536642
0.000212569
0.00153246
0.000928116
0.00155692
0.000357219
0.000912665
0.000498422
0.000194615
0.000557971
2.81888e-05
0.000455065
0.000178225
0.000304691
0.00079916
0.00115565
0.000135831
0.000595953
0.000756264
5.67441e-05
0.000799082
0.000872551
0.000200532
0.00109837
0.00031089
7.22894e-05
6.66685e-05
5.48431e-05
0.00048392
0.000468823
0.000895653
7.23697e-05
0.000619368
0.00012338
0.000409435
0.000172589
0.00044945
0.000129462
0.000546181
0.000518517
0.00059274
0.000271926
0.000758702
0.000734162
0.000340122
0.00152163
0.000424919
0.000117701
0.00013402
0.000378796
0.000786126
0.00101533
0.000306749
0.000521743
0.000235263
5.90933e-05
0.000839555
3.09415e-05
0.000195938
0.000483482
6.56638e-05
0.000222995
0.000237218
0.000258718
0.000112059
9.44529e-05
9.41618e-05
0.000142437
0.000602297
0.000102615
0.000110024
0.000503968
8.96059e-05
3.42263e-05
0.000606407
0.00021993
0.000833828
2.54173e-05
0.000549754
0.000240456
0.000146542
0.00046359
4.21206e-05
0.000121378
0.000477515
0.00025787
0.000657908
2.60861e-05
0.000440114
0.000172461
4.66815e-05
0.000359775
2.47632e-05
0.000396244
0.00029874
0.000245474
5.21473e-05
7.65309e-05
3.562e-05
0.00036772
0.000169322
0.000474937
0.000235124
0.000177443
0.000483086
0.000417848
0.000410435
0.000284109
0.000231308
0.000167068
7.17175e-05
7.19817e-05
1.4247e-05
0.000195785
0.000343498
5.69193e-05
0.000187446
2.97937e-05
0.00016283
4.49394e-05
0.000309598
6.74118e-05
0.000124273
0.000115012
3.08553e-05
0.0003979
8.26919e-05
0.000101262
3.12091e-05
0.000104299
7.07892e-05
0.000425067
7.01183e-06
2.34464e-05
0.000114069
0.000188722
0.000197198
0.000239625
2.74287e-05
0.000391771
0.000284108
0.000142599
0.000134133
0.000215714
4.12929e-05
0.000240789
0.000156685
0.000174705
0.000202255
0.000243899
2.51601e-05
0.000223508
4.78179e-05
0.000351865
6.97004e-05
0.000144126
5.00472e-05
1.52354e-05
0.000181557
0.000261993
8.51557e-07
3.96276e-05
1.8867e-05
0.000180164
0.000100441
0.00023142
0.000257906
1.29377e-05
0.000191739
0.000199357
9.51189e-05
0.000112815
0.000117089
7.08391e-05
2.12062e-05
0.00010162
0.000109466
6.58831e-05
4.44955e-05
0.000219972
7.39726e-05
9.14391e-05
0.000342911
7.58193e-05
6.91286e-05
0.000143888
0.000147248
0.000450785
0.000199903
0.000175271
0.000191872
6.42703e-06
0.000121544
0.000499742
0.000292599
7.50423e-05
0.000134153
0.000112707
0.000293042
6.57566e-05
0.00014087
1.45462e-05
