n=32
J=0.707107
eta=1.03797
mu=0.0101266
beta-optimal=0
max-overlap=0
1.46155e-12
1.02589e-11
5.02541e-12
8.21323e-13
1.01348e-11
9.67089e-12
2.48246e-12
2.49397e-12
7.12975e-12
4.26615e-13
1.56471e-12
9.48087e-13
3.14094e-12
1.61845e-12
2.55442e-12
3.06531e-12
9.68469e-12
2.05483e-12
4.28677e-12
8.54474e-13
1.05627e-12
4.40562e-13
2.31867e-12
4.26418e-13
5.038e-13
6.05238e-13
4.80398e-13
3.91117e-13
3.711e-13
8.28542e-13
3.51474e-12
1.59765e-12
4.8682e-13
2.59192e-13
1.69224e-12
1.89274e-12
3.00149e-13
1.09602e-12
3.82459e-13
1.70536e-12
6.89317e-13
2.51503e-13
5.75657e-13
3.25813e-12
2.97596e-13
1.14833e-13
4.69271e-13
5.65832e-13
1.00517e-12
1.725e-12
5.68505e-13
6.90451e-14
1.84498e-12
9.25993e-14
1.84553e-13
3.31802e-13
2.56131e-13
6.72611e-13
4.04425e-13
2.4435e-13
7.90028e-13
8.5798e-13
2.26255e-13
8.12986e-14
1.03938e-13
2.34022e-13
1.12202e-12
1.96999e-13
7.0048e-13
2.67075e-13
1.42737e-13
8.32641e-13
7.64697e-14
1.0787e-12
2.9917e-13
2.04605e-13
2.44584e-13
4.26985e-13
1.63307e-13
7.59233e-13
8.83748e-14
5.42403e-13
2.46351e-13
1.97261e-13
1.06298e-13
3.60479e-13
1.34803e-13
9.22786e-14
4.38377e-13
5.09775e-13
3.50433e-13
1.08757e-13
2.88541e-13
3.24291e-13
8.44653e-13
5.46895e-13
5.21959e-13
4.54202e-13
1.81262e-12
6.20289e-14
3.85018e-13
5.55808e-13
1.61113e-13
3.85211e-13
2.86314e-13
1.12368e-13
2.78514e-13
7.76116e-14
6.76678e-13
1.01845e-13
1.92312e-13
1.3923e-13
6.2366e-13
1.03874e-13
4.58266e-13
8.11326e-14
9.54484e-14
4.72872e-13
1.22895e-13
3.66265e-13
1.93197e-13
2.7562e-13
6.43031e-15
3.49083e-13
4.87321e-13
7.42401e-14
4.86114e-13
3.02968e-14
4.05251e-14
4.82548e-13
1.65091e-13
3.5578e-14
2.34836e-13
3.42362e-13
3.54632e-13
4.23349e-13
4.07677e-14
1.81047e-13
6.86006e-13
9.8189e-14
5.99681e-14
1.87408e-14
1.42308e-13
1.9952e-13
1.48148e-13
4.30112e-13
5.56741e-13
1.49479e-13
1.63179e-13
5.65056e-13
8.64679e-13
5.70276e-13
7.21799e-13
9.86263e-13
7.70082e-14
3.5348e-13
4.1743e-13
1.05157e-13
1.65964e-13
5.9906e-14
8.70163e-14
2.77322e-13
1.27679e-13
4.80282e-14
1.76848e-13
2.17681e-13
4.93528e-13
3.58231e-14
1.60094e-13
3.18327e-13
8.36936e-14
3.84901e-14
1.58854e-13
2.45113e-14
2.44622e-13
5.69266e-13
1.0999e-13
4.80849e-14
3.63996e-13
6.0741e-14
1.88585e-13
3.61714e-14
3.22023e-13
5.23253e-14
1.40314e-13
5.58773e-13
1.24814e-13
6.67793e-13
6.39047e-14
6.0773e-14
3.17351e-13
4.88192e-14
3.85186e-13
6.23304e-14
5.42975e-14
2.18148e-13
7.26377e-14
3.47149e-14
4.78207e-13
6.61919e-14
4.86374e-13
9.03937e-13
1.29538e-12
4.59554e-13
1.69561e-13
1.75334e-13
3.50071e-13
6.26625e-14
4.05155e-13
4.77884e-14
7.17567e-14
3.31854e-14
1.73824e-14
5.592e-14
3.43586e-13
5.07358e-14
7.08759e-13
3.52629e-13
8.70907e-13
3.98418e-14
2.78892e-14
9.02467e-14
1.99226e-13
7.50727e-14
2.66772e-13
4.96074e-14
1.24379e-13
2.80624e-14
2.22909e-13
4.93905e-13
4.62027e-14
6.75771e-14
3.35619e-14
3.29871e-14
2.61209e-13
4.75814e-13
5.39406e-13
2.10623e-13
2.28896e-13
6.73433e-14
1.67629e-14
5.1875e-14
1.23794e-13
7.26236e-14
1.52944e-13
2.99289e-13
3.23854e-13
1.02189e-13
8.4977e-14
3.16923e-13
5.6717e-14
4.45876e-13
4.02863e-13
1.60259e-13
2.99724e-13
1.43187e-13
