n=32
J=0.707107
eta=1.01266
mu=0.0531646
beta-optimal=0
max-overlap=0
1.24063e-09
1.00479e-09
8.69268e-10
6.3857e-10
7.00853e-10
5.53947e-10
5.99642e-10
4.79625e-10
4.1467e-10
2.98632e-10
4.05267e-10
3.735e-10
2.97065e-10
2.74844e-10
2.36391e-10
2.28865e-10
1.78601e-10
2.12601e-10
1.93553e-10
1.87673e-10
1.9777e-10
1.84063e-10
1.46238e-10
1.63143e-10
1.63492e-10
1.38319e-10
1.16984e-10
1.26611e-10
1.5162e-10
1.45514e-10
1.07721e-10
6.64902e-11
1.26996e-10
1.201e-10
1.13274e-10
6.96148e-11
1.03028e-10
8.14344e-11
9.29902e-11
6.47678e-11
5.95842e-11
6.67548e-11
6.29361e-11
6.33787e-11
5.23673e-11
6.52091e-11
5.88614e-11
7.132e-11
6.31274e-11
5.82827e-11
4.92529e-11
4.29079e-11
4.37477e-11
5.0335e-11
8.02433e-11
4.76599e-11
5.94663e-11
5.0628e-11
4.61814e-11
5.05872e-11
4.50556e-11
3.82186e-11
3.63234e-11
6.81206e-11
4.47565e-11
3.95046e-11
3.83014e-11
4.75053e-11
4.55304e-11
2.98886e-11
4.42879e-11
5.29019e-11
3.92632e-11
3.34884e-11
3.93269e-11
2.85157e-11
3.13314e-11
2.86734e-11
3.27465e-11
3.1149e-11
4.08101e-11
4.17229e-11
1.93888e-11
3.83534e-11
2.85056e-11
2.68934e-11
3.2583e-11
2.29478e-11
3.65872e-11
2.35325e-11
2.29191e-11
1.77996e-11
1.05099e-11
2.96964e-11
2.80577e-11
2.98473e-11
2.27937e-11
2.43262e-11
2.00052e-11
3.01366e-11
2.34216e-11
2.43785e-11
2.33032e-11
2.07145e-11
2.91557e-11
2.11692e-11
2.05837e-11
2.3575e-11
2.17779e-11
1.48451e-11
1.87509e-11
1.28662e-11
2.31022e-11
2.36688e-11
2.00391e-11
2.42901e-11
2.51398e-11
1.78088e-11
1.83386e-11
9.71599e-12
2.34868e-11
1.69441e-11
1.5091e-11
1.31837e-11
2.15388e-11
2.24713e-11
1.582e-11
1.97451e-11
1.85951e-11
1.79799e-11
1.12614e-11
2.15878e-11
1.45563e-11
1.47776e-11
8.71363e-12
1.23702e-11
1.3209e-11
9.36058e-12
1.95058e-11
1.48797e-11
7.20441e-12
1.43346e-11
2.03282e-11
1.12159e-11
1.24657e-11
9.97822e-12
1.05487e-11
2.31674e-11
1.07311e-11
8.45101e-12
1.40679e-11
1.19967e-11
1.40777e-11
1.16151e-11
6.72986e-12
1.50379e-11
1.32556e-11
1.11348e-11
1.09383e-11
7.39026e-12
9.61745e-12
1.14461e-11
4.85489e-12
1.36902e-11
8.38407e-12
1.24581e-11
7.06194e-12
9.55886e-12
8.07626e-12
1.17588e-11
1.23687e-11
7.38669e-12
1.21365e-11
8.73306e-12
7.2951e-12
9.66208e-12
1.34336e-11
2.80447e-12
5.26065e-12
9.05179e-12
9.84973e-12
7.93318e-12
8.65975e-12
6.99741e-12
1.02071e-11
6.43828e-12
9.66937e-12
8.62468e-12
1.02521e-11
8.74949e-12
7.78069e-12
7.91261e-12
8.48118e-12
8.7257e-12
1.13592e-11
7.26996e-12
1.08836e-11
6.70976e-12
5.63822e-12
1.04152e-11
6.84165e-12
1.45759e-12
5.7533e-12
6.86614e-12
5.54296e-12
6.55281e-12
4.34921e-12
2.92165e-12
8.38671e-12
1.83978e-12
6.79434e-12
6.53886e-12
6.04082e-12
6.16641e-12
8.37559e-12
1.05388e-11
4.55885e-12
6.09756e-12
5.56016e-12
6.5017e-12
1.01607e-11
5.77258e-12
1.93765e-12
4.88066e-12
9.92753e-12
8.68431e-12
5.90002e-12
6.51795e-12
4.18962e-12
5.11244e-12
3.48563e-12
7.80161e-12
3.98475e-12
5.59577e-12
7.52848e-12
5.20584e-12
6.69832e-12
2.83538e-12
6.4276e-12
3.61434e-12
4.33417e-12
4.27316e-12
2.89716e-12
3.75581e-12
3.38289e-12
4.50026e-12
6.21937e-12
3.85086e-12
2.90126e-12
3.99464e-12
2.92276e-12
3.64665e-12
3.80148e-12
4.5714e-12
3.22585e-12
2.15116e-12
