n=32
J=0.707107
eta=1.01266
mu=0.0582278
beta-optimal=0
max-overlap=0
0.442427
0.336689
0.303379
0.268177
0.2256
0.217809
0.154866
0.149691
0.1505
0.137347
0.10828
0.104668
0.121993
0.100251
0.102282
0.104357
0.107028
0.0848649
0.0805637
0.0692832
0.059913
0.0654341
0.0545344
0.0540602
0.0495982
0.0586435
0.0615604
0.0532298
0.0457788
0.0399478
0.0468258
0.0463704
0.0421897
0.0351419
0.0329757
0.0337487
0.0358378
0.0325699
0.0351848
0.0355093
0.0303935
0.0302378
0.0323871
0.0303184
0.0269248
0.0285434
0.0263634
0.0226877
0.0262494
0.0226274
0.0290324
0.0215509
0.0242291
0.0209752
0.0210243
0.0226157
0.0196622
0.0200341
0.0222033
0.0235115
0.0163545
0.0192914
0.0182339
0.0202297
0.0209126
0.02168
0.0153985
0.0171731
0.0165855
0.015231
0.0153108
0.0163135
0.0141458
0.0175983
0.0138475
0.0154901
0.0143421
0.0134633
0.013385
0.0133971
0.0134126
0.0136323
0.0120156
0.0111888
0.0109355
0.0113259
0.0135236
0.0130705
0.0108182
0.0114267
0.010002
0.0106828
0.0103572
0.0109589
0.0102105
0.0100114
0.0088042
0.00918796
0.00931895
0.0107017
0.00963157
0.00858178
0.00938625
0.00898191
0.00853802
0.00849531
0.00990636
0.00962442
0.00728069
0.00801459
0.00853079
0.00662237
0.00710072
0.0078891
0.00860962
0.00725565
0.00790902
0.00707577
0.00771467
0.00683939
0.00886582
0.00868421
0.00681651
0.00701587
0.00720296
0.006563
0.00601062
0.00682299
0.00638701
0.0067615
0.00646901
0.00617235
0.00584727
0.0061027
0.00571873
0.00570659
0.00580375
0.00566786
0.00579992
0.00548895
0.00534884
0.0051878
0.00528118
0.00550287
0.00523156
0.00472019
0.00475194
0.0056525
0.00471298
0.00526319
0.00571807
0.00473474
0.00468649
0.00472478
0.00527639
0.00439702
0.00435914
0.00408936
0.00519926
0.00410686
0.00400435
0.00450157
0.00469677
0.00420494
0.00403729
0.0043405
0.00433378
0.00449736
0.00383126
0.00359817
0.00443336
0.00410606
0.00390179
0.00427966
0.00374046
0.00374218
0.00398228
0.00378106
0.0039174
0.00367891
0.00350714
0.00359688
0.00342906
0.00357248
0.00342769
0.00351821
0.00324245
0.00336912
0.00323215
0.0032098
0.00301895
0.00337276
0.00330115
0.00315489
0.00317209
0.00305284
0.00332715
0.00302119
0.00312107
0.00351792
0.00310486
0.00286349
0.00286245
0.00331512
0.00293879
0.00261977
0.00297029
0.00278201
0.00280825
0.00257158
0.00269317
0.00253315
0.0023656
0.00271591
0.00243786
0.00240049
0.00249328
0.00239312
0.00243159
0.00251481
0.00240834
0.00227727
0.00230782
0.00233288
0.00219127
0.00231215
0.00226276
0.00243561
0.00228755
0.00213163
0.002028
0.00208836
0.00222364
0.0021175
0.00228959
0.00217327
0.00215803
0.00188669
0.0019394
0.00184592
0.00204032
0.00206802
0.00188964
0.00192486
0.00186569
0.0018444
0.00195379
0.00168043
0.0016526
0.00174424
0.00150913
0.00152502
0.00148724
0.00148015
0.00172283
0.00140604
