n=32
J=0.707107
eta=1.01266
mu=0.0481013
beta-optimal=0
max-overlap=0
5.79235e-10
4.44196e-10
3.2406e-10
4.06617e-10
2.33588e-10
1.40601e-10
1.78145e-10
1.60978e-10
2.10607e-10
9.79342e-11
1.00192e-10
5.67168e-11
1.50585e-10
1.10292e-10
6.81575e-11
9.89549e-11
9.77e-11
9.26125e-11
6.76815e-11
5.94469e-11
6.36529e-11
8.68082e-11
5.1015e-11
3.94055e-11
5.34802e-11
7.00535e-11
5.89112e-11
7.82513e-11
4.52501e-11
2.75766e-11
3.79218e-11
3.38059e-11
2.84082e-11
2.68248e-11
3.40742e-11
3.59635e-11
6.0907e-11
4.94221e-11
3.44015e-11
2.98787e-11
3.76963e-11
8.09133e-12
4.45699e-11
2.40714e-11
1.89679e-11
1.1426e-11
3.18362e-11
3.0777e-11
2.51332e-11
2.36426e-11
2.32198e-11
2.75213e-11
4.4507e-11
1.94921e-11
2.50684e-11
3.59797e-11
2.22187e-11
1.31052e-11
8.29674e-12
3.10408e-11
7.09386e-12
2.2051e-11
3.35529e-11
3.13983e-11
2.00866e-11
1.2227e-11
1.98572e-11
1.34895e-11
2.92771e-11
1.31847e-11
8.22026e-12
1.70011e-11
1.38665e-11
2.21153e-11
1.09567e-11
1.46869e-11
1.44335e-11
1.06298e-11
1.49885e-11
8.80948e-12
1.47373e-11
6.24267e-12
1.76493e-11
9.10254e-12
1.25236e-11
9.20765e-13
1.17917e-11
8.44812e-12
1.19213e-11
1.58911e-11
1.05371e-11
1.09879e-11
1.27462e-11
5.83814e-12
1.24591e-11
1.35365e-11
5.91926e-12
9.89614e-12
4.09253e-12
1.50964e-11
8.43805e-12
1.2407e-11
1.38187e-11
5.76506e-12
1.2344e-11
8.92875e-12
1.30336e-11
1.54452e-11
4.45546e-12
1.19433e-11
7.28651e-12
1.26594e-11
7.29503e-12
8.08304e-12
1.3203e-11
7.87927e-12
7.0873e-12
1.14966e-11
8.09271e-12
5.90543e-12
7.06882e-12
6.69281e-12
4.66788e-12
6.67264e-12
9.88354e-12
4.89392e-12
5.82515e-12
8.58698e-12
3.70667e-12
5.23144e-12
4.48497e-12
7.46465e-12
7.83121e-12
9.15819e-12
2.04185e-12
3.23255e-12
6.51621e-12
6.35725e-12
6.55787e-12
4.61269e-12
6.66228e-12
5.9624e-12
3.94025e-12
9.20053e-12
4.77646e-12
4.23415e-12
1.48427e-12
9.71546e-13
2.79775e-12
6.78597e-12
4.94242e-12
3.92764e-12
1.11357e-12
4.41331e-12
4.03372e-12
9.50936e-12
3.28881e-12
4.89838e-12
6.34279e-12
4.71502e-12
4.49449e-12
2.88493e-12
7.81477e-12
2.52874e-12
9.13878e-12
9.32398e-12
4.72573e-12
6.28534e-12
2.21346e-12
2.43442e-12
6.13509e-12
5.6223e-12
3.98374e-12
3.74821e-12
5.35093e-12
2.99695e-12
5.60768e-12
4.28837e-12
3.00654e-12
3.93416e-12
2.60011e-12
2.93242e-12
3.1953e-12
5.54044e-12
1.44591e-12
4.24682e-12
1.75511e-12
2.55004e-12
2.09147e-12
2.08791e-12
3.69179e-12
3.0608e-12
4.05726e-12
3.65257e-12
4.06105e-12
4.42567e-12
2.88725e-12
3.90708e-12
4.26207e-12
2.72868e-13
2.5622e-12
8.24295e-12
3.16832e-12
2.38963e-12
3.83268e-12
2.60203e-12
2.5169e-12
3.36165e-12
2.64876e-12
4.89824e-12
1.89102e-12
1.90597e-12
1.83462e-12
2.95423e-12
3.33033e-12
4.06927e-12
4.58261e-12
2.34908e-12
3.44917e-12
3.23771e-12
5.86592e-13
5.59625e-13
1.99282e-12
5.6751e-12
2.72531e-12
2.07797e-12
3.36227e-12
3.38158e-12
2.87864e-12
3.57852e-12
7.10161e-13
1.92267e-12
1.98189e-12
8.54787e-13
1.9413e-12
1.40256e-12
3.54253e-12
1.08176e-12
1.50111e-12
2.5424e-12
2.05375e-12
1.33578e-12
1.52802e-12
1.83374e-12
2.13348e-12
2.50614e-12
2.63243e-12
1.60387e-12
1.05473e-12
1.64933e-12
1.34684e-12
1.48599e-12
2.69464e-12
2.05211e-12
1.71531e-12
1.51579e-12
