n=32
J=0.707107
eta=1
mu=0.0329114
beta-optimal=0
max-overlap=0
0.535021
0.431931
0.416203
0.18717
0.136024
0.118728
0.0934139
0.0862618
0.0899458
0.0604517
0.0476242
0.0587579
0.0496932
0.0439744
0.0556152
0.0506464
0.031095
0.0384194
0.0339625
0.0250178
0.0283138
0.0299784
0.0281512
0.0308795
0.0279312
0.0229428
0.0167834
0.0258491
0.0192907
0.0206391
0.0166704
0.0143634
0.0179591
0.0155783
0.0174786
0.0171643
0.0168749
0.0137163
0.0150568
0.0143584
0.0139597
0.0152818
0.0147267
0.0115346
0.0132625
0.0122435
0.0122801
0.0117511
0.0102906
0.00947979
0.00855647
0.00675774
0.00730834
0.0079518
0.00678555
0.00831282
0.00972706
0.00960102
0.0076513
0.00778095
0.00804398
0.00886423
0.0063228
0.00611626
0.00623646
0.00675839
0.00753712
0.00632458
0.00481496
0.00456442
0.0043853
0.00486911
0.00623317
0.0057496
0.00476739
0.00618251
0.0038021
0.00590505
0.00456847
0.00474654
0.00502648
0.00550745
0.00422335
0.00341323
0.00545214
0.00271992
0.00449148
0.00462748
0.00435696
0.00309155
0.00338303
0.00410388
0.00311487
0.00371858
0.00325281
0.00383155
0.00321503
0.00319177
0.00381029
0.00286118
0.00388468
0.00353182
0.00313511
0.00272995
0.0023677
0.00333833
0.0025148
0.00296225
0.00257877
0.00269687
0.00308051
0.00251806
0.00289706
0.00208915
0.00247602
0.00310367
0.00205673
0.00227361
0.00266271
0.00242992
0.00244599
0.00244994
0.00254702
0.00213966
0.00244472
0.00248618
0.00185176
0.00199906
0.00213001
0.00212477
0.0019668
0.00185934
0.00189442
0.00189981
0.00203903
0.00237502
0.00200241
0.0020139
0.00160792
0.00154076
0.00233042
0.00169949
0.00191439
0.00182039
0.00162832
0.00153236
0.00169786
0.00160306
0.00183317
0.001344
0.00133962
0.00147634
0.00185764
0.00155777
0.00137808
0.00127834
0.00137794
0.0019618
0.0014778
0.00144031
0.00130865
0.00137016
0.00124988
0.00115677
0.00127215
0.00128872
0.00116815
0.00137424
0.00160941
0.00109273
0.0012274
0.00109806
0.000989889
0.000875286
0.000967047
0.00113654
0.00106694
0.00124089
0.0010158
0.00127026
0.00111084
0.001068
0.000933292
0.00123189
0.00102145
0.000995385
0.00112098
0.00109465
0.00120883
0.00110536
0.000796381
0.000979532
0.00102968
0.000900936
0.000961255
0.000839128
0.000790038
0.000943778
0.000982
0.000939287
0.000862684
0.000789426
0.000655132
0.000740147
0.000843355
0.000681037
0.000788045
0.00087125
0.000703842
0.000811063
0.000835558
0.000556419
0.000755663
0.000685755
0.000805512
0.000659971
0.000685043
0.000734334
0.000716484
0.000913209
0.000586146
0.000789212
0.000614609
0.000600794
0.000645381
0.000697668
0.000536595
0.000602439
0.000574068
0.000570183
0.000632054
0.00051447
0.000583944
0.000549638
0.000572242
0.000450794
0.000670285
0.000513097
0.000498897
0.000505623
0.000528123
0.000582316
0.000590888
0.00051416
0.000460977
0.000547381
0.000473887
0.000586549
0.000457645
0.000574155
0.000586815
0.000435693
0.000469202
0.000411159
0.000364968
0.000387562
