n=32
J=0.707107
eta=1
mu=0.0860759
beta-optimal=0
max-overlap=0
0.341521
0.315239
0.321412
0.253097
0.216571
0.208332
0.181884
0.175591
0.179065
0.148616
0.129267
0.140557
0.134091
0.118678
0.130169
0.120583
0.102651
0.110023
0.10414
0.0907542
0.090783
0.0930782
0.0939744
0.0927538
0.089963
0.0790571
0.0700854
0.077606
0.072365
0.0701647
0.0646146
0.0608418
0.0663749
0.0616642
0.0632342
0.062785
0.0623794
0.0569502
0.0561184
0.0557358
0.0548614
0.0580535
0.0528856
0.0482623
0.0527514
0.048142
0.0468493
0.0473185
0.0452584
0.0418328
0.0409433
0.0373635
0.0388795
0.0382659
0.0359367
0.0396372
0.0396971
0.0381091
0.0346621
0.0357844
0.0350675
0.0368541
0.0316713
0.0313095
0.0315069
0.031152
0.031388
0.0309297
0.0271848
0.0282619
0.0266669
0.0259953
0.029637
0.0280123
0.0263652
0.028992
0.0250144
0.0287373
0.0251721
0.0251633
0.0251747
0.0252395
0.0228661
0.0212557
0.0245495
0.0199021
0.0232616
0.0225111
0.0225535
0.0198521
0.0210969
0.021927
0.0199171
0.0203175
0.0195507
0.0205003
0.0198524
0.0194248
0.0203547
0.017671
0.0199033
0.0193892
0.0174887
0.0168741
0.0163715
0.0187655
0.0163917
0.0164051
0.0166651
0.0173781
0.0178834
0.016029
0.0156841
0.0145532
0.0156025
0.0162287
0.0149143
0.0143818
0.0157232
0.0152379
0.0153695
0.0156547
0.0144314
0.0142895
0.0141846
0.0138764
0.0130055
0.0128415
0.0131037
0.0133935
0.012646
0.0128546
0.0127185
0.0122255
0.0127536
0.0131316
0.0117653
0.0121187
0.0123268
0.0115779
0.0126178
0.0116834
0.0114927
0.0118182
0.0110926
0.0106773
0.0108878
0.0108268
0.0118352
0.0101497
0.0100409
0.0103159
0.0114848
0.0104131
0.0103219
0.00952248
0.0100538
0.0107054
0.00981884
0.00964245
0.00935038
0.00937903
0.00916331
0.00867589
0.00922168
0.0089235
0.00836162
0.00867806
0.00940884
0.007976
0.00864291
0.00817687
0.00791181
0.00772557
0.00770616
0.00810617
0.00789732
0.0080115
0.00739753
0.00801721
0.00789179
0.00772
0.00721856
0.00795001
0.00755177
0.0073877
0.00767848
0.00721305
0.00758744
0.00735706
0.00659053
0.0071728
0.00714417
0.00649963
0.0066773
0.00645894
0.00629917
0.00686659
0.00659203
0.00659435
0.00651473
0.00621999
0.00583279
0.00582448
0.00629002
0.00558176
0.00584359
0.00621954
0.00571411
0.00568447
0.00594663
0.00520968
0.00572481
0.00562178
0.00566304
0.00562407
0.00522543
0.0054462
0.00545363
0.00595358
0.00502076
0.00562955
0.00501583
0.00477651
0.00483086
0.0050155
0.00490985
0.00484186
0.00494934
0.00463311
0.00503111
0.00451373
0.00470808
0.00467107
0.00484231
0.00434307
0.00459137
0.00431131
0.00407532
0.00438169
0.00419766
0.00438244
0.00424792
0.00416464
0.00390971
0.00410309
0.00387084
0.00405482
0.0037986
0.00397415
0.00409554
0.00358995
0.00364873
0.00363426
0.00335508
0.00336061
