n=32
J=0.707107
eta=1.08861
mu=0.0227848
beta-optimal=0
max-overlap=0
0.000160711
0.00154432
0.000431482
0.000569231
0.00134682
0.000431265
0.000121853
0.00067572
6.42717e-05
1.47775e-05
0.00157439
0.000676322
2.83109e-05
0.000166304
3.25932e-05
0.00113788
0.000120797
0.000922712
8.02384e-05
0.000728122
0.00122251
0.000781279
8.98154e-05
0.000161362
0.000456621
0.000128916
0.00119604
0.000191328
0.000135595
6.79978e-05
0.000259009
0.000278115
0.000411462
1.46732e-05
0.000153218
7.13634e-05
5.48815e-05
7.31289e-05
0.000127425
0.000140009
0.000104898
5.3714e-05
4.64256e-05
0.000395389
8.65607e-05
0.000521012
0.000481871
3.50952e-05
0.00015841
0.000329682
0.00104896
2.00494e-05
0.000146666
0.000178574
0.000166131
0.00012461
0.000183679
0.000217806
0.000173538
0.000282417
0.000177432
0.000139026
5.12781e-05
0.000138783
0.000131096
3.78409e-05
0.000373366
0.000184031
0.000115805
8.16414e-06
7.73701e-06
0.000150358
1.75517e-05
8.05034e-05
0.000257781
2.91752e-05
1.85573e-05
0.00011656
3.06315e-05
5.70578e-05
5.30936e-05
9.91964e-05
0.000278238
0.00017305
0.000109719
0.000410186
5.84057e-05
0.000263846
1.99526e-06
4.92166e-05
0.000246171
5.81954e-05
4.03403e-05
7.9528e-05
0.00013514
7.21322e-05
5.46707e-05
5.28722e-05
6.11455e-06
7.91086e-05
7.84515e-06
7.62874e-05
0.000264173
0.000150922
1.3219e-06
0.000274371
3.27417e-05
0.000144929
5.86688e-05
0.000163287
4.99726e-05
3.47235e-05
1.6513e-06
3.61573e-05
3.22987e-06
0.000207138
1.05062e-05
1.4113e-06
0.000142727
2.59895e-05
2.98878e-05
1.02589e-05
1.48056e-05
2.06481e-05
5.00543e-05
9.95189e-06
0.00028498
1.5234e-06
6.03122e-05
1.48387e-05
1.93032e-05
1.99725e-05
0.000156668
5.71492e-05
4.60298e-05
0.00015052
3.29164e-05
9.66079e-05
0.000105845
4.60633e-05
6.04526e-05
2.22829e-05
2.27483e-05
7.07735e-05
1.23046e-05
3.0351e-05
0.000282373
1.99228e-05
6.83105e-05
9.50448e-05
9.20365e-05
2.90549e-05
8.19875e-05
2.39816e-05
5.94544e-06
8.90275e-05
8.53213e-05
2.29245e-05
4.2344e-05
6.69448e-05
4.8455e-06
1.52216e-05
0.000209481
4.32325e-06
2.29874e-05
0.000108607
3.36652e-05
1.3009e-06
7.06256e-05
0.000231608
1.96339e-07
2.76603e-05
0.000105108
3.62006e-05
6.0735e-05
2.17843e-06
1.52324e-05
1.28779e-05
0.000103309
1.26475e-05
2.40046e-05
6.77217e-06
9.5113e-05
2.17665e-05
3.86804e-05
0.000185094
6.91683e-05
1.46309e-05
1.44614e-05
1.10514e-05
7.69714e-05
4.59629e-05
1.72368e-05
1.6039e-05
2.24965e-05
4.2123e-05
1.80902e-05
1.25998e-05
0.000113893
0.000114286
2.5907e-05
1.34274e-05
2.3259e-06
2.69318e-05
6.68233e-06
0.000118192
2.90087e-05
2.13019e-05
6.16166e-05
8.46584e-06
2.97446e-05
2.89063e-05
1.35307e-06
6.12498e-05
0.00019046
1.82617e-05
1.16013e-05
6.72744e-05
5.40941e-05
9.71563e-06
9.60352e-06
3.45832e-05
1.01699e-05
0.000203858
2.04316e-05
0.000121446
1.34799e-05
1.97832e-05
0.000178236
2.03129e-05
5.12471e-05
7.37567e-05
4.49465e-06
2.11413e-05
6.2832e-05
4.71308e-05
6.31019e-05
3.69377e-05
2.14432e-05
0.000139491
1.65602e-06
2.28329e-05
5.00508e-05
0.000125634
6.83672e-05
1.42948e-05
2.17921e-05
9.04335e-05
3.5349e-05
2.90468e-05
4.79296e-05
0.000150897
1.46014e-05
6.54951e-06
2.27342e-05
1.18639e-05
