n=32
J=0.707107
eta=1
mu=0.0759494
beta-optimal=0
max-overlap=0
0.514183
0.362451
0.226997
0.204314
0.183027
0.176169
0.168747
0.150618
0.145633
0.138421
0.141114
0.134521
0.115162
0.111227
0.107521
0.105722
0.0998449
0.0895073
0.0883593
0.0916777
0.0793197
0.0873839
0.0833047
0.077193
0.0712989
0.0815144
0.0775402
0.0675522
0.0656564
0.0558182
0.0625269
0.0593947
0.0603971
0.0499895
0.0533282
0.0493274
0.0511469
0.0520971
0.0524314
0.0416694
0.0475374
0.0411489
0.0437006
0.0419953
0.0401072
0.0445238
0.0379359
0.0412381
0.0376553
0.0340864
0.0433453
0.0330825
0.0324106
0.0361015
0.0324182
0.0313731
0.0297816
0.0301507
0.027413
0.0281218
0.0277422
0.0285758
0.0304644
0.0260324
0.0237781
0.0258805
0.0250071
0.0250785
0.0246759
0.0247702
0.0236945
0.0242434
0.0236082
0.0233296
0.0241265
0.0188177
0.021887
0.0216861
0.0212859
0.0211285
0.0236742
0.0202187
0.0190786
0.0204803
0.0188833
0.0200804
0.0187819
0.0188988
0.0174878
0.0168221
0.0163249
0.0181232
0.0184846
0.0153722
0.0167221
0.0160593
0.0149681
0.0149745
0.0154815
0.015059
0.0136575
0.0153147
0.0139136
0.0135522
0.0129651
0.0154284
0.0132593
0.0145778
0.0133084
0.0122471
0.0117929
0.0122428
0.0118748
0.0139211
0.0123573
0.0126832
0.0110799
0.0109054
0.0120927
0.0127484
0.0111676
0.0113116
0.0101262
0.0112129
0.0104071
0.0114205
0.0105606
0.0102469
0.010715
0.0098642
0.0111696
0.0104869
0.00933996
0.00941148
0.00943605
0.00957588
0.0096716
0.00862803
0.00924445
0.00893964
0.00943899
0.00902429
0.00937139
0.00779276
0.0085092
0.00835983
0.00857272
0.00852469
0.00819111
0.00800749
0.00828908
0.00796117
0.00797823
0.00820431
0.00780858
0.00857167
0.00720521
0.00795452
0.00753003
0.00713133
0.00776843
0.00722262
0.00666887
0.00692799
0.00688633
0.00668433
0.00640895
0.00719096
0.00771312
0.00697751
0.0066009
0.00664227
0.00609889
0.00600457
0.00621601
0.00621271
0.00546443
0.00573825
0.00608548
0.00600001
0.00597852
0.00644443
0.00587465
0.00624071
0.00581692
0.00549324
0.00531041
0.0051236
0.0055694
0.00555896
0.00498827
0.00539352
0.00553108
0.00529582
0.00564196
0.00529824
0.0050584
0.00467004
0.00510235
0.00533053
0.00496846
0.00513445
0.00525381
0.00485521
0.00496471
0.00493008
0.00466473
0.00445837
0.00426002
0.00454573
0.00474578
0.00417481
0.00448192
0.0041866
0.00443724
0.00417957
0.00450773
0.00395995
0.00434394
0.00398546
0.00411007
0.00388151
0.00380601
0.00407079
0.00386088
0.0039807
0.00384812
0.00386207
0.00381458
0.00370334
0.00368566
0.00379802
0.0038996
0.003832
0.00361248
0.00353516
0.00343986
0.00345896
0.00342772
0.0033971
0.00333207
0.00341022
0.0033221
0.00330795
0.00302859
0.00320542
0.00298062
0.00311948
0.00299826
0.00292529
0.00284554
0.00284445
0.00278122
0.00273065
0.00270814
0.00248252
