n=32
J=0.707107
eta=1
mu=0.0632911
beta-optimal=0
max-overlap=0
0.615035
0.380588
0.211243
0.182244
0.162728
0.151357
0.150406
0.12821
0.127381
0.115315
0.123236
0.116754
0.0934326
0.0894409
0.0866953
0.0883446
0.0811496
0.0721675
0.0699264
0.0739474
0.0631932
0.0720367
0.0668073
0.0606511
0.0566123
0.0664026
0.0627166
0.0529442
0.0527721
0.0418999
0.0484151
0.0452865
0.0490039
0.0372822
0.0403665
0.0375031
0.0383645
0.0389979
0.0414901
0.0304988
0.0358767
0.0305545
0.0321252
0.0311855
0.0294912
0.0347316
0.0277442
0.0307274
0.0277068
0.0250729
0.0346631
0.0241633
0.0232062
0.0270938
0.0235688
0.0228342
0.0213255
0.0216233
0.0194632
0.0205545
0.0199282
0.0205592
0.0227949
0.0183466
0.0163359
0.0185272
0.0177834
0.017763
0.0174902
0.0180746
0.016852
0.0174661
0.0167216
0.0167272
0.0174011
0.0127146
0.0151485
0.0156459
0.0151739
0.0147389
0.0171771
0.0142527
0.0133773
0.0144832
0.013005
0.0141796
0.0132501
0.0137971
0.012052
0.0115554
0.0113422
0.0127427
0.0129303
0.0105189
0.0116805
0.0112051
0.0103093
0.0103246
0.010836
0.0104705
0.00921575
0.010929
0.00957903
0.00923398
0.00875421
0.01121
0.00904968
0.0102619
0.00922174
0.00814587
0.00794468
0.0082274
0.00812568
0.00979356
0.00846315
0.00876062
0.00745091
0.00733347
0.00834919
0.00882678
0.00750784
0.00768421
0.00669508
0.00771712
0.00694668
0.00789637
0.0071804
0.0068831
0.00731363
0.00656206
0.00764574
0.00711514
0.00621549
0.00630686
0.00639325
0.00646706
0.00661187
0.00574123
0.00617132
0.0059379
0.00650894
0.00614659
0.00636527
0.00506541
0.00569956
0.00559462
0.00580606
0.00576221
0.00552246
0.00530716
0.00557058
0.0052562
0.00531259
0.00557373
0.00524946
0.00591403
0.00469406
0.00536931
0.00503764
0.00466992
0.00525659
0.00486956
0.0043422
0.0045426
0.00457395
0.00434934
0.0041717
0.00491016
0.00530114
0.00469336
0.00434932
0.00439956
0.00393219
0.00390954
0.00404143
0.00404035
0.00344782
0.00371037
0.00393871
0.00391111
0.00394417
0.00432265
0.00386272
0.00426762
0.00383396
0.00364777
0.0034498
0.00325195
0.0036259
0.00364635
0.00315789
0.00350585
0.00364176
0.00350502
0.0037845
0.00349656
0.00332738
0.00300326
0.00329462
0.00348038
0.00325463
0.00335986
0.00344627
0.00315703
0.00326116
0.00323622
0.00305066
0.00285793
0.00271067
0.00297663
0.00306369
0.00268067
0.00292415
0.00265011
0.00287295
0.00268531
0.00301702
0.00254382
0.00283945
0.00254921
0.00266097
0.00251179
0.00241071
0.00265275
0.00248492
0.00264428
0.002483
0.00254111
0.00250902
0.00238522
0.00236001
0.00250808
0.00258954
0.00251541
0.00234375
0.00226476
0.00219184
0.00222196
0.0022018
0.00221583
0.00212156
0.00223102
0.00216902
0.00213368
0.0019361
0.00208152
0.00190466
0.00201593
0.00194892
0.00184738
0.00180928
0.00184627
0.0018107
0.0017654
0.00175617
0.00157483
