n=32
J=0.707107
eta=1.06329
mu=0.0126582
beta-optimal=0
max-overlap=0
7.82772e-05
0.00103822
0.00032028
0.000216913
0.00081303
0.000154385
8.86382e-05
0.000255397
6.71869e-05
6.78105e-06
0.000947329
0.000433681
1.42444e-05
5.743e-05
1.06283e-05
0.000697315
3.98438e-05
0.000579347
3.02026e-05
0.000461993
0.000721589
0.000452608
3.54119e-05
6.23897e-05
0.000272494
4.60656e-05
0.000703819
7.27626e-05
7.89473e-05
2.20276e-05
0.000145448
0.000103665
0.00024304
1.14293e-05
5.81365e-05
2.51989e-05
1.72517e-05
2.54097e-05
7.56932e-05
4.89623e-05
3.67747e-05
2.7602e-05
1.5606e-05
0.000223455
3.29905e-05
0.000311583
0.000277441
1.08762e-05
5.64659e-05
0.000192936
0.000614234
5.89409e-06
7.98841e-05
6.19654e-05
5.78581e-05
4.31868e-05
9.23087e-05
7.71159e-05
0.000112743
0.00016925
6.39069e-05
4.93216e-05
2.36642e-05
4.72191e-05
7.97101e-05
2.44583e-05
0.000220595
6.49106e-05
4.15101e-05
2.8834e-06
2.91817e-06
8.99612e-05
6.30683e-06
5.82502e-05
9.22733e-05
1.03479e-05
1.90985e-05
6.93861e-05
1.98904e-05
2.05031e-05
1.77279e-05
3.50542e-05
0.000161211
5.81546e-05
6.90358e-05
0.00022697
1.90482e-05
0.00014508
1.21606e-06
3.27668e-05
0.000141159
1.82687e-05
2.10058e-05
2.7466e-05
7.2051e-05
2.43882e-05
3.25965e-05
1.72776e-05
4.96499e-06
2.69644e-05
3.13815e-06
4.8759e-05
0.00015203
5.28829e-05
3.16826e-06
0.000151526
1.16537e-05
5.02769e-05
3.54985e-05
9.48632e-05
1.77214e-05
1.07734e-05
2.53911e-07
1.9117e-05
1.87079e-06
0.000118183
2.19043e-06
6.62309e-08
4.89732e-05
1.69749e-05
1.62269e-05
2.19549e-06
5.36086e-06
7.72814e-06
1.73524e-05
1.42228e-06
0.000160603
1.1671e-06
2.00128e-05
1.31125e-05
6.43566e-06
1.1908e-05
8.74914e-05
2.00088e-05
1.59734e-05
8.51808e-05
1.13272e-05
5.64843e-05
6.31429e-05
1.50854e-05
3.16314e-05
7.73835e-06
7.14622e-06
3.98108e-05
8.34059e-06
1.01722e-05
0.00016083
6.63447e-06
3.8868e-05
3.11158e-05
5.5071e-05
9.69594e-06
4.66646e-05
8.38185e-06
2.40073e-06
4.87948e-05
4.85628e-05
1.47803e-05
1.50422e-05
3.65329e-05
1.8984e-06
4.73603e-06
0.000116127
1.37984e-06
1.40532e-05
6.24308e-05
1.11658e-05
8.74351e-07
2.34214e-05
0.000130402
5.57999e-07
9.33556e-06
6.15863e-05
1.26351e-05
3.07937e-05
8.42272e-07
5.60316e-06
6.94529e-06
5.83418e-05
5.34737e-06
8.16554e-06
2.04251e-06
5.14383e-05
1.28355e-05
1.23081e-05
0.000104308
3.7018e-05
5.26782e-06
5.26225e-06
3.5683e-06
4.18271e-05
2.77553e-05
4.85015e-06
1.09463e-05
7.69447e-06
2.33611e-05
8.32204e-06
4.0808e-06
6.72588e-05
6.29275e-05
8.88572e-06
4.47614e-06
2.59833e-07
1.29489e-05
1.73004e-06
6.60723e-05
9.81363e-06
1.22997e-05
3.57108e-05
2.8784e-06
9.2613e-06
1.62447e-05
7.55448e-08
3.55726e-05
0.000106191
6.45922e-06
4.02026e-06
2.24086e-05
1.78425e-05
6.08517e-06
7.78564e-06
1.08796e-05
7.45747e-06
0.000115034
6.37747e-06
7.10903e-05
4.91811e-06
6.52925e-06
9.83961e-05
7.27873e-06
2.96413e-05
2.39482e-05
1.22103e-06
1.12109e-05
2.0642e-05
2.80105e-05
3.6525e-05
1.2264e-05
6.87078e-06
8.17589e-05
3.96866e-07
7.58902e-06
2.74562e-05
7.00454e-05
3.79145e-05
5.16865e-06
7.26813e-06
5.05077e-05
1.13726e-05
1.61386e-05
1.55256e-05
8.6932e-05
5.30364e-06
2.49276e-06
1.39429e-05
4.41868e-06
