n=32
J=0.707107
eta=1
mu=0.164557
beta-optimal=0
max-overlap=0
0.195045
0.199346
0.186249
0.180856
0.172131
0.167179
0.165462
0.159742
0.148741
0.149445
0.149763
0.138518
0.144409
0.136305
0.123618
0.132616
0.123519
0.124565
0.127577
0.118846
0.110499
0.115026
0.10989
0.11051
0.106658
0.1078
0.106308
0.0998178
0.101535
0.0970603
0.0999484
0.0948784
0.0973384
0.0921919
0.0918852
0.087909
0.0841518
0.0867012
0.0797159
0.08328
0.0785216
0.0801756
0.0803432
0.0803352
0.0767762
0.0765702
0.0777475
0.0744831
0.0727506
0.0746786
0.0730728
0.0714555
0.0700433
0.0706398
0.0685654
0.0688262
0.0673626
0.0676683
0.0659187
0.0651574
0.0649887
0.0625142
0.062294
0.0617542
0.0594102
0.0606455
0.0598372
0.0587333
0.0581301
0.05781
0.0574347
0.0544753
0.0552544
0.0567989
0.0538471
0.0546803
0.0508687
0.0522781
0.0514292
0.0500142
0.0491514
0.050806
0.0479272
0.0485879
0.0495036
0.0461121
0.0475376
0.0477216
0.046778
0.0459912
0.0446965
0.0445387
0.0452361
0.0441504
0.0435821
0.0430877
0.0425613
0.0411164
0.0423788
0.0435432
0.0426887
0.0398321
0.0410916
0.0411581
0.0405746
0.0400906
0.0387755
0.0391626
0.0387653
0.0396195
0.0374235
0.0375113
0.0369414
0.0367099
0.0359827
0.0380805
0.0367326
0.0356471
0.0357061
0.0350644
0.0349091
0.0342683
0.0346359
0.0339166
0.0335533
0.0334606
0.0324581
0.0330601
0.0323481
0.0327156
0.0330766
0.0327109
0.0314617
0.0326197
0.0319275
0.031379
0.0313965
0.0317023
0.0296058
0.0292848
0.0288045
0.0286314
0.0297159
0.0289212
0.0295364
0.0285041
0.0282856
0.0286224
0.028167
0.0281529
0.0279384
0.0271964
0.0274798
0.0263641
0.02605
0.0266388
0.0263029
0.0260046
0.0249967
0.0258831
0.0259862
0.0245908
0.0250482
0.0249468
0.0243081
0.0245723
0.0239325
0.0241913
0.0233225
0.0239256
0.0234849
0.0234294
0.0228901
0.0230014
0.0225995
0.0221224
0.0221626
0.0224506
0.0221972
0.0217561
0.0217383
0.0215609
0.0207087
0.0215214
0.0211467
0.020751
0.0206834
0.0212907
0.0205346
0.02035
0.0205165
0.0205264
0.0197657
0.0200574
0.0194257
0.0192835
0.0193473
0.0189125
0.019031
0.0194657
0.0187078
0.0190694
0.018814
0.0184827
0.0189995
0.0180675
0.0182427
0.0179349
0.0177629
0.0175245
0.0171073
0.017699
0.0172411
0.0169966
0.017264
0.0163988
0.0164383
0.0166432
0.0163438
0.0165284
0.0159104
0.0160803
0.0162302
0.0160098
0.0155656
0.0157307
0.0155462
0.0152517
0.0152856
0.0157107
0.0147989
0.0152518
0.0144957
0.014551
0.0140115
0.0144563
0.0141126
0.014354
0.0141415
0.0139731
0.0140955
0.0138939
0.0138106
0.0134016
0.0134595
0.0128203
0.0129239
0.0128519
0.0126896
0.012879
0.01265
0.0126078
0.0123995
0.0116086
0.0116721
0.0115536
