n=32
J=0.707107
eta=1.72152
mu=0.103797
beta-optimal=0
max-overlap=0
0.000621664
0.00171768
0.000114353
0.00187321
0.000954348
6.02514e-05
0.000861555
0.000253811
0.00127273
0.00106602
0.000253969
2.82225e-05
0.000502649
0.000622575
0.00198083
0.000938109
0.00320386
0.000539175
0.000510459
0.00151029
0.000388962
0.000599699
0.000110454
0.000117759
0.000271774
4.91906e-05
0.000512784
0.00116262
0.000280329
0.00104433
0.00076325
0.000949247
0.000222056
0.00030538
0.000460073
2.45458e-05
0.000662287
0.000460448
0.001038
0.000471721
0.000142814
0.00100291
0.000538076
0.00100967
0.00028046
0.000272079
0.000551995
0.00100612
6.02692e-05
0.000172095
0.000631275
0.00066205
0.000187071
3.84737e-05
0.0006381
0.000378851
0.000676884
0.00112553
0.00126708
0.00106733
0.000101637
0.00113574
0.000678309
6.97419e-06
0.000960107
0.000429257
0.000451951
0.000355341
0.000305589
2.45962e-05
5.18801e-05
0.00058989
2.67818e-05
0.000421736
0.000664434
0.000588078
0.000680341
0.000315234
0.000328793
0.0013311
2.80041e-05
0.000371832
0.000188639
0.000276202
0.000239378
2.86129e-05
0.000821175
0.000257868
0.000539437
9.261e-05
0.000370172
0.000341283
6.04464e-05
0.000473502
0.000433485
0.000633822
0.000340953
0.000169847
0.000299501
6.14363e-05
0.000294236
0.000338006
0.000152344
8.50621e-05
0.000810279
0.000211115
0.000633467
0.000260267
0.000220836
0.000408443
0.000158786
0.000649048
0.0002154
2.12983e-05
0.000123295
1.90322e-05
0.000285274
0.000287941
0.000150153
3.8203e-05
0.000405154
0.00019077
0.000346726
0.000550392
0.000149026
0.000228219
3.8791e-05
8.6929e-05
0.000487034
0.000435965
0.000428474
3.38584e-05
0.00029959
1.91463e-05
0.000336508
0.00014002
0.000159145
0.000509891
0.000267214
0.000791618
0.000374867
0.000125128
0.000604462
9.69179e-05
1.19804e-05
0.000369818
0.00106767
0.000751576
1.29945e-05
0.000665827
7.17347e-05
0.000276051
0.000300797
0.000112279
0.000420636
0.000703076
0.000434113
0.000331161
0.000330041
0.000785073
0.00050634
7.84376e-05
0.000892915
0.000187908
0.00020567
0.000212289
0.000477087
0.000209071
0.000233138
0.000983134
7.71669e-05
0.000314513
0.00024213
0.000331532
3.86308e-05
0.000232041
0.000228939
0.000154395
0.000218376
0.000337774
0.000148397
0.000350969
0.00018173
0.000212774
6.86617e-05
0.00017487
0.000181506
0.000210301
1.8628e-05
0.00024204
0.000367934
0.000394018
0.000332897
0.000369981
0.000150614
0.000171292
0.000765847
0.000423829
0.000920568
0.00052377
1.84661e-05
5.61089e-05
0.000106584
0.000466129
8.19645e-05
0.000530206
0.000233367
0.000239015
6.25397e-05
0.000187864
0.000226772
0.000655033
7.93283e-05
0.000157863
0.000256125
0.000236927
0.000210652
9.94242e-05
0.000205317
6.84565e-05
0.000174005
2.90889e-05
0.00022489
0.000210865
0.000876803
3.1926e-05
0.000278356
0.000365451
5.69654e-05
6.49368e-05
0.00075933
0.000170566
0.0006105
0.000157079
9.87136e-06
9.57234e-05
0.00013771
0.000167905
0.000307598
0.000589932
0.000487077
0.000365381
0.000138513
5.80218e-06
0.000534536
0.000374875
0.000575054
3.99301e-05
0.000550853
0.000687261
0.000423956
0.000318043
5.05294e-05
0.000494138
0.000505677
0.0003115
