n=32
J=0.707107
eta=1.41772
mu=0.0987342
beta-optimal=0
max-overlap=0
2.36645e-12
3.92507e-12
9.32948e-13
2.46153e-12
1.41953e-12
3.44663e-12
2.1977e-12
9.76298e-13
3.52358e-12
3.45752e-12
1.92053e-12
4.61402e-13
3.1335e-12
3.06489e-12
1.85685e-12
5.24625e-12
2.2471e-12
1.16995e-12
1.66111e-12
1.05768e-12
4.22336e-12
2.28598e-12
1.5979e-12
2.06604e-12
1.01872e-12
1.48986e-12
1.76726e-12
8.58199e-13
1.98784e-12
1.96621e-12
4.89693e-14
8.83114e-13
2.16915e-12
1.01279e-12
4.54486e-13
6.8317e-13
1.16529e-12
2.14228e-12
5.78981e-13
8.82052e-13
1.11714e-12
9.63448e-13
3.04575e-13
4.05344e-13
8.16881e-13
8.31829e-13
4.9003e-13
1.0307e-12
4.83577e-13
7.88071e-13
1.0374e-12
1.24816e-12
9.52487e-13
2.98811e-13
6.92645e-13
8.01075e-13
1.35838e-12
1.41691e-13
6.74842e-13
1.52628e-12
8.63256e-13
1.93993e-12
1.32813e-12
5.37993e-13
5.56794e-13
1.4292e-12
5.90453e-13
1.57981e-12
1.37107e-12
8.88145e-13
3.31627e-13
1.10562e-12
7.88399e-13
1.06694e-12
7.14407e-13
5.55643e-13
8.86638e-13
1.52913e-12
6.71542e-13
1.29199e-12
1.32011e-12
8.72333e-13
1.99302e-13
3.8082e-13
6.39164e-13
6.15983e-13
1.58621e-13
5.42837e-13
3.5821e-13
1.00691e-12
1.2137e-13
7.57023e-13
9.40298e-13
7.70848e-13
8.37232e-13
6.32169e-13
1.74677e-13
7.54556e-13
6.84852e-13
4.96299e-13
7.07223e-13
2.78109e-13
5.49048e-13
7.91196e-13
2.97634e-13
3.52187e-13
7.47394e-13
2.02644e-13
4.12269e-13
8.10744e-13
3.65588e-13
6.57296e-13
1.03388e-12
2.92238e-13
3.78364e-13
4.90779e-13
4.6822e-13
2.56273e-13
5.08516e-13
3.55313e-13
4.31113e-13
5.18989e-13
5.0274e-13
2.38886e-13
1.0927e-12
6.38586e-13
1.78978e-13
8.96097e-13
3.0702e-14
3.12227e-13
2.69045e-13
4.95142e-13
7.48552e-13
3.7726e-13
1.38847e-13
6.68278e-13
3.81514e-13
3.6764e-13
8.76834e-13
2.00763e-13
3.79077e-13
3.50886e-13
3.24416e-13
1.09539e-12
7.74943e-13
4.94134e-13
6.22843e-13
5.09259e-14
1.04973e-12
3.54797e-13
8.24255e-13
2.14687e-13
6.92162e-13
7.05376e-13
2.07778e-13
3.2312e-13
2.9189e-13
3.29806e-13
8.41499e-13
3.27922e-13
5.20769e-13
6.83443e-13
6.40742e-13
9.40444e-14
7.26779e-13
5.20312e-13
3.43566e-13
1.84155e-13
6.01297e-13
6.98111e-13
4.2638e-13
2.78663e-13
4.17566e-13
1.97557e-13
4.17921e-13
4.53417e-13
2.67983e-13
7.75974e-13
9.34381e-13
1.84472e-13
3.96134e-13
4.05842e-13
2.47062e-13
1.25444e-12
2.57924e-13
6.68448e-14
2.77932e-13
6.48454e-14
1.13497e-12
2.48183e-13
3.63197e-13
4.16445e-13
1.22937e-13
2.57181e-13
3.7554e-13
6.97382e-13
3.52918e-13
3.92281e-13
3.38077e-13
7.56678e-13
4.76403e-13
7.81402e-14
1.95359e-13
4.03239e-13
8.08857e-13
3.26627e-13
6.30764e-13
3.35377e-13
4.09279e-13
6.44485e-13
2.14218e-13
2.52728e-13
5.80678e-13
3.81855e-13
1.3831e-13
5.97594e-13
6.28228e-13
7.07851e-13
7.42325e-13
7.21775e-13
1.24223e-13
4.1974e-13
2.21586e-13
5.8002e-13
1.93021e-13
1.55734e-13
7.76425e-13
3.39825e-13
3.65896e-13
6.19761e-13
2.28551e-13
4.5905e-13
8.32293e-13
6.4941e-13
3.60584e-13
5.13242e-13
5.09978e-13
9.12455e-14
1.62256e-13
4.99355e-13
1.91519e-13
2.42509e-13
1.46257e-13
1.06899e-13
5.39182e-13
4.31243e-13
1.05377e-13
1.75316e-13
2.36431e-13
1.90264e-13
1.13705e-12
1.4637e-13
3.7795e-13
1.28481e-13
1.61566e-13
7.1993e-13
