n=32
J=0.707107
eta=1.01266
mu=0.0253165
beta-optimal=0
max-overlap=0
0.000793522
0.00447894
0.000299156
0.00145023
0.00259984
0.000696776
0.000190977
0.00179064
9.95181e-05
0.000151529
0.00261524
0.000700188
0.000189453
0.00036516
7.63569e-05
0.00145927
0.000186797
0.00110082
0.000194527
0.000811777
0.00172093
0.00120699
0.000164725
0.000345844
0.000630639
0.000218146
0.00153647
0.00050298
0.000161013
0.000155667
0.000340783
0.000649845
0.000579087
3.90429e-05
0.000324256
0.000154818
8.48375e-05
0.000153358
0.000191628
0.000249507
0.000227305
3.82507e-05
2.50419e-05
0.000489712
0.000196148
0.000634275
0.000656824
0.000140059
0.000258705
0.000411471
0.00127889
2.57511e-05
0.00018351
0.000357189
0.000273424
0.000253054
0.000352097
0.000394967
0.000146133
0.000313507
0.00030525
0.000255779
0.000105293
0.000197643
0.00014407
2.37351e-05
0.000413823
0.000327171
0.000215195
5.55323e-05
2.11337e-05
0.000134648
2.98584e-05
3.18185e-05
0.000420305
5.44518e-05
3.51032e-05
0.000123226
8.74053e-06
0.000100401
8.05297e-05
0.000152061
0.000302257
0.000240642
9.57421e-05
0.000511844
4.93615e-05
0.000345273
8.39773e-06
2.85445e-05
0.000294422
8.29744e-05
5.35224e-05
0.000140744
0.000160712
0.000113907
4.42107e-05
7.7654e-05
3.36397e-06
0.000138823
2.77605e-05
7.83178e-05
0.000285442
0.000263207
1.2805e-06
0.000366578
5.57626e-05
0.000248197
6.65481e-05
0.000186733
9.54698e-05
5.92663e-05
4.35292e-06
2.73966e-05
5.14496e-06
0.000217787
4.73682e-05
4.2235e-06
0.000226061
1.36661e-05
2.69525e-05
3.21297e-05
1.09103e-05
2.91225e-05
6.70667e-05
4.80589e-05
0.000328665
8.32626e-06
7.65535e-05
1.00144e-06
2.41765e-05
3.07335e-05
0.000189385
9.72524e-05
5.29396e-05
0.000170966
5.29187e-05
0.000121211
0.00013176
6.24657e-05
0.000110266
2.07623e-05
1.61665e-05
6.38816e-05
7.27361e-06
4.44088e-05
0.000329017
1.22065e-05
8.348e-05
0.000125109
9.86154e-05
4.266e-05
8.39867e-05
3.94344e-05
4.59769e-06
0.000108165
8.82726e-05
3.02839e-05
6.32431e-05
9.41355e-05
1.88668e-06
5.97648e-06
0.000267483
7.10869e-06
3.98348e-05
0.000132418
4.67785e-05
1.12256e-05
9.04744e-05
0.000278517
1.93956e-05
4.39934e-05
0.000112006
5.46628e-05
7.48767e-05
6.23886e-06
3.22543e-05
1.42578e-05
0.000134486
2.96961e-05
3.66245e-05
1.42386e-05
0.00012818
2.85768e-05
5.01405e-05
0.000212249
8.10626e-05
2.15323e-05
1.98854e-05
2.07365e-05
8.80277e-05
5.37471e-05
1.15885e-05
2.02363e-05
2.32776e-05
5.83559e-05
3.96678e-05
1.51513e-05
0.000110156
0.00014846
3.69181e-05
1.84141e-05
1.27348e-06
4.55009e-05
4.58622e-06
0.000137949
4.1796e-05
1.92751e-05
7.99949e-05
1.59731e-05
4.2709e-05
4.19281e-05
3.57697e-06
6.9827e-05
0.000217299
3.79968e-05
3.28892e-05
9.89049e-05
8.24767e-05
4.57296e-06
7.91912e-07
4.80461e-05
6.21133e-06
0.000219597
2.99156e-05
0.000135907
1.56195e-05
3.06154e-05
0.000220311
3.73214e-05
6.36356e-05
0.000106867
1.38434e-05
3.88379e-05
7.84311e-05
5.72401e-05
6.69835e-05
5.19999e-05
2.71405e-05
0.000143808
6.48986e-06
2.76416e-05
5.53685e-05
0.000139004
6.65498e-05
1.63899e-05
3.26071e-05
0.000110241
5.04712e-05
3.11513e-05
7.31862e-05
0.000168898
2.8883e-05
1.66551e-05
2.30019e-05
2.73865e-05
