n=32
J=0.707107
eta=1.31646
mu=0.111392
beta-optimal=0
max-overlap=0
0.00275064
0.000571033
0.0012935
0.000747438
0.00180796
0.00090492
0.00175387
0.00213068
0.00134772
0.00290852
0.0027695
0.00139054
0.00157367
0.00157621
0.000478838
3.61481e-05
0.000134659
0.000353522
0.00236294
0.00121486
0.00109065
0.00382363
0.000419674
0.00133441
0.00116537
0.000865789
0.00130029
0.000743672
0.000239388
0.00117016
0.000664059
0.00129602
0.0017683
0.000300258
0.000329261
0.00106013
0.000883037
0.00181758
0.0010615
0.00100436
0.000983013
0.000207012
0.000514768
0.000557051
0.000317918
0.000398503
0.00125367
0.000746106
0.00076311
0.00117277
0.00164772
0.00102269
0.000304261
0.000423332
0.00127471
0.000931841
0.00172829
0.00196925
0.000605853
0.000648208
0.00105265
0.000901216
7.71247e-06
0.00111
0.000530027
0.000187203
0.000113073
0.000692043
0.000584354
0.000145317
0.000367923
0.000561376
0.000140975
0.000477767
0.00192798
0.00108305
0.00020958
0.000209691
0.000165219
0.000519458
0.000114502
0.000690121
0.000670659
0.000207651
0.000171773
0.000138427
0.000190929
0.000261837
0.000359025
0.000254611
0.00106355
0.000286351
0.000955614
0.00030246
0.000218038
0.000532171
0.00101596
0.000980675
0.000151781
0.00159482
0.000384963
0.000302888
0.00074624
0.00118797
0.000663386
0.0014277
0.00054823
0.000525953
4.73499e-05
0.000248735
0.000956424
0.00011657
0.000312444
0.000224574
0.000258247
0.000259212
0.00028515
0.00010239
0.000721235
0.000253138
8.768e-05
0.000210686
0.000661464
0.000245509
0.00024557
0.000654028
0.000552008
0.00016794
0.000285811
0.000356418
0.00108256
8.13732e-05
0.000799356
0.000331296
0.000109476
8.44335e-05
0.000169148
0.000330399
0.000438609
0.000203275
0.00140275
5.96806e-05
0.000628265
0.000105267
0.000172735
0.000140034
0.000667848
0.000156825
0.000276664
0.000109489
1.33287e-05
3.96058e-05
0.000249836
0.000101006
8.96017e-05
0.000261147
0.000306183
6.90346e-05
0.0008617
0.000663249
0.000551385
0.000296505
0.000577083
0.000381502
0.000218176
0.000113174
0.000330431
0.00013348
0.000324238
0.000773827
9.97504e-06
0.000295499
0.000202366
0.000320228
0.000771474
0.000109655
0.000221543
0.000143704
8.26935e-05
0.000637639
6.05279e-05
0.000193291
0.000437339
5.73233e-05
0.000413849
0.000588889
0.000121712
4.7955e-05
0.000125345
0.000226415
2.68483e-05
0.000527073
0.000398113
0.000531239
4.47918e-05
0.000293659
0.000538207
0.000131958
0.0002221
4.17606e-05
0.000309093
0.000274199
0.000173093
0.000422909
3.67092e-05
3.79013e-05
0.000282385
0.000553538
9.97154e-05
0.000277673
0.000261203
0.000199958
0.000136177
0.000557196
0.000308261
0.000330572
0.000284297
0.000481406
0.000575227
0.000262317
0.000543221
0.000177216
0.000173871
0.000200758
0.000281172
0.000186256
0.000108542
0.000250635
0.000282008
3.54277e-05
8.72374e-05
0.000464593
9.51868e-05
0.000434031
0.000181599
0.000123593
0.00037188
3.92236e-05
1.89179e-05
9.52724e-05
0.000113322
0.000841913
0.000213898
9.07207e-05
0.000312742
9.7334e-05
3.94383e-05
0.000629005
0.000473502
0.000288545
0.000423475
0.000226082
0.000260234
6.36132e-05
0.000118809
5.0881e-05
