n=32
J=0.707107
eta=1.11392
mu=0.00253165
beta-optimal=0
max-overlap=0
3.52889e-13
1.12581e-12
2.98132e-13
4.24638e-13
1.07981e-13
2.75276e-13
1.60031e-13
2.60593e-13
8.80502e-14
5.30249e-13
9.51095e-14
5.28528e-12
2.54682e-12
1.60148e-12
9.01474e-13
2.93812e-13
1.0503e-13
1.45388e-13
8.95832e-14
1.363e-13
2.74024e-13
2.66454e-13
5.85939e-14
2.24552e-13
3.81593e-13
2.51843e-13
3.47928e-14
1.73615e-13
2.17597e-13
8.54481e-14
1.05198e-13
2.56807e-14
2.31005e-13
3.90442e-14
1.11944e-13
7.17309e-14
8.74668e-14
1.60295e-13
3.39375e-14
6.54004e-14
1.11713e-13
1.39619e-13
4.84188e-14
9.9063e-14
6.49498e-14
1.01679e-13
1.02903e-13
6.13856e-13
1.70137e-12
1.79635e-12
3.46393e-13
2.48036e-12
5.32301e-13
1.89369e-13
1.015e-13
3.83713e-14
8.95866e-14
4.73598e-14
5.80908e-14
1.282e-13
5.39272e-14
1.75497e-13
8.36077e-14
4.1424e-14
5.01225e-15
4.77291e-14
4.71501e-14
1.32009e-13
5.77422e-14
5.83635e-15
2.21019e-14
3.87344e-14
4.44502e-14
6.62375e-14
2.51576e-14
8.60399e-14
6.24733e-14
4.88749e-14
4.10325e-14
8.96202e-14
6.21161e-14
1.69023e-14
3.38907e-14
3.68437e-14
3.46324e-14
3.05281e-14
2.54857e-14
6.61079e-14
3.67196e-14
6.18246e-14
9.54146e-14
3.44292e-14
3.60321e-14
7.28715e-14
2.32155e-14
6.16639e-14
6.91769e-14
2.36831e-14
6.9447e-14
3.21321e-13
3.85543e-13
1.18064e-12
1.45608e-12
1.10648e-12
5.57465e-13
8.09819e-13
4.03797e-13
7.86291e-15
1.49382e-14
4.68615e-14
5.41016e-14
5.95788e-14
6.93712e-14
3.20893e-14
4.94537e-14
6.44308e-14
3.04752e-14
1.36917e-14
3.2509e-14
8.91754e-15
7.09445e-15
1.67438e-14
2.02932e-14
5.52029e-14
1.28104e-14
7.69864e-14
4.64613e-15
1.3664e-14
1.07974e-14
4.31454e-14
3.01566e-14
2.55005e-14
2.32166e-14
2.20659e-14
5.37611e-14
8.30178e-14
3.1578e-14
6.36081e-15
7.89816e-14
2.69717e-14
3.71375e-14
2.06178e-14
4.544e-14
6.94087e-15
2.28193e-14
4.73221e-14
6.72048e-14
2.39956e-14
5.51568e-14
3.56967e-15
4.59129e-14
3.37968e-15
7.10146e-14
6.17448e-14
2.85601e-14
7.41503e-14
7.766e-14
8.62474e-14
1.77891e-13
3.32045e-13
4.51407e-13
9.62997e-13
1.33067e-12
2.17119e-13
2.22664e-13
6.82239e-14
3.02862e-14
2.33173e-14
3.93406e-15
3.16109e-14
2.67232e-14
8.70221e-15
3.00605e-15
1.87274e-14
1.67048e-14
1.10512e-14
1.43064e-14
1.64646e-14
3.87181e-14
3.98079e-14
3.65244e-14
4.32941e-14
2.10925e-14
3.44964e-14
4.51345e-14
1.55232e-14
8.8608e-15
2.07997e-14
1.70552e-14
1.1562e-14
1.29869e-14
4.34155e-14
1.11599e-14
9.0011e-15
8.38373e-15
2.37573e-14
1.16835e-14
1.64228e-14
6.69936e-14
3.50497e-14
2.42116e-14
4.55246e-15
2.13191e-14
1.24479e-14
2.29937e-14
2.16197e-14
4.17275e-14
8.49007e-14
1.16698e-13
1.53876e-13
5.31332e-13
1.41726e-12
4.31863e-13
2.33694e-13
2.35392e-13
1.88442e-14
3.10539e-14
3.14335e-14
7.04293e-14
9.68778e-15
1.67921e-14
3.37754e-14
2.34754e-14
4.68431e-14
2.41787e-14
1.13179e-13
1.166e-14
3.26011e-14
1.63975e-14
9.17092e-15
2.16205e-14
4.10526e-14
2.54712e-14
2.62869e-14
1.67437e-14
5.70857e-14
5.01607e-15
1.57624e-14
3.06588e-14
1.42336e-14
3.25873e-14
7.01815e-14
1.96777e-12
6.94142e-13
7.24649e-14
1.78841e-13
2.3738e-15
7.60415e-14
2.03321e-14
7.42722e-15
5.13348e-14
4.40624e-14
3.4496e-14
3.68783e-14
1.50705e-14
3.80847e-14
