n=32
J=0.707107
eta=1.11392
mu=0.0278481
beta-optimal=0
max-overlap=0
1.08539e-11
6.01983e-12
8.52385e-12
3.83143e-12
1.59154e-11
1.07856e-11
3.47107e-12
2.87441e-12
6.94325e-12
3.09599e-12
8.45501e-12
1.93591e-11
7.47965e-12
5.16649e-12
3.44205e-12
9.60041e-12
5.64179e-12
7.31498e-13
5.14386e-12
1.74594e-12
3.25022e-12
5.88375e-12
5.72925e-12
3.42977e-12
9.06065e-12
5.15704e-12
2.53507e-12
2.73703e-12
3.72823e-12
1.17967e-12
2.74694e-12
3.0652e-12
3.02165e-12
2.30933e-12
6.86299e-13
9.43156e-13
1.61626e-12
1.54207e-12
2.57791e-12
1.99349e-12
2.35237e-12
1.42231e-12
2.78769e-13
1.67966e-12
6.01357e-12
2.86768e-12
2.73435e-12
2.96801e-12
2.0433e-12
8.88163e-14
4.31257e-12
2.50104e-12
2.03432e-12
4.4254e-12
1.18358e-12
1.93768e-12
4.09199e-13
9.80356e-13
6.10449e-13
3.00638e-12
7.18578e-13
1.21308e-12
1.61404e-12
1.19197e-12
1.17494e-12
8.24152e-13
2.26145e-12
1.3336e-12
1.16932e-12
8.36082e-13
4.28529e-13
3.71074e-13
1.95876e-12
3.97876e-12
1.7799e-12
3.66182e-12
4.31553e-13
2.22177e-12
5.42747e-13
1.08381e-12
1.70689e-12
7.73946e-13
7.73846e-13
4.91602e-13
1.29827e-12
7.2606e-13
4.72356e-13
2.11741e-13
2.26154e-12
5.20586e-13
6.58262e-13
2.36572e-12
8.61461e-13
2.75351e-12
3.95756e-13
1.16795e-12
9.65401e-13
7.78772e-13
1.38033e-12
1.41921e-12
6.33271e-13
2.09173e-12
1.11048e-12
4.729e-13
1.51507e-12
1.40257e-12
1.81555e-12
1.62537e-12
1.38137e-12
1.64062e-12
3.11629e-13
9.79553e-13
6.79862e-13
8.06598e-13
3.42129e-13
2.61303e-12
9.9207e-13
3.97402e-13
5.98874e-13
8.69701e-13
1.77745e-13
1.98204e-13
1.85311e-13
4.79006e-13
8.47377e-13
3.60816e-13
2.02995e-13
1.74948e-12
5.49315e-13
1.40723e-12
2.2357e-12
1.05484e-12
1.37182e-12
4.18633e-13
1.77252e-12
4.26877e-13
8.51385e-13
1.44023e-12
2.52662e-13
3.74495e-13
1.26605e-12
1.35095e-12
4.19989e-13
1.44717e-13
6.6633e-13
6.07987e-13
2.1444e-13
2.022e-13
1.4751e-12
1.0546e-12
9.22196e-13
3.46314e-13
7.95848e-13
1.23996e-12
2.31893e-13
6.87586e-13
3.88987e-13
4.47599e-13
8.33614e-13
6.88298e-13
1.30419e-12
1.39506e-13
1.71039e-12
6.51966e-13
1.03066e-12
3.66824e-13
6.38282e-13
8.46968e-14
1.02367e-12
1.2623e-13
2.78064e-13
3.68916e-13
4.72031e-13
7.09284e-13
3.47701e-13
3.18272e-13
8.0893e-14
6.28325e-14
7.58374e-13
4.99927e-13
4.39252e-13
7.5919e-14
2.99905e-13
4.80831e-13
1.4797e-12
3.54317e-13
5.2966e-13
3.93987e-13
8.06006e-13
3.69317e-13
1.09556e-12
5.64754e-13
5.49275e-13
4.80101e-13
3.25476e-13
2.33828e-13
4.74315e-14
1.10406e-13
3.11564e-13
1.82204e-13
8.83635e-13
4.35586e-13
1.40724e-13
3.06211e-13
4.46431e-13
5.35455e-13
7.73081e-13
3.06779e-13
2.86994e-13
6.28114e-13
1.48829e-13
9.33787e-13
1.40032e-12
8.72359e-13
4.13595e-13
6.67974e-13
3.1677e-13
3.25896e-13
1.03452e-12
5.27547e-13
1.25321e-13
1.93873e-13
5.88654e-13
5.45858e-13
2.90681e-13
1.77054e-13
3.61027e-13
3.05666e-13
1.1591e-13
4.89404e-13
1.91539e-13
1.42689e-13
5.05251e-13
2.0381e-13
1.22899e-12
9.17105e-13
2.43034e-13
2.90641e-13
6.35223e-13
5.18407e-13
1.34656e-13
9.73887e-13
1.41187e-12
6.63612e-13
5.98787e-13
4.83044e-13
4.92331e-13
1.31022e-13
1.17016e-13
1.02661e-12
1.08398e-12
3.39975e-13
3.88195e-13
4.32336e-13
8.82622e-14
3.64705e-13
