n=32
J=0.707107
eta=1.03797
mu=0.0632911
beta-optimal=0
max-overlap=0
4.54163e-11
4.96757e-11
2.98841e-11
3.04455e-11
2.29505e-11
1.7514e-11
1.808e-11
8.96966e-12
8.70045e-12
6.34956e-12
2.12874e-11
2.23071e-11
3.83933e-12
6.60201e-12
3.60571e-12
1.59659e-11
1.16415e-11
1.46274e-11
7.01755e-12
1.89858e-12
8.12696e-12
1.04993e-11
6.50607e-12
7.6737e-12
1.18303e-11
6.22143e-12
1.17356e-11
1.06217e-11
1.08215e-11
2.82687e-12
5.15331e-12
4.07757e-12
1.08595e-12
1.75347e-12
4.72819e-12
2.58412e-12
2.56754e-12
2.65302e-12
2.89513e-12
2.2238e-12
5.36436e-12
1.74197e-12
3.12065e-12
2.48062e-12
1.37778e-12
3.89072e-12
3.58878e-12
2.33959e-12
3.81125e-12
7.13176e-13
4.5902e-12
1.7068e-12
5.56103e-12
2.152e-12
4.42473e-12
4.91247e-12
4.11594e-12
4.32691e-12
1.40491e-12
2.37606e-12
4.47981e-12
1.24772e-12
3.91879e-12
3.78662e-12
8.00398e-13
1.97062e-12
4.64889e-12
1.7831e-12
2.50061e-12
2.24892e-12
2.09616e-12
5.75956e-13
1.44131e-12
1.56152e-12
1.43292e-12
4.12865e-12
5.30195e-13
1.63371e-12
2.39667e-12
2.55653e-12
2.18513e-12
7.54058e-13
5.42365e-13
1.36772e-12
2.46634e-12
1.6359e-12
1.87624e-12
6.94301e-13
1.4596e-12
1.10646e-12
8.0668e-13
2.6598e-12
1.42984e-12
1.30529e-12
4.71629e-13
6.76994e-13
1.2777e-12
3.6598e-12
2.30972e-12
8.35382e-13
1.22781e-12
1.20334e-12
7.99148e-13
7.25528e-13
8.82607e-13
1.1347e-12
6.1872e-13
5.16046e-13
1.10289e-12
3.90791e-13
3.27284e-12
1.96108e-12
3.55676e-13
7.31882e-13
7.18498e-13
2.11134e-12
2.07743e-13
1.78472e-12
3.47049e-12
8.55953e-13
1.64827e-12
8.15656e-13
2.34141e-12
6.27731e-13
3.05851e-12
1.18865e-12
1.72286e-12
1.61736e-12
1.05992e-12
1.29241e-12
2.20093e-13
1.31536e-12
4.57591e-13
1.00141e-12
7.97942e-13
1.60392e-12
1.56021e-12
1.57179e-12
1.06631e-12
2.79236e-12
3.87811e-13
1.02014e-12
1.8047e-12
1.23718e-12
2.26107e-12
1.37888e-12
9.81762e-13
1.36407e-12
1.09022e-12
1.33726e-12
1.34132e-12
5.325e-13
9.2931e-13
4.79448e-13
2.03661e-13
7.61019e-13
2.16593e-12
8.61524e-14
1.49103e-13
1.39978e-12
6.14992e-13
2.00682e-12
1.63859e-12
1.3465e-12
7.01395e-13
3.62481e-13
1.21426e-12
1.98049e-12
1.20688e-12
6.60845e-13
6.67732e-13
2.81602e-13
1.22563e-12
1.24087e-12
6.94414e-13
9.57809e-13
3.31621e-13
8.15471e-13
7.90782e-13
7.98568e-13
8.36693e-13
5.12311e-13
1.28676e-12
8.74063e-13
5.59697e-13
4.75913e-13
5.26142e-13
1.41569e-12
1.01468e-12
1.38393e-12
1.08543e-12
1.51375e-13
1.06507e-12
9.56888e-13
3.71123e-13
1.36339e-13
2.77265e-13
5.06066e-14
3.69217e-13
7.22446e-13
8.28021e-13
1.35762e-12
7.03645e-13
6.69981e-13
4.10237e-13
1.25984e-12
4.98979e-13
2.96197e-13
2.21987e-13
3.70439e-13
2.86296e-13
8.86218e-13
5.05556e-13
7.06451e-13
8.63938e-13
2.11368e-13
4.25191e-13
7.70124e-13
8.67272e-13
7.85142e-13
2.18746e-13
6.38531e-13
3.26627e-13
6.23662e-13
3.54231e-13
5.22257e-13
7.33569e-13
2.63054e-13
7.89578e-13
5.57943e-13
3.01924e-13
2.42651e-13
2.17336e-13
7.34785e-13
5.03367e-13
7.73065e-13
1.42987e-13
1.05834e-13
6.8313e-13
3.64857e-13
3.33684e-13
9.96567e-13
3.18828e-13
2.26537e-13
1.07729e-12
7.26317e-13
5.81341e-13
2.86864e-13
3.56402e-13
3.44406e-13
1.80683e-13
1.00006e-12
5.44776e-13
4.67216e-13
1.21882e-13
5.03711e-13
