n=32
J=0.707107
eta=1.08861
mu=0.0810127
beta-optimal=0
max-overlap=0
0.00437213
0.0050326
0.00257152
0.00296613
0.00170347
0.00263993
0.00139738
0.0029159
0.000904823
0.00248888
0.00218777
0.00339635
0.00219806
0.00137083
0.00241473
0.000104761
0.000476653
0.00150697
0.00196875
0.00210127
0.00157475
0.0020408
0.00102126
0.00229918
0.0021104
0.000898883
0.00101629
0.00105282
0.000197772
0.00143593
0.000592557
0.00257391
0.000219508
0.00131903
0.00119858
0.00151473
0.0021257
0.00190156
0.000593713
0.00100125
0.00211
0.00078742
0.000855512
0.00201743
0.000311022
0.000863591
0.000441951
0.000107828
0.00139994
0.000202748
0.000481676
0.000401402
5.04565e-05
0.000203594
2.10126e-06
1.39077e-06
0.000357985
0.000763648
0.000187796
0.000245388
0.00141265
0.000229146
2.77114e-05
0.000433753
0.00047935
0.00105593
0.000432046
0.000138988
0.000179033
0.000654695
0.000906022
0.000155014
0.00012472
0.000262165
0.000154677
0.000868424
0.000779265
0.00152467
0.000486332
0.000638595
6.47578e-05
6.35067e-05
0.000585296
0.000183268
6.74937e-05
0.000104263
0.000183824
0.000167507
0.000520301
0.000517333
0.000159135
0.000870579
0.000614912
0.000602179
0.000463201
0.000387219
0.000559285
0.000421166
0.000279804
0.000796733
0.000148643
0.000348388
0.000282434
0.000146359
0.000171622
0.000125938
0.000273496
0.000309542
0.000509941
0.000645794
0.000141405
0.000158949
0.000283512
0.000444105
0.000756592
0.000120332
3.36372e-05
0.00061159
6.05047e-06
0.000396336
0.000176988
0.00063159
0.000322202
0.000324854
0.000908207
0.000542552
0.000628971
0.000345963
0.00016206
0.000463892
0.000607571
0.000770477
0.000173721
0.000590163
0.000236298
5.90414e-05
1.84978e-05
0.000285998
0.000754318
0.00049785
0.000238343
0.000835247
2.69306e-05
0.000256622
5.3967e-05
0.000595315
0.000423721
0.000269949
0.000207535
2.94636e-05
1.41034e-05
3.04496e-05
8.14071e-05
0.000153934
5.51892e-05
8.12417e-05
0.000590427
0.000326877
0.000350356
0.000382855
7.1939e-05
1.65283e-05
0.000122598
8.9589e-05
0.000275971
0.000234625
7.80972e-05
8.31644e-05
0.000548544
0.00014749
0.000132883
8.91848e-07
6.52332e-05
0.000175891
0.000437132
0.000143953
2.4652e-05
3.12881e-05
0.000183764
0.000645784
0.000286025
0.000246565
8.94601e-05
0.00020615
0.000490946
1.93153e-05
0.000249447
0.000166138
0.000133107
0.000168542
0.000366989
1.3009e-06
9.4813e-05
0.000367747
1.02747e-05
6.71013e-05
0.000306912
0.000330639
0.000516022
0.000344135
8.16254e-05
0.000173037
4.87178e-05
0.000237745
0.000268587
0.000195473
0.00030791
0.000265474
5.64384e-05
0.00010161
0.000230642
1.29063e-05
0.000130378
0.000167471
0.000619007
9.17794e-05
1.81182e-05
0.000147044
0.000220239
0.000303791
0.000292287
0.000379669
0.000236954
0.000401587
0.000363104
0.00013964
5.96901e-05
9.00056e-05
0.000157915
0.000243825
0.000251379
0.000370535
0.000137233
2.67665e-05
0.00010523
9.83063e-05
0.000168296
0.000151208
2.35289e-05
0.000148073
0.000318705
0.000158004
5.90404e-05
0.000352942
7.10339e-05
8.80388e-05
0.00021955
2.37977e-05
0.000211478
0.000151376
2.72313e-05
0.000116631
5.41342e-05
0.000101122
7.18816e-05
5.13235e-05
