n=32
J=0.707107
eta=1.08861
mu=0.0556962
beta-optimal=0
max-overlap=0
0.00444172
0.000791755
0.000188857
0.00485506
0.00573137
0.00341156
0.000137824
0.00226643
0.00237649
0.00128239
0.00306998
0.00287257
0.00305049
0.00363487
0.00190054
0.00179485
0.0022993
0.00461309
0.000611172
0.00353519
0.00191709
0.000839537
1.64693e-05
0.000756497
0.000116493
0.0019267
0.000659222
0.000700307
0.000712205
0.000326363
0.00190376
0.00174685
0.000635177
0.00087161
0.00110149
0.000663005
0.00159108
4.30753e-05
0.000370647
3.72374e-05
0.000515743
3.18114e-05
0.00113123
0.0010383
0.000467183
0.000158083
0.000182845
5.26542e-05
0.00113219
0.000274653
0.000248458
0.00016793
0.000645116
0.000613703
0.0008471
0.000626423
0.000294292
0.000668941
0.000170776
0.000840065
5.82499e-05
0.00088504
0.000413996
0.000118331
0.000792376
8.96862e-05
6.48338e-05
0.000392412
0.000948441
0.000587964
0.000194747
0.000233845
0.000509184
0.000684067
0.00076851
0.00107738
0.000228351
0.000569605
0.000324195
0.00110117
0.000534388
0.000129284
0.00015187
0.000460308
0.000435059
1.04296e-05
0.000387639
0.000558061
0.000406354
0.000480952
0.000133624
2.36209e-05
0.000223907
0.000455958
0.00066141
2.04379e-05
2.05412e-06
0.000407329
0.000153313
0.000487157
5.01702e-05
8.2754e-06
0.000271162
0.000169236
0.00063512
4.73895e-05
0.000253532
0.000191092
0.000166903
0.000266992
0.000171408
0.00035498
0.000105614
9.46438e-05
0.000218725
9.94716e-05
0.00011423
2.79839e-05
9.48867e-05
7.60463e-05
2.4394e-05
0.000392769
5.29495e-05
0.000385666
0.000497789
6.88376e-05
0.000179367
0.00017182
0.000139485
0.000189033
0.000161789
0.000285871
3.41509e-06
1.58825e-06
3.94573e-05
0.000681782
0.000448005
0.000467583
0.000146806
0.000616921
0.00146657
2.28681e-05
0.00028273
0.000295537
0.000148259
0.000112932
0.000482802
0.000384618
0.000283484
0.00035102
0.000354655
0.00020514
0.000351178
0.000108077
1.453e-05
0.000468268
3.07239e-05
0.000138061
8.83183e-05
0.000399198
0.00020717
0.000267912
0.000228385
2.04502e-05
3.30454e-06
0.000268532
0.000157995
0.000103743
5.49365e-05
6.11642e-05
6.85014e-05
0.000128473
1.50103e-05
0.00011821
0.000328933
1.77527e-05
4.28353e-06
0.000372881
0.000179951
1.01173e-05
1.2927e-05
0.000133773
6.26111e-05
6.96595e-05
0.00012713
0.000155814
0.000166908
0.000110544
7.9533e-05
0.000205467
0.000259795
0.000157975
0.000219836
7.40679e-05
0.000184521
0.000177428
0.00042638
0.000278549
0.000165068
4.13479e-05
0.00032983
5.44142e-05
7.11097e-05
0.000320066
0.000124611
0.000339886
4.25581e-05
0.000181458
0.000135121
0.000284218
0.000150798
3.47802e-05
9.79221e-05
3.47707e-05
0.000214379
0.000137877
0.000424229
6.44289e-05
7.03876e-05
0.00016128
0.000312859
4.16742e-06
3.85647e-05
0.000429938
0.000260407
8.56786e-05
6.3459e-05
2.34483e-05
0.000162825
1.17529e-05
9.94466e-05
2.31355e-05
0.00037941
0.000117157
0.000186788
0.000184826
7.37837e-05
0.000311358
0.000193826
0.000195465
0.000295158
0.000175912
0.00022757
0.000295156
0.000219851
0.000160447
0.00014168
0.000103276
0.000155898
0.000231452
0.000130832
2.06404e-05
0.000257824
5.39856e-05
0.000122664
0.000139308
