n=32
J=0.707107
eta=1
mu=0.162025
beta-optimal=0
max-overlap=0
0.214567
0.193887
0.18702
0.1766
0.170845
0.169532
0.159259
0.156752
0.147745
0.149271
0.146113
0.140293
0.136733
0.12925
0.137116
0.130054
0.129359
0.125626
0.11065
0.116181
0.112328
0.114362
0.111039
0.110949
0.104668
0.102648
0.0996525
0.100933
0.096058
0.100908
0.0952746
0.0942929
0.0982161
0.0937339
0.0915066
0.0900384
0.0854993
0.0896081
0.0895848
0.0825434
0.0833468
0.0811131
0.0773208
0.077513
0.0773124
0.0747179
0.0732278
0.073688
0.0726428
0.0736854
0.0709924
0.0690852
0.0722573
0.0696006
0.067282
0.066204
0.0646477
0.0648829
0.065161
0.0647132
0.0642248
0.0634451
0.0609963
0.0635399
0.0613348
0.0607586
0.0620452
0.0585975
0.0600248
0.0586543
0.0561012
0.0574278
0.0553426
0.0577103
0.0555133
0.0560592
0.0523344
0.0530617
0.0527244
0.0490598
0.0529531
0.0510987
0.0514543
0.0506488
0.0495847
0.0499616
0.0490363
0.0468625
0.0474418
0.0483245
0.0463666
0.0471063
0.0457465
0.0456436
0.0437272
0.0440879
0.0438063
0.0443875
0.0440156
0.0424603
0.0421652
0.0415148
0.0416732
0.0392591
0.039872
0.0395804
0.0405813
0.0398409
0.0386689
0.0383898
0.0378578
0.0387222
0.0389181
0.0374234
0.036596
0.0370106
0.0352407
0.0357406
0.0366324
0.0343563
0.0359723
0.0345892
0.0336883
0.0340119
0.0339722
0.0336032
0.0331669
0.0331394
0.0337922
0.0339805
0.0326694
0.0329865
0.033177
0.0319176
0.0322155
0.0326098
0.0293236
0.0304528
0.0316029
0.0305952
0.0308893
0.0292698
0.0288532
0.0294032
0.0294209
0.0284592
0.0291487
0.0291095
0.0286048
0.0277447
0.0276744
0.0273314
0.0269773
0.0270407
0.0274505
0.0271026
0.0260352
0.026062
0.0255016
0.0260386
0.0255936
0.0245821
0.0261982
0.0249917
0.0252868
0.0252612
0.0246384
0.0241422
0.0244692
0.024575
0.0238074
0.0230991
0.0237216
0.0234667
0.0233407
0.0229863
0.0225166
0.0225173
0.0225285
0.022269
0.0214955
0.0221928
0.021365
0.0217675
0.0213974
0.02082
0.0211752
0.0209081
0.0204467
0.021105
0.0203424
0.0195116
0.0203903
0.0203689
0.0192277
0.0199268
0.0197409
0.0195056
0.0191406
0.0192666
0.019431
0.0187062
0.019194
0.0187482
0.0187027
0.0185899
0.0187918
0.0175869
0.0180456
0.0174159
0.0178178
0.0178977
0.0176064
0.0173798
0.0171657
0.0172668
0.0170218
0.0171473
0.0164252
0.0164867
0.0169431
0.0158431
0.0162606
0.0156418
0.0161554
0.0157957
0.0156887
0.0159261
0.0155428
0.015412
0.0153072
0.0151987
0.0148195
0.0144021
0.0150321
0.0148589
0.0141958
0.0140221
0.0140381
0.0142029
0.0140176
0.0139833
0.0136301
0.0138076
0.0131458
0.0134236
0.0129669
0.0130327
0.0126071
0.0125255
0.0120081
0.0121174
0.0123312
0.012107
0.0118698
0.0116841
