n=32
J=0.707107
eta=1
mu=0.134177
beta-optimal=0
max-overlap=0
0.247529
0.224395
0.220236
0.211916
0.198603
0.194867
0.16963
0.167054
0.166747
0.160392
0.147154
0.147304
0.152546
0.141862
0.142154
0.142059
0.14188
0.129188
0.125234
0.119578
0.107879
0.111087
0.104163
0.102853
0.0991004
0.10377
0.103455
0.097787
0.0939184
0.0879985
0.0925308
0.0904873
0.0869571
0.0824263
0.0796719
0.0802953
0.0791323
0.0751699
0.0754107
0.0761033
0.0736593
0.0713708
0.0736679
0.0708215
0.0670996
0.0696064
0.0661859
0.0616221
0.0666724
0.0611517
0.0665013
0.0599489
0.0605421
0.0580631
0.0579179
0.0587091
0.0550575
0.0554949
0.0568644
0.0573269
0.0514502
0.0537266
0.0524323
0.0528677
0.0531955
0.0549756
0.0477201
0.0491707
0.0478742
0.0461001
0.0473381
0.0474421
0.0450225
0.0488079
0.0435647
0.0453806
0.0439092
0.0435578
0.0427993
0.0413905
0.0421834
0.0423947
0.039393
0.0383623
0.0383039
0.0382092
0.0402075
0.0393807
0.0369015
0.0368861
0.0360809
0.0367464
0.0359909
0.0369709
0.0355438
0.0349697
0.0338726
0.0332711
0.033415
0.0350473
0.033001
0.0324255
0.0333787
0.0319328
0.0318267
0.0315587
0.0327916
0.0326121
0.02938
0.0299908
0.0300337
0.0271193
0.0287936
0.0291899
0.0292794
0.0280262
0.0287163
0.0274434
0.0282289
0.0272307
0.0292921
0.0282694
0.0263211
0.0265574
0.0269312
0.0259685
0.0249123
0.0253138
0.0255603
0.0251563
0.0246004
0.0244172
0.0235986
0.0241717
0.0237508
0.0233612
0.022793
0.0230807
0.0229212
0.0226436
0.0219074
0.021927
0.0218741
0.0222152
0.0215462
0.0206753
0.0206585
0.0218324
0.0204105
0.0211
0.0210221
0.0200515
0.0201706
0.0197039
0.020529
0.0189175
0.0192565
0.0186614
0.0196989
0.01837
0.0181262
0.0189713
0.018794
0.0181353
0.018116
0.0183444
0.0182099
0.0181633
0.0173457
0.016517
0.0180517
0.0173941
0.017294
0.0175498
0.0165651
0.0164654
0.0168927
0.0163154
0.0168177
0.0158777
0.0158671
0.0160692
0.0157236
0.0159366
0.0156306
0.0153267
0.0150981
0.0152658
0.0151696
0.0148502
0.0145416
0.0151863
0.0148949
0.0145886
0.0143126
0.01418
0.0143191
0.0140911
0.0140944
0.0147437
0.0138575
0.0135688
0.0132761
0.0139869
0.0133339
0.0128235
0.0134044
0.0129416
0.013084
0.0123436
0.0124969
0.0122981
0.0118538
0.0121207
0.012079
0.0117619
0.0119384
0.0117138
0.0117846
0.0119972
0.0115421
0.0113576
0.0113157
0.0112939
0.0110361
0.0113746
0.0108724
0.0112663
0.0109204
0.0105553
0.0104931
0.0103578
0.0106407
0.0103074
0.0106093
0.0105152
0.0101178
0.00987936
0.00981844
0.00963917
0.00996757
0.00985565
0.00951041
0.0095806
0.0092102
0.00923275
0.00931577
0.00900534
0.00871654
0.0087521
0.00846875
0.00849126
0.00828562
0.00818725
0.00826738
0.00771775
