n=32
J=0.707107
eta=1
mu=0.0582278
beta-optimal=0
max-overlap=0
0.446698
0.373357
0.313598
0.32223
0.211622
0.170022
0.164971
0.153471
0.147608
0.147156
0.118586
0.102725
0.105171
0.106312
0.0861191
0.0742109
0.0913331
0.0833516
0.0788081
0.069224
0.0665421
0.0695897
0.0745627
0.0508311
0.0492624
0.0532453
0.0472719
0.051907
0.0507947
0.0500654
0.0485245
0.0441378
0.0439702
0.0427339
0.0397394
0.0397331
0.0313467
0.0409248
0.0328131
0.0304065
0.0289999
0.0300345
0.0294989
0.0276234
0.0303123
0.0317417
0.0277221
0.0299141
0.0232561
0.0241709
0.029716
0.0210579
0.0227807
0.0211757
0.0213031
0.0218672
0.02371
0.0207891
0.0212257
0.0184614
0.0189754
0.0195031
0.0172791
0.0178535
0.0200137
0.0169
0.0193332
0.0165913
0.0138382
0.0165622
0.0168467
0.0162783
0.015156
0.0152057
0.01442
0.0144706
0.0141025
0.0136018
0.0129835
0.0129387
0.0123984
0.0119788
0.012278
0.0125956
0.0118813
0.01258
0.0125761
0.0119964
0.0110375
0.0123418
0.00985359
0.0110312
0.0113362
0.0103942
0.0103301
0.0102593
0.00911709
0.00979834
0.0097954
0.0094243
0.0106304
0.00892585
0.00835626
0.00911157
0.00913034
0.00942438
0.00883263
0.00799024
0.00822428
0.00900689
0.00820094
0.00856116
0.00821646
0.00923231
0.00778942
0.00823609
0.00685863
0.0073306
0.00806276
0.00716714
0.00781201
0.0068363
0.00744549
0.00606763
0.00735886
0.0066641
0.0061458
0.0068175
0.00725971
0.00613816
0.00621054
0.00616887
0.00518956
0.00531281
0.0058809
0.00605128
0.00588571
0.00571049
0.00595122
0.00593879
0.00593738
0.00544396
0.00589897
0.00602498
0.00613478
0.00501462
0.00510408
0.00607862
0.00550605
0.00494602
0.00496722
0.00517459
0.00442737
0.00471562
0.00504241
0.00453767
0.00484577
0.00464573
0.00427233
0.00485372
0.00464322
0.00408875
0.00433728
0.0041295
0.00435174
0.00381202
0.00480657
0.004616
0.00407918
0.00399746
0.00422912
0.00395304
0.00385297
0.00396454
0.00351263
0.00386314
0.00395134
0.00393629
0.00423354
0.00367945
0.00330597
0.00351985
0.00375899
0.00363734
0.00367001
0.00415182
0.00357674
0.00346445
0.00314127
0.00312102
0.00370114
0.00327389
0.00331218
0.0030465
0.00294356
0.00294158
0.00261404
0.00305755
0.00301604
0.00327018
0.00277673
0.00298932
0.00280153
0.00296167
0.00270438
0.00313878
0.00287056
0.00275432
0.00284509
0.00302552
0.00262052
0.00263208
0.00272215
0.00296457
0.0024533
0.00280625
0.00249883
0.00259056
0.00264807
0.00226248
0.00247513
0.00259676
0.00241097
0.00259297
0.00241937
0.00248858
0.00241254
0.00239378
0.00247316
0.00245117
0.0025193
0.00223341
0.00232296
0.00209326
0.00207227
0.00205156
0.0021912
0.00194657
0.00210886
0.00199194
0.00194188
0.00186897
0.00188681
0.00180359
0.00190494
0.00171791
0.00173487
0.00174861
0.00180814
0.00182671
0.0019126
0.00187318
0.00163597
0.00170675
0.0016088
0.00140287
