n=32
J=0.707107
eta=1.06329
mu=0.0531646
beta-optimal=0
max-overlap=0
0.00194984
0.00454579
0.00246414
0.000399389
0.00257819
0.00159314
0.00486832
0.00185548
0.000338782
0.000976665
0.0018956
0.00167817
0.0011259
0.000391901
0.000520161
0.00159721
0.000764718
0.00148961
1.09102e-05
0.000644397
0.000807881
0.00107027
0.000630687
0.000547867
0.000182909
0.000903683
0.000415093
0.000318157
0.000257113
0.0020365
0.000528104
0.00102402
0.00172897
0.000666369
0.000462897
3.28018e-06
0.00177348
0.000491357
0.00161135
9.51922e-05
0.000608559
0.000199453
0.000916443
9.40019e-05
0.000400477
0.00185415
0.000479469
0.000116234
0.000382174
0.000869047
0.000844825
0.000180098
0.000592147
0.000616786
0.000631972
0.000273814
0.000455518
0.000756953
0.000444376
1.76144e-05
0.000164912
0.000183871
0.00102244
3.96381e-05
6.93778e-05
8.82729e-05
0.000385853
6.781e-05
0.000231932
0.000226168
5.1171e-05
0.000649104
0.00039431
0.000890181
0.000726903
0.000330609
0.000492254
0.000527003
0.000932037
0.000572578
0.000213318
0.000134556
0.000287674
0.000384016
3.77768e-05
0.000524637
0.00112147
0.000446816
0.000194865
0.000196391
0.000699658
0.000252939
9.51538e-05
9.74245e-05
0.000352491
0.000676505
0.000376749
0.000346278
0.000162202
0.000451371
0.00062028
0.000258823
2.67139e-05
0.000149056
0.00041209
0.000345852
0.000295085
0.000179088
0.000143353
0.000237459
7.71623e-06
0.000569225
0.000105602
0.000564553
2.05732e-05
0.000105665
0.000143587
0.000441947
0.000311526
0.000237036
0.000318647
0.000498798
0.000171894
2.39967e-05
0.00070563
3.79178e-05
0.000252917
0.000184448
0.000361126
0.000307327
9.80739e-05
1.73767e-06
3.2187e-05
0.000195846
0.000266408
0.000254245
0.000133408
0.000130171
0.000323452
0.000379244
0.00061148
0.000226383
0.000381855
0.0004508
0.000424693
5.78777e-05
0.000127511
7.32875e-05
2.69787e-05
0.000245127
5.76557e-06
0.00033299
9.61055e-05
4.5274e-05
0.000271229
6.22428e-05
6.75031e-05
0.000208993
0.000155416
0.00042982
0.000462298
5.58181e-05
0.00015187
6.80759e-05
0.000182994
5.95958e-05
7.34289e-05
9.86008e-05
0.000337977
6.60959e-05
0.000210489
0.000366894
0.00025181
8.86749e-05
0.000111838
0.000134656
1.13629e-05
0.000107532
0.000511663
4.70633e-05
0.000155898
0.000127515
0.000241414
0.000684874
0.000151638
0.000219161
0.00015036
0.000299726
0.000337015
0.000148889
0.000305685
5.95546e-05
0.000176743
0.00014578
0.000139134
0.000252231
0.000135942
0.000309068
0.000104926
8.04875e-05
3.25384e-05
0.00014449
0.000120829
0.000213507
0.000162066
0.000215157
9.89489e-05
0.000408443
0.000121811
0.000257699
0.000290664
1.68251e-05
5.39816e-05
1.94871e-05
2.16744e-05
6.56205e-05
0.000350131
0.000203986
4.62471e-06
2.69087e-05
4.48975e-05
9.52403e-05
1.65705e-05
0.00020186
0.000317875
0.000209375
0.000133625
0.000184187
3.0516e-05
6.15455e-05
0.000162871
0.00027125
0.000220199
9.18221e-05
0.000149802
7.49211e-05
0.000464632
7.45948e-05
0.000128869
0.00021426
2.19248e-05
6.58615e-05
7.84665e-06
0.000179257
0.000196566
0.000281452
9.89485e-05
5.15875e-05
0.000266606
0.000128919
0.000165287
4.01967e-05
5.1994e-05
0.000153232
4.57645e-05
0.000103615
