n=32
J=0.707107
eta=1
mu=0.00253165
beta-optimal=0
max-overlap=0
0.905416
0.0516636
0.0224984
0.00234028
0.00145604
0.0109296
0.00600106
0.000753849
0.00574891
0.000615375
0.000409982
0.000344627
0.00414884
0.000363395
0.00227243
0.000405987
0.00322985
0.00215371
0.000272232
0.00154552
0.000205767
0.00181952
0.000155767
0.00132175
0.000138028
0.0014338
0.00185331
0.00151756
0.000124755
0.000112007
0.000832592
0.000148529
0.00011001
0.000512794
6.69288e-05
0.000415902
0.000618852
7.41255e-05
0.000861186
0.00083142
6.81741e-05
8.52219e-05
8.23758e-05
8.37758e-05
0.000483979
6.92061e-05
0.00041058
0.000237099
0.000198839
4.78925e-05
0.000697013
5.10975e-05
5.98591e-05
0.000367805
0.000259896
6.04149e-05
4.65931e-05
0.000313925
0.000367711
6.08107e-05
0.000118858
3.38949e-05
0.00032083
5.23941e-05
0.000419566
5.19802e-05
3.44098e-05
4.03018e-05
0.000235244
0.000224911
2.5921e-05
0.00023571
2.90862e-05
0.000247046
0.000222418
3.46156e-05
0.000222328
2.32482e-05
0.000150216
0.000197534
2.86484e-05
2.85011e-05
0.000114257
0.000135631
1.81179e-05
2.07825e-05
2.99836e-05
0.000250282
0.000150779
2.47636e-05
5.15457e-05
0.000162535
2.22655e-05
0.000119441
7.77522e-05
1.67155e-05
3.97777e-05
1.73243e-05
1.77478e-05
2.19406e-05
0.000169274
6.7528e-05
1.75682e-05
0.000142401
1.49107e-05
7.26242e-05
2.04146e-05
1.97864e-05
9.53646e-06
7.0107e-05
8.30743e-05
5.36009e-05
7.91071e-06
8.29618e-05
0.000157235
1.20342e-05
1.54995e-05
1.12115e-05
5.78472e-05
2.94993e-05
1.83629e-05
2.12312e-05
1.08845e-05
8.4316e-05
6.42881e-05
1.17465e-05
1.13371e-05
7.67666e-05
8.95156e-06
8.54274e-05
6.4623e-05
1.06107e-05
4.72244e-05
1.01731e-05
2.72123e-05
1.03664e-05
1.05884e-05
4.08433e-05
1.0335e-05
2.71915e-05
5.4593e-05
8.17805e-06
1.06226e-05
9.63827e-06
4.1444e-05
3.41507e-05
6.20149e-06
7.163e-05
6.27376e-06
4.96824e-05
1.22132e-05
5.52835e-05
1.11574e-05
8.84505e-06
8.3401e-05
8.11469e-06
1.79462e-05
4.71544e-06
5.96624e-05
5.14615e-06
5.75825e-06
2.94132e-05
7.41251e-05
6.53542e-06
4.93201e-06
3.706e-05
6.31267e-06
4.62954e-05
5.95784e-06
1.65428e-05
8.13875e-06
4.04643e-05
5.44513e-06
7.7267e-06
1.63639e-05
3.28263e-05
6.78641e-06
3.8869e-05
6.50055e-06
6.93761e-06
1.99622e-05
4.78442e-06
2.46433e-05
4.54031e-06
2.41551e-05
5.75481e-06
2.06597e-05
5.20903e-06
1.7629e-05
4.22766e-06
1.44289e-05
4.31477e-06
5.13006e-06
2.07838e-05
4.22793e-05
4.719e-06
4.01373e-05
2.80961e-05
5.12517e-06
5.81651e-06
2.13819e-05
1.18655e-05
4.07912e-06
6.62663e-06
2.1822e-05
2.88717e-06
1.77284e-05
4.28571e-06
1.9777e-05
6.6238e-06
3.81991e-06
2.60543e-05
2.62818e-06
3.52072e-05
1.95537e-05
3.36832e-06
3.62647e-06
2.30324e-05
2.55157e-05
3.13693e-06
1.81515e-05
1.70135e-05
1.655e-05
4.06937e-06
2.7876e-06
2.75326e-06
2.1952e-05
3.58321e-06
2.11056e-05
1.47372e-05
2.08207e-06
1.90449e-05
1.36842e-05
3.01498e-06
3.40339e-06
3.41071e-06
3.36098e-06
1.16881e-05
2.46431e-06
2.49398e-06
1.4015e-05
1.4356e-05
3.15125e-06
1.74964e-05
2.7876e-06
1.10045e-05
1.92534e-05
6.60094e-06
1.91383e-06
2.55162e-06
1.22844e-06
1.53642e-06
6.1649e-06
1.62911e-06
1.90368e-05
1.79978e-06
