n=32
J=0.707107
eta=1.08861
mu=0.0151899
beta-optimal=0
max-overlap=0
0.000402735
0.00151026
0.000142171
0.0021151
0.00089659
0.00113388
0.000496444
0.000445638
0.000789037
0.00039122
0.000199762
1.4108e-05
0.000641003
5.554e-05
0.000360641
0.000420287
0.00132244
0.000230908
7.18754e-05
0.000312224
5.50311e-05
0.000416838
1.97055e-05
2.07525e-05
4.49105e-05
3.95981e-05
8.21782e-05
0.000179735
0.000352206
0.000206356
2.48795e-05
0.000181624
5.96534e-05
0.000133622
5.67416e-05
6.60949e-05
0.000153776
0.00012217
0.00031104
3.90761e-05
0.000191835
0.000221985
4.98251e-05
0.00012904
0.000141955
2.91678e-05
6.38552e-05
9.53258e-05
9.75959e-05
8.3231e-05
4.272e-05
0.000175193
0.000108893
6.8468e-05
0.000202682
5.61096e-05
0.000270595
8.14783e-05
0.00030828
0.000405828
4.98365e-06
0.000318229
0.000168886
2.06229e-06
7.83631e-05
6.42186e-05
0.000106419
6.80037e-05
1.81519e-05
0.000143445
3.41336e-05
0.000106596
0.000190188
5.38104e-05
0.000104399
9.10048e-05
0.000185046
4.04342e-05
7.6264e-05
0.000180303
3.19542e-05
0.000113798
2.51567e-06
8.29912e-05
3.91459e-05
6.61912e-06
5.72767e-05
1.89436e-05
6.27427e-05
4.64475e-05
1.52073e-05
5.97818e-05
3.60458e-05
0.000136893
5.26583e-05
2.0344e-05
9.34797e-05
1.93921e-05
2.35857e-05
3.87834e-05
2.93218e-06
2.84719e-05
1.08007e-05
1.30821e-05
0.00017297
4.25182e-05
6.66842e-05
0.000115712
3.66319e-05
4.25795e-05
4.77327e-05
0.000192837
1.77025e-05
1.1105e-05
4.20807e-05
7.75957e-05
1.11863e-05
1.83094e-05
3.86065e-05
8.35758e-06
3.1566e-05
2.29734e-05
0.000144224
6.14578e-05
6.21892e-06
0.000142874
1.0317e-05
9.47089e-06
6.21826e-05
7.13963e-05
0.000122159
1.89583e-05
1.20686e-05
5.91202e-06
4.38196e-05
1.20538e-05
4.11702e-06
5.27874e-05
4.69256e-05
6.16524e-05
0.000116877
1.85972e-05
8.36075e-05
8.07425e-06
3.14439e-06
0.000113855
9.49673e-05
0.000188609
4.01165e-06
0.000189777
3.56706e-05
3.15775e-05
5.26611e-05
2.68462e-05
2.53903e-05
3.64589e-05
1.42933e-05
8.69267e-05
1.42893e-05
0.000210478
9.35108e-06
2.25224e-05
0.000167796
2.83647e-05
4.63243e-05
6.23513e-06
4.83525e-05
4.95951e-07
2.66003e-05
0.000200488
4.39116e-05
4.05246e-05
7.01125e-05
4.32621e-06
1.31138e-05
1.04558e-05
0.000112019
1.39902e-05
2.23451e-06
2.85291e-06
1.92547e-05
3.81079e-05
1.47745e-05
8.68861e-05
6.1017e-05
2.20777e-05
6.35807e-05
1.18232e-05
4.95322e-06
1.73977e-05
9.88079e-05
0.000122384
2.24509e-05
1.8028e-05
1.79888e-06
1.72261e-05
0.000192791
3.30516e-05
0.000158323
9.56851e-05
7.64041e-06
1.67499e-05
1.32566e-05
7.74543e-05
1.40979e-05
0.000137759
3.66602e-05
2.02232e-05
1.85178e-06
1.06682e-05
4.61302e-06
0.000115303
1.62666e-05
2.65476e-05
5.73242e-05
7.12644e-05
7.86682e-05
2.33504e-05
7.24077e-06
9.38966e-06
1.90009e-05
3.24591e-06
5.53803e-05
1.13434e-05
9.27276e-05
2.31263e-05
2.00094e-05
8.64997e-05
6.2183e-06
2.31239e-06
0.000121962
3.53649e-06
0.000128696
2.22073e-05
8.75163e-06
4.41283e-05
1.28249e-05
3.22468e-06
8.14976e-05
3.0198e-05
0.000110838
1.96127e-05
7.00295e-05
1.23157e-06
9.47699e-05
4.03987e-05
0.00012445
7.79233e-06
4.41435e-05
0.000101104
3.95933e-05
7.74358e-05
3.97462e-05
8.21196e-05
2.61396e-05
2.61878e-05
