n=32
J=0.707107
eta=1.11392
mu=0.0987342
beta-optimal=0
max-overlap=0
0.00244231
0.000386976
0.00304234
0.00220561
0.00440543
0.00288009
0.00301596
0.00249363
0.00294036
0.00233748
0.00192661
0.000417346
0.0012587
0.00068121
0.00155348
0.00151186
0.00168108
0.00167041
0.00326589
0.0027358
0.00111522
0.00251793
0.000127465
0.00056773
0.001806
0.00205132
0.000499583
0.000681645
0.00163046
0.00119949
0.00181291
0.00187168
0.00185702
0.00112416
0.000422461
0.000965764
0.000494575
0.000897017
0.000730982
0.00139375
0.000204413
0.00129627
0.00199416
0.000469355
2.91532e-05
0.000365646
0.00117584
0.000699103
0.000863063
0.00137491
0.000413291
0.000696552
0.000924179
4.15046e-05
0.0024162
0.000768048
0.00130357
0.000328967
0.000712122
0.00107975
1.80531e-05
0.000168869
0.00155221
0.00190506
0.000945106
0.000276084
0.000811195
0.000102995
0.00116433
0.000484774
0.000139637
0.000159148
0.000760979
0.000699189
0.000382927
0.000222089
0.000214013
0.000398098
6.155e-05
0.000640507
0.00132722
0.000661815
2.68729e-05
0.000225336
0.000735319
0.000275637
0.000410928
2.13532e-05
3.64434e-05
0.000205223
0.000723535
3.57516e-05
0.00114167
4.88205e-06
0.000317975
0.000208955
3.6117e-05
0.000266573
0.000610316
0.000529582
0.000624183
0.000752384
0.000359501
0.000515153
9.64094e-05
0.000716427
0.000310151
0.00013192
0.000111986
0.000663853
0.000658117
0.00041604
0.000489242
0.000451113
0.000590311
0.00067072
0.000688394
0.000359987
0.00050069
0.000193446
0.000941784
0.000258146
2.06852e-05
0.000608696
0.000385889
0.00117376
0.000280121
0.000274538
0.000459087
0.000493723
0.000281842
0.000831695
5.27481e-05
0.000114779
0.000400596
0.00013505
5.02737e-05
0.000570433
0.000415603
0.000515457
0.000199683
8.17392e-05
0.000514455
3.85996e-05
0.000101924
0.000127606
9.25503e-05
0.000613529
0.000263059
0.000234483
0.000652347
8.94296e-05
0.000109256
0.000182301
0.000322702
0.000173443
0.000241703
0.000256614
0.000102471
0.00011219
0.00026307
0.000229637
0.000891057
0.000190634
0.000309373
0.000496281
2.02055e-05
0.000100006
1.63187e-05
0.000429064
0.000319429
0.00031896
4.25315e-05
0.000329771
0.000143616
0.00052001
0.000424782
9.90815e-05
0.000620899
0.000600422
1.34788e-05
0.000157894
0.00052739
0.000177286
0.000197226
5.29051e-05
6.74826e-05
0.000242646
1.68725e-06
0.000503541
0.000286751
0.000310974
0.00019801
0.000111156
0.000409207
0.000141823
0.000526796
0.000122936
0.000183317
0.000168146
0.000132229
0.000393427
0.000209779
9.92934e-05
0.000105639
5.58325e-05
0.000174488
0.000340709
0.000137433
0.00041201
9.95926e-05
0.000274605
0.000291908
9.75221e-05
0.000167841
0.000640906
1.16057e-05
9.73757e-06
7.59973e-05
0.000111511
0.000649049
5.0494e-05
0.000148504
0.0001982
0.000633736
0.000511386
0.000234786
0.000297359
0.000268819
0.000173225
0.000385336
5.81513e-05
8.89847e-05
0.00022525
0.000368001
5.43007e-05
0.000147963
0.000462847
0.000447231
0.000313499
0.000257158
6.53601e-05
0.000278803
0.000266463
8.51774e-05
0.000183205
9.6768e-05
7.40691e-06
0.000169264
0.000163138
7.28802e-05
0.000178415
0.000282763
0.000317039
0.00026767
4.60677e-05
