n=32
J=0.707107
eta=1
mu=0.0329114
beta-optimal=0
max-overlap=0
0.701097
0.356117
0.237128
0.16951
0.141544
0.109334
0.100869
0.106833
0.0767148
0.0569807
0.0856606
0.0896939
0.0663455
0.052011
0.0434634
0.0358264
0.0287289
0.0387254
0.0300602
0.0285321
0.0430142
0.027161
0.0297676
0.0293588
0.0260552
0.0242207
0.0310031
0.0197423
0.0205195
0.0206555
0.019545
0.0201475
0.016346
0.0251266
0.0150537
0.0161887
0.0142374
0.0134682
0.014443
0.0131098
0.0118069
0.0126956
0.0110058
0.0122111
0.00934162
0.0094505
0.00987235
0.00763316
0.00914179
0.00863394
0.00713914
0.00777469
0.0112586
0.00715384
0.00781264
0.0122426
0.00870506
0.00686062
0.00659374
0.00744118
0.00690334
0.00613799
0.00832727
0.00659536
0.00719382
0.00601487
0.00482155
0.00823836
0.00551488
0.00519545
0.00537998
0.00689032
0.00622574
0.00537943
0.00495034
0.00497662
0.00450608
0.00495055
0.00549564
0.00448268
0.0062227
0.00438874
0.00415174
0.00421346
0.00373509
0.00396993
0.00388095
0.00307129
0.00410219
0.00300668
0.00405908
0.00316342
0.00377103
0.0030401
0.00380205
0.00374491
0.00276884
0.00375245
0.00308605
0.00287412
0.00385543
0.00269832
0.00335713
0.00296658
0.00290099
0.00266441
0.0026847
0.0025568
0.00241639
0.00281023
0.00340744
0.00240826
0.00272076
0.00238648
0.00315139
0.00224008
0.00232311
0.00220595
0.00283031
0.00271093
0.0022627
0.00215988
0.00205402
0.00229395
0.00260617
0.00254768
0.00212463
0.00197571
0.00192247
0.00194874
0.00199258
0.00225951
0.00170113
0.00164571
0.00246028
0.00162724
0.00184928
0.00199141
0.00175467
0.00157381
0.00208757
0.00187437
0.0018832
0.0015928
0.00163914
0.00127676
0.00134926
0.00172244
0.00172785
0.00128317
0.00157774
0.00171577
0.00142769
0.00159568
0.00161196
0.00160472
0.00155723
0.00152992
0.0015051
0.00123937
0.00127201
0.00131647
0.00122187
0.00139386
0.00131169
0.00158277
0.00111787
0.0012394
0.00109338
0.00118132
0.00140805
0.0010207
0.00139249
0.00126817
0.00102353
0.00117832
0.00108924
0.000935096
0.00125442
0.000969584
0.000919645
0.00103979
0.00112431
0.00103127
0.000892752
0.000838632
0.000960847
0.000875748
0.00109942
0.000934839
0.00114371
0.000956624
0.000828532
0.000966399
0.000975465
0.000813331
0.000940654
0.000810343
0.000830195
0.00102224
0.000725628
0.000764853
0.000957581
0.000826261
0.000739595
0.00077233
0.000825703
0.000929184
0.000922536
0.00079771
0.000964275
0.0007465
0.000792389
0.000777933
0.000806459
0.000716656
0.000728411
0.000561817
0.000778305
0.000637695
0.000796841
0.000795636
0.000626777
0.000681676
0.000789733
0.000660286
0.000678838
0.000606152
0.000674778
0.000662053
0.000609262
0.00071932
0.000590859
0.000595785
0.000667645
0.000506592
0.000604066
0.000694628
0.000497031
0.000565512
0.000612831
0.000563584
0.000574482
0.000621722
0.00048947
0.00052075
0.000607041
0.000380683
0.000417251
0.000465284
0.000439176
0.000491359
0.000449759
0.00047523
0.000381352
0.000416728
