n=32
J=0.707107
eta=1
mu=0.197468
beta-optimal=0
max-overlap=0
0.194397
0.178334
0.176012
0.170804
0.174141
0.165532
0.154505
0.153572
0.147704
0.142027
0.134736
0.137845
0.133252
0.129454
0.123807
0.12287
0.12253
0.118875
0.117032
0.114783
0.111616
0.109553
0.109809
0.110391
0.106162
0.107558
0.105055
0.103893
0.096988
0.0983019
0.0945849
0.0948754
0.0899396
0.0914311
0.0908014
0.0891863
0.0877721
0.0897444
0.0882174
0.0853342
0.0840878
0.0824428
0.0794478
0.081876
0.0778604
0.0761966
0.077406
0.0783047
0.0757785
0.0734095
0.0743308
0.073792
0.0712329
0.0692543
0.0700863
0.0683509
0.0692692
0.0670989
0.0676982
0.0678821
0.066162
0.0657461
0.0640416
0.0656285
0.0631253
0.0616947
0.0628183
0.0610962
0.0619214
0.0607825
0.0592374
0.0600566
0.0593232
0.057371
0.0565067
0.0566192
0.056114
0.0553863
0.0545298
0.056072
0.0544121
0.0541757
0.0525288
0.0527908
0.0501822
0.0513094
0.0513907
0.0524598
0.0510003
0.0490296
0.0496776
0.0482013
0.0486655
0.0477388
0.0464384
0.0472517
0.0484328
0.0465675
0.0462506
0.0468098
0.0454784
0.0445862
0.0436267
0.043941
0.0444131
0.0445294
0.0445991
0.0424015
0.0422859
0.0424365
0.0405058
0.0431014
0.0422223
0.0422015
0.0406813
0.0411506
0.0400392
0.0397162
0.0398695
0.0386625
0.0383899
0.0377553
0.0380304
0.0371776
0.0364544
0.0373287
0.0373092
0.0367319
0.0361627
0.0361576
0.0367646
0.0353019
0.0352564
0.0359618
0.0352013
0.0348686
0.0342399
0.0341812
0.0334186
0.0332688
0.033648
0.0321826
0.0330738
0.032641
0.0324189
0.0321222
0.0315094
0.0320881
0.031267
0.0310817
0.0305096
0.0304105
0.030082
0.0299845
0.0303366
0.0295036
0.029276
0.02946
0.0292725
0.0293387
0.028389
0.0286029
0.0279694
0.027804
0.0272553
0.0273026
0.0278677
0.0274777
0.0273948
0.027289
0.0272271
0.0264941
0.0265161
0.0264837
0.0260821
0.0261358
0.0261832
0.0255495
0.025447
0.0254458
0.0258773
0.0254123
0.0250733
0.0250174
0.0248634
0.0243673
0.0242008
0.0239758
0.023988
0.0237149
0.0234959
0.0231765
0.0238785
0.0232902
0.0234975
0.022717
0.0227423
0.0227199
0.022305
0.0223855
0.0217415
0.0221865
0.0222747
0.0219168
0.0215636
0.0211766
0.0212735
0.0208611
0.0210869
0.0207491
0.0205123
0.0204928
0.0199782
0.0200853
0.0202506
0.0201193
0.0199478
0.0195725
0.0196113
0.0194044
0.0193361
0.0190666
0.0184202
0.0188106
0.0190107
0.0189025
0.0182201
0.0181841
0.0180826
0.018004
0.0181963
0.0179177
0.0180188
0.0177336
0.0179318
0.0171719
0.0171676
0.0168965
0.0168167
0.0166924
0.0167845
0.0164533
0.0164991
0.0165732
0.0165278
0.0162203
0.0159849
0.0157917
0.0156364
0.0153745
0.0151028
0.0156427
0.0147965
0.0148729
0.0147525
0.0145531
