n=32
J=0.707107
eta=1
mu=0.16962
beta-optimal=0
max-overlap=0
0.206543
0.187809
0.181487
0.172038
0.16679
0.165516
0.155986
0.153677
0.145393
0.146705
0.143672
0.138403
0.135057
0.128203
0.135251
0.128797
0.12816
0.12458
0.110695
0.11575
0.11211
0.113955
0.110869
0.110672
0.104779
0.102893
0.100075
0.10114
0.0966219
0.101039
0.0958062
0.0948201
0.0983856
0.0942363
0.0921303
0.0907163
0.0864256
0.0902424
0.0901583
0.083514
0.0842363
0.082117
0.0785401
0.0786322
0.0783203
0.0758895
0.0744856
0.0749196
0.0738643
0.0747928
0.0722657
0.0704695
0.0733847
0.0708411
0.0686429
0.0675675
0.0660843
0.0663247
0.0665937
0.0661184
0.065601
0.0648443
0.0624812
0.064888
0.0627899
0.0622278
0.0634459
0.0601254
0.061426
0.060109
0.057685
0.0589063
0.05691
0.0591145
0.0570272
0.057538
0.0539346
0.054576
0.054272
0.0506895
0.0544235
0.0526553
0.0529703
0.0521037
0.0511055
0.0514758
0.0505453
0.0484475
0.0489767
0.0498007
0.0479452
0.0486278
0.0472766
0.047182
0.045312
0.0456557
0.0453522
0.045919
0.045509
0.0440041
0.0436913
0.0430637
0.0431966
0.0408207
0.0414083
0.0411366
0.0420615
0.0413557
0.0401961
0.0399001
0.0394064
0.0402076
0.0403944
0.0389426
0.0381105
0.0384997
0.0367622
0.0372459
0.038092
0.0358447
0.0374215
0.0360524
0.0351739
0.0354763
0.0354329
0.0350777
0.0346269
0.0345939
0.0352233
0.0353975
0.0341224
0.0344048
0.0345825
0.0333544
0.0336323
0.0339866
0.0307649
0.0318759
0.0329455
0.0319795
0.0322749
0.030678
0.0302666
0.0307941
0.0307911
0.0298509
0.0305261
0.0304578
0.0299731
0.0291312
0.0290602
0.0286859
0.0283218
0.0283914
0.0287863
0.0284313
0.0273847
0.0273847
0.0268298
0.0273679
0.0269164
0.0258839
0.0274864
0.0262832
0.0265792
0.0265559
0.0259348
0.0254325
0.0257328
0.0258367
0.0250737
0.0243814
0.0249711
0.0247281
0.0245915
0.0242335
0.0237498
0.0237466
0.0237512
0.0234889
0.0227262
0.0233909
0.0225859
0.0229675
0.0225975
0.0220165
0.0223437
0.0220955
0.0216297
0.0222775
0.0215204
0.0206668
0.0215414
0.0215154
0.0203804
0.0210662
0.0208814
0.0206323
0.0202815
0.0203894
0.0205425
0.019823
0.0202991
0.0198516
0.0197933
0.0196707
0.0198743
0.0186741
0.0191128
0.0184846
0.0188738
0.0189479
0.0186581
0.018424
0.0182209
0.0183118
0.0180636
0.018182
0.0174544
0.017501
0.017952
0.0168471
0.0172727
0.0166375
0.0171375
0.016791
0.0166813
0.0169134
0.0165185
0.0163776
0.016275
0.016169
0.0157837
0.0153468
0.0159705
0.0157989
0.0151232
0.0149508
0.0149561
0.0151161
0.014938
0.0149008
0.01454
0.0147024
0.0140384
0.0143101
0.0138352
0.0138911
0.0134559
0.0133724
0.0128482
0.0129592
0.0131688
0.0129346
0.0126956
0.0124983
