n=32
J=0.707107
eta=1.18987
mu=0.0506329
beta-optimal=0
max-overlap=0
0.000337475
0.00222445
0.00138998
0.000881935
0.0022798
0.00249915
0.000723803
0.000864522
0.00122923
0.000340747
0.00149806
0.00150833
0.000100959
0.0013986
0.00182065
1.50798e-05
0.00512103
0.0011146
0.000455349
0.000330567
0.00116187
0.000100275
0.000664931
0.000759171
0.00033736
2.43218e-05
0.000583488
0.0011602
0.000581845
0.000538573
0.00127304
0.000299371
0.000122527
0.00022551
0.000719577
0.000304797
0.000482735
0.000164709
0.000633774
0.000821762
0.000264789
0.000266224
0.000127597
0.000489628
0.000363915
0.00064317
0.00070331
0.000763899
8.51835e-05
2.32319e-05
0.000691308
0.000199925
0.000299831
0.000815898
0.000522568
0.000140825
0.000100911
0.000851188
0.00063173
0.000356157
0.000366224
0.000294042
0.000590278
0.000269356
0.000311816
4.70104e-05
0.000238206
0.000273661
0.000342413
0.000337758
0.000312576
0.000337577
0.000138641
0.000400006
0.000543717
0.00015857
0.000592667
0.000106305
0.000101081
0.000617807
0.000336225
0.000146213
6.88156e-05
0.000752152
0.000243522
0.000280707
0.000190217
0.00015157
0.000202102
0.000538783
0.000249369
0.000311797
6.52867e-05
0.000139444
1.32421e-05
0.000338757
0.000330572
1.81821e-05
0.000399665
0.00036381
0.000207309
0.00042618
0.000260956
0.000256076
0.000366692
0.000225571
0.000302903
1.91834e-05
0.000112819
0.000501493
0.000435549
0.000279987
0.000280571
0.000156549
0.000285025
0.000280316
0.000307521
0.000124642
8.91724e-05
0.000134196
0.000293433
9.37182e-06
0.000110155
0.000174688
5.90617e-05
2.01284e-05
5.81168e-05
0.000134934
0.000150268
6.7703e-05
0.000378597
0.000375593
0.000334877
3.21323e-05
0.000306576
0.00013329
3.40482e-05
0.000507959
0.000141785
0.00029704
0.000371747
1.91437e-05
0.000517694
3.45324e-05
0.00013396
0.000280575
0.000642038
0.000165713
2.91714e-05
0.000246254
4.9443e-05
3.48078e-05
1.34965e-05
0.00030428
0.00020205
0.000219131
0.000169841
0.000198038
0.000286045
0.000332745
0.000314238
0.000181261
0.000551225
0.000173615
0.000133371
0.000283734
0.000271848
7.74737e-06
6.82279e-05
0.000739609
0.000198536
0.000200815
0.000100526
0.000232841
6.12983e-05
0.00025241
3.30444e-05
0.000333497
4.4342e-05
0.000383953
0.000102966
0.000130441
6.0178e-05
0.000200203
9.26058e-05
5.02495e-05
0.000147879
7.68019e-05
8.97737e-06
5.85626e-05
2.75755e-06
0.000175
3.19273e-06
0.000168943
0.000104209
9.41551e-05
0.000185723
0.000134658
0.000718937
0.000158039
2.22568e-05
0.000177767
7.09707e-05
0.000249775
0.000129863
1.8848e-05
0.000156211
0.000239112
8.78329e-05
1.51015e-05
3.71748e-05
0.000226034
0.000208181
0.00018198
7.98602e-05
6.54937e-05
2.48025e-05
8.22036e-05
0.000110586
4.16675e-05
7.29605e-05
7.75497e-05
4.03043e-05
1.63891e-05
0.000588625
0.00010854
0.000170476
0.000202181
8.56436e-05
9.99631e-05
0.00025899
0.000132366
8.91882e-05
2.92723e-05
0.000169624
9.55178e-05
0.00022122
1.17319e-05
0.000154979
0.000216278
0.000166207
0.000187195
4.05898e-05
0.000182958
0.000172854
0.000164111
0.000122724
3.31734e-05
0.000265083
0.000451141
2.99623e-05
0.000298004
0.000155587
0.000358085
0.000185574
0.000188198
