n=32
J=0.707107
eta=1
mu=0.0329114
beta-optimal=0
max-overlap=0
0.653235
0.367599
0.245568
0.25356
0.183103
0.160991
0.0986433
0.0839659
0.0921599
0.0702622
0.0576692
0.0551292
0.0682531
0.0432047
0.0435819
0.0536017
0.0536668
0.0378204
0.0417197
0.0253739
0.0225577
0.0286042
0.0271297
0.0336079
0.0221398
0.0238049
0.0140238
0.0226136
0.0270537
0.0195265
0.0230613
0.0176557
0.0165408
0.0190822
0.0191137
0.0181577
0.0158773
0.0103703
0.0177595
0.0121997
0.0142248
0.0149529
0.0127905
0.0117421
0.0117895
0.0100693
0.00965485
0.0108895
0.00966392
0.006616
0.00867651
0.00746945
0.00893734
0.0106992
0.00696241
0.00836678
0.0118856
0.00668838
0.00832955
0.00696857
0.00818893
0.00866453
0.00770366
0.00684852
0.00797046
0.00458192
0.00566926
0.00454523
0.00821963
0.00590971
0.00579534
0.00558886
0.00448276
0.00532035
0.0057507
0.00430023
0.00638338
0.00399141
0.00544622
0.0050632
0.00443132
0.0059024
0.00381097
0.00408227
0.00380726
0.00393454
0.00429143
0.00347226
0.00360746
0.00525825
0.00387009
0.00295094
0.0031059
0.00336012
0.00291412
0.00369014
0.00298726
0.00361757
0.00320445
0.00235275
0.00318086
0.00262498
0.00363841
0.00294544
0.00299046
0.00306799
0.00289047
0.00277304
0.00290722
0.00264522
0.00264212
0.00280009
0.00235886
0.00233405
0.00279202
0.00198891
0.00201432
0.00298379
0.00188959
0.00299371
0.00236805
0.0023526
0.00243962
0.00205209
0.00278513
0.00228721
0.00160153
0.00255184
0.00202088
0.002268
0.00247482
0.0019144
0.0018487
0.00167763
0.00216435
0.00182007
0.00198506
0.00211704
0.00188808
0.00174167
0.0025813
0.00137266
0.00266183
0.00154691
0.00175248
0.00162822
0.00156959
0.00167897
0.00137904
0.00198944
0.00190561
0.00141572
0.00144278
0.00152609
0.00173937
0.00146086
0.0013664
0.00138717
0.00131868
0.00147314
0.001448
0.0015894
0.00163431
0.00115753
0.00101238
0.00121531
0.00127403
0.00145427
0.00140062
0.00153632
0.00123989
0.00134104
0.0010562
0.00111831
0.00123347
0.00101941
0.00134195
0.00135746
0.00100263
0.00128851
0.00129684
0.00103827
0.00131073
0.000973302
0.00112155
0.0011257
0.00104674
0.00114614
0.00107296
0.000749029
0.000957427
0.0010741
0.0010238
0.000990631
0.000911661
0.00111543
0.00103746
0.000883728
0.00108762
0.000952902
0.000787218
0.000821587
0.000789197
0.000867022
0.000890554
0.000636891
0.00088823
0.000874365
0.000674398
0.000786145
0.000751076
0.000813396
0.000763814
0.000889915
0.000569169
0.000768587
0.000922222
0.000851891
0.0008666
0.000761182
0.000688795
0.00059944
0.000658069
0.00065693
0.000659521
0.000699926
0.000767131
0.000756096
0.000702621
0.000622965
0.000614845
0.000680602
0.000583158
0.000649023
0.000569212
0.000837726
0.00068008
0.000707039
0.000624835
0.000497685
0.000554041
0.000623627
0.000592517
0.000534358
0.000569641
0.000466257
0.000395193
0.000417619
0.000579129
0.000479055
0.000460693
0.000486154
0.000534351
0.000549533
0.000447794
0.000452188
