n=32
J=0.707107
eta=1.01266
mu=0.035443
beta-optimal=0
max-overlap=0
0.0017678
0.000946453
0.00334185
0.00558996
0.000131106
0.00195671
0.0090764
0.00906116
0.00585918
0.00063468
0.00103895
0.00168478
0.00196054
0.000988641
0.000827789
0.00192798
0.00075217
0.00151317
0.000483687
0.000890795
0.00159553
0.000973195
0.00222219
0.000624435
0.000411485
0.000721861
0.000402069
0.000620537
0.000429885
5.76934e-05
0.000255922
5.67664e-05
0.00179211
0.000320341
0.000874532
0.000304779
0.000870637
0.000117511
0.000651421
0.000330928
0.000135562
0.000341867
0.000489007
8.87963e-05
0.000915939
0.000448147
0.000950485
3.49158e-05
3.89804e-05
3.9829e-05
0.000203484
7.71195e-05
0.000367466
0.000131917
4.78116e-05
0.00091905
0.000194387
0.000543672
0.000689376
3.6077e-05
4.5601e-05
0.000209791
0.000263486
0.000511268
1.74342e-05
0.000543451
4.01739e-05
0.00130507
0.000135864
0.000326846
4.56194e-05
0.000737952
0.000298797
0.000440467
0.000304324
2.13608e-05
0.000148694
0.000337345
0.000382381
0.000132281
0.00044378
0.000340953
0.000216947
0.000127679
0.000384889
0.000136732
0.0001783
3.23174e-05
0.000645461
0.000118427
0.00026016
0.000438914
0.000176536
7.14726e-05
0.00014856
0.000340489
0.000106079
3.55286e-05
0.000172474
0.000122007
0.000207627
0.000153904
0.000148233
8.97679e-05
0.000291557
0.000250313
3.17757e-06
0.000468281
0.000184952
0.000301618
0.000165346
0.000288383
0.000196548
0.000172339
1.18343e-05
0.000312034
3.36203e-05
0.000148095
1.76558e-05
8.41828e-05
0.000283191
0.000244543
2.97855e-05
0.000469025
0.000272539
0.00023506
2.9039e-05
1.1309e-05
5.32287e-07
0.000174497
0.000285107
0.000495917
0.000123791
6.10727e-05
0.000428686
0.000148408
0.000108856
0.000113004
0.000271057
7.70509e-05
9.76347e-05
4.38994e-05
0.000235432
0.000211561
2.39615e-05
0.000153382
2.45612e-06
0.000279869
3.76971e-05
0.000139634
8.90425e-06
3.31487e-05
0.000388506
4.64892e-05
1.63015e-05
3.98255e-05
2.6939e-05
9.36256e-06
2.70697e-05
8.93578e-06
0.000111559
1.44801e-05
0.000132269
1.4713e-05
4.28215e-05
0.000164039
0.000198373
0.000146858
0.000136459
0.000192214
0.000201921
0.000172472
4.81465e-05
5.05876e-05
0.000159455
0.000214703
8.70409e-05
5.32898e-05
1.86367e-05
0.00015918
9.93264e-05
3.92344e-05
0.000213376
1.80439e-05
0.000124157
5.30822e-06
4.84591e-05
2.82399e-05
0.000248007
1.04853e-05
0.000192851
6.02602e-05
0.000149195
8.3989e-05
0.000244785
3.59627e-05
5.44821e-05
1.31322e-05
2.21201e-05
0.000160533
0.000210106
4.20093e-05
7.47699e-05
0.000141949
1.78888e-05
2.86348e-05
6.77416e-05
3.38085e-06
0.000216178
2.85201e-05
2.66159e-05
0.000106518
0.000238228
7.83464e-06
0.000234595
0.000129964
2.87618e-05
5.29725e-05
3.33811e-05
5.8454e-05
0.000102831
0.000175776
8.40003e-05
3.38078e-05
0.000180971
0.000108521
5.19439e-05
7.29687e-05
6.52555e-05
3.73599e-05
0.000168772
9.44617e-05
3.90578e-06
5.02788e-05
0.000103723
2.22713e-06
2.71334e-05
0.000249312
7.02722e-05
2.92922e-05
4.66448e-05
7.58472e-08
8.44346e-06
0.000181811
2.53142e-05
4.3462e-05
0.000106313
1.52119e-05
7.01602e-05
7.15012e-05
0.000115573
0.00018677
0.000119226
1.56132e-05
4.2916e-05
3.42429e-05
