n=32
J=0.707107
eta=1.11392
mu=0.0329114
beta-optimal=0
max-overlap=0
0.0014444
0.0028401
0.000486002
0.00345312
0.00206571
0.000935084
0.00108441
0.000993734
0.00160157
0.00106882
0.000809854
0.000205649
0.000921278
0.000397593
0.00144199
0.000677129
0.00321752
0.000775149
0.000270753
0.000983485
5.26492e-05
0.000677662
2.62202e-05
0.000107619
1.22661e-07
0.000218396
0.000359673
0.000756128
0.00047542
0.000740794
0.000213448
0.000686542
0.000158834
0.000417001
0.000172623
0.000118074
6.25643e-05
0.000420738
0.000672727
8.24595e-06
0.000301919
0.000739312
0.000169237
0.000516827
0.000227416
9.02236e-06
0.000344499
0.000397554
0.000208975
9.75729e-05
0.000238855
0.000599311
1.82033e-05
0.000115616
0.000502567
0.000200293
0.000481548
0.000427739
0.000662888
0.00076896
1.83292e-05
0.000704873
0.000395287
2.9513e-05
0.000313826
0.000130005
0.000283215
0.000182397
4.28009e-05
0.00017256
0.000140024
0.000418155
0.000243932
0.000228279
0.000310881
0.000324995
0.000403049
0.000145191
0.000189753
0.000711572
5.7618e-05
0.000197935
1.04931e-05
6.67543e-05
5.58359e-05
5.92972e-06
0.000201725
3.43285e-05
0.000248671
2.7059e-05
8.61071e-05
0.000176254
0.000112319
0.00022969
0.000181668
0.000129853
0.000203465
1.04905e-05
0.000140224
0.000105733
2.29667e-05
8.37438e-05
7.90015e-06
7.85527e-05
0.000380508
4.32998e-05
0.000277003
0.000170844
0.000102228
0.000215706
2.85581e-05
0.000387282
7.65971e-05
1.50996e-05
9.8905e-05
0.000107106
6.37158e-05
4.88946e-05
7.37853e-05
3.26081e-05
0.000145066
8.42149e-05
0.000283437
0.000241013
3.86124e-05
0.000236928
1.92854e-05
1.20362e-05
0.00021649
0.000255289
0.000239714
1.71791e-05
6.98345e-05
1.55079e-06
0.000148674
4.59186e-05
2.42337e-06
0.000226977
0.000121471
0.00026851
0.000185233
6.13236e-05
0.000240263
3.17393e-05
3.22815e-05
0.000255848
0.000415922
0.000358769
2.0105e-05
0.000352161
5.76878e-05
0.000112011
0.000183674
1.16749e-05
9.91672e-05
0.000115609
6.43042e-05
0.000207499
9.30191e-05
0.000434081
8.76966e-05
5.97918e-05
0.000412381
0.000115594
7.9841e-05
6.24415e-05
0.000200999
1.1138e-05
9.84559e-05
0.000469316
4.81279e-05
0.000167059
0.000149784
5.30117e-05
3.82426e-05
4.91698e-05
0.000185794
1.08066e-05
1.62612e-05
5.95514e-05
6.86895e-05
8.64003e-05
4.67808e-05
0.000181062
0.000102918
7.61837e-05
0.000114839
4.59306e-05
1.03812e-05
6.55987e-05
0.000181412
0.000217112
7.66082e-05
8.16936e-05
2.87435e-05
7.62548e-05
0.000372842
0.000135935
0.000390507
0.000222332
2.87525e-05
5.16971e-06
5.6474e-05
0.000181785
5.42176e-05
0.000238579
9.41455e-05
9.83542e-05
1.923e-05
2.58837e-05
2.63885e-05
0.000262496
2.81046e-05
6.98458e-05
0.000144021
0.000137135
0.000139185
7.22228e-05
4.21399e-05
5.81153e-06
3.62779e-05
4.65549e-06
0.000106312
4.34437e-05
0.000263816
2.37279e-05
8.61919e-05
0.000191086
1.19691e-05
1.81317e-05
0.000262787
9.80505e-06
0.000260249
7.63223e-05
1.73149e-05
7.58502e-05
7.11887e-05
3.02395e-05
0.000124484
0.000134068
0.000211982
9.23889e-05
0.000118089
1.71814e-05
0.000212312
0.000151627
0.000249801
2.38167e-05
0.000185362
0.00026752
0.0001457
0.000157527
5.11243e-05
0.000216515
0.000118617
0.000117466
