n=32
J=0.707107
eta=1.03797
mu=0.0278481
beta-optimal=0
max-overlap=0
0.000117523
0.003269
0.000455752
0.00129862
0.0023473
0.000769814
0.000164248
0.00157191
1.87252e-05
8.59683e-05
0.00248023
0.000863982
0.000123901
0.000356088
5.43876e-05
0.00156175
0.000212632
0.00118534
0.000182286
0.000897972
0.0017652
0.00118405
0.000177072
0.000333389
0.000631256
0.000246287
0.0016388
0.000454127
0.000185807
0.000148842
0.000364099
0.000602755
0.000568925
1.81551e-05
0.000308934
0.000165641
0.000108705
0.000156045
0.000181434
0.000262251
0.000215935
6.73076e-05
5.33826e-05
0.000537675
0.000180816
0.000669401
0.000663991
0.000111497
0.000284888
0.000434081
0.00136868
3.62775e-05
0.00020572
0.000353007
0.000296149
0.000252306
0.00031573
0.000409716
0.000173596
0.00034491
0.000326782
0.000264503
9.20735e-05
0.000228971
0.000153903
3.85276e-05
0.000462082
0.000338999
0.000214588
3.6223e-05
1.75043e-05
0.000171784
3.08178e-05
5.42763e-05
0.000452481
5.15419e-05
1.51391e-05
0.000135897
2.28159e-05
0.000105717
9.00004e-05
0.000172519
0.000342314
0.00028324
0.000113436
0.00055219
7.34601e-05
0.000366918
4.1635e-06
4.25838e-05
0.000316322
9.04037e-05
5.81356e-05
0.000147592
0.000179978
0.000126419
5.9712e-05
8.80247e-05
2.8545e-07
0.00014514
2.18293e-05
8.44412e-05
0.000327416
0.000275068
5.75564e-06
0.000377913
6.17109e-05
0.000263637
7.20454e-05
0.000203577
9.47108e-05
6.05746e-05
3.90158e-07
4.35038e-05
3.24859e-07
0.000254451
4.55999e-05
4.86376e-06
0.000248767
2.16612e-05
3.69207e-05
2.8134e-05
1.70826e-05
3.44849e-05
7.84871e-05
3.92405e-05
0.00036284
5.0218e-06
9.48566e-05
2.14254e-06
2.92678e-05
2.50234e-05
0.000203849
0.000104719
6.7183e-05
0.000187437
5.96826e-05
0.000121814
0.000130191
7.29624e-05
9.4377e-05
2.91256e-05
2.81222e-05
8.60329e-05
9.8362e-06
5.0954e-05
0.000357872
2.39519e-05
8.76825e-05
0.000147786
0.000106943
4.81498e-05
9.89524e-05
4.393e-05
7.47459e-06
0.000115843
0.000104221
2.53377e-05
7.13571e-05
9.285e-05
5.80478e-06
9.12883e-06
0.000278214
7.25418e-06
3.15956e-05
0.000137547
5.47113e-05
6.07092e-06
0.000109993
0.000296654
6.69544e-06
4.72433e-05
0.000124329
6.14144e-05
8.47184e-05
5.68492e-06
3.09405e-05
1.58896e-05
0.000136269
2.77797e-05
4.19708e-05
1.30889e-05
0.000129802
2.86883e-05
5.88161e-05
0.000233974
9.19725e-05
2.45162e-05
2.40006e-05
2.04796e-05
0.000100138
5.40634e-05
2.03553e-05
1.6163e-05
3.19394e-05
5.74184e-05
3.33864e-05
1.87762e-05
0.000130553
0.000152474
4.21846e-05
2.11829e-05
2.89075e-06
4.44561e-05
7.68157e-06
0.000150613
4.69347e-05
2.39522e-05
7.7711e-05
1.6102e-05
4.91292e-05
3.96516e-05
1.37719e-06
7.53576e-05
0.000240681
3.6062e-05
2.6111e-05
0.000111452
9.10624e-05
9.08665e-06
2.99561e-06
5.48002e-05
6.09915e-06
0.000250046
3.33617e-05
0.000144577
2.01278e-05
3.39539e-05
0.000231533
3.81456e-05
6.47371e-05
0.000121381
1.11347e-05
3.1831e-05
9.63604e-05
5.69943e-05
7.50844e-05
5.95764e-05
3.3158e-05
0.000162432
2.11192e-06
3.48272e-05
6.39831e-05
0.000156441
8.2245e-05
2.29431e-05
3.61361e-05
0.000115804
5.80674e-05
3.56577e-05
7.98412e-05
0.000183506
2.80313e-05
1.55028e-05
2.53591e-05
2.60049e-05
