n=32
J=0.707107
eta=1.87342
mu=0.131646
beta-optimal=0
max-overlap=0
2.94223e-12
1.59175e-12
9.26684e-13
1.86764e-12
1.07998e-12
1.75358e-12
1.89387e-12
2.57931e-12
1.91666e-12
4.28619e-12
1.75981e-12
2.66837e-13
1.74827e-12
3.22096e-13
3.54915e-12
1.00823e-12
4.22699e-12
1.82004e-12
1.15358e-12
1.34385e-12
2.10975e-12
9.28851e-13
7.07134e-13
7.49674e-13
2.05202e-12
8.83853e-13
1.4157e-12
1.19457e-12
1.31105e-12
1.44618e-12
1.98396e-12
1.00209e-12
2.92896e-12
1.84268e-13
6.61033e-13
3.06396e-13
2.903e-12
1.33929e-12
3.98998e-13
1.11002e-12
1.50699e-12
1.74879e-13
2.88712e-13
9.68798e-13
3.10556e-13
1.45579e-12
2.58244e-12
3.81357e-13
1.27337e-12
5.304e-13
8.94456e-13
5.0518e-13
1.50677e-13
4.24701e-13
1.0466e-12
1.20065e-12
3.2381e-13
5.16758e-13
7.11264e-13
8.86268e-13
2.2121e-12
6.52523e-13
6.74966e-13
2.79533e-13
1.53392e-12
8.9107e-13
8.38894e-13
7.36943e-13
8.62377e-13
8.60521e-13
1.14196e-12
1.27144e-13
6.62278e-13
8.73497e-13
5.25985e-13
8.92581e-13
1.24958e-12
1.63658e-13
1.55786e-12
7.96016e-13
1.52646e-12
9.19041e-13
5.70898e-13
7.35443e-13
3.12995e-13
6.81314e-13
9.63175e-13
1.02731e-12
1.29444e-12
3.25558e-13
7.58666e-13
1.07567e-12
1.17926e-12
8.29164e-13
4.80007e-13
3.54404e-13
3.43103e-13
2.75772e-13
1.86699e-13
3.88455e-13
9.33382e-13
1.02319e-12
4.33839e-13
8.55117e-13
1.42689e-13
2.76012e-13
1.29248e-12
2.1548e-13
1.05398e-12
2.96541e-13
4.53086e-13
1.08663e-12
7.83558e-13
3.01203e-13
7.63871e-13
1.1267e-13
1.21284e-13
3.65183e-13
2.70866e-13
6.46606e-13
3.04827e-13
4.62372e-13
1.3472e-12
6.86788e-13
3.41353e-13
9.651e-13
9.2844e-13
7.22334e-13
2.76807e-13
5.93984e-13
6.84799e-13
2.56399e-13
2.17013e-13
4.61081e-13
9.15896e-13
4.02278e-13
2.65252e-13
1.6048e-13
2.98346e-13
6.96526e-13
2.8448e-13
3.90318e-13
4.9989e-13
3.32612e-13
1.90397e-13
8.38008e-13
2.28774e-13
3.47488e-13
4.60849e-13
2.48638e-13
7.2653e-13
5.75741e-13
7.18183e-13
1.44035e-13
7.63704e-13
5.43785e-13
3.90763e-13
2.34624e-13
2.4322e-13
1.32403e-12
9.18825e-14
2.08558e-13
3.42109e-13
7.67488e-13
1.39429e-13
5.10469e-13
2.69496e-13
1.36755e-13
6.78176e-13
7.67221e-13
4.94343e-13
3.81533e-13
2.09066e-13
5.03224e-13
6.73934e-14
6.25701e-13
1.16863e-13
3.82377e-13
6.24779e-13
1.62679e-13
1.49979e-13
5.03294e-13
6.74339e-13
2.98338e-13
6.00345e-13
6.11368e-13
9.74096e-13
4.99651e-13
1.06743e-12
3.9235e-13
3.47954e-13
2.85642e-13
5.19204e-13
7.4349e-13
8.42406e-13
5.01417e-13
4.25078e-13
2.27725e-13
9.06181e-13
3.36718e-13
3.12474e-13
1.66089e-13
2.75821e-13
4.10598e-13
1.12329e-12
3.0567e-13
5.19072e-13
6.97829e-14
1.61216e-13
3.33966e-13
8.30497e-13
3.84746e-13
3.50458e-13
4.07085e-13
6.68367e-13
3.03225e-13
9.17711e-14
8.02962e-13
6.42329e-13
1.51574e-13
1.72074e-13
4.52635e-13
3.60015e-13
3.62789e-13
4.7949e-13
3.77979e-13
4.02623e-13
3.19632e-13
7.26794e-13
8.20219e-13
3.87064e-13
7.26577e-13
5.18408e-13
3.07174e-13
3.44145e-13
4.25652e-13
4.32869e-13
1.57328e-13
5.54807e-13
4.37302e-13
2.59974e-13
9.687e-14
2.47529e-13
2.6348e-13
2.96934e-13
3.29728e-13
2.36844e-13
2.76289e-13
9.06537e-13
1.50376e-12
5.15634e-13
8.33366e-13
5.34273e-13
3.61929e-13
3.12385e-13
9.7189e-13
