n=32
J=0.707107
eta=1.16456
mu=0.0683544
beta-optimal=0
max-overlap=0
0.00367365
0.00273145
0.00188424
0.00231128
0.00168072
0.00289752
0.00329003
0.000221968
0.00143246
0.00191502
0.00236122
0.00125216
0.000622089
0.00134149
0.00226345
0.000446642
0.00151656
0.00067942
0.000460539
0.00237256
0.000980055
0.000391008
0.00139876
0.00032035
0.00181339
0.000181475
0.00192314
0.000671017
0.000294731
0.00238938
0.000407722
0.00178916
0.00168001
0.000349282
0.0014956
0.000371388
0.000944084
0.00117113
7.22285e-05
0.000333599
0.000755836
0.000672382
0.000201815
0.00129183
0.00134209
0.000918132
0.000499552
0.00131081
5.06799e-06
0.000507324
0.00106519
8.70727e-05
0.000824034
5.9186e-05
0.000200884
0.000314994
0.000931264
0.00126018
0.000956498
0.000273438
0.000704558
0.000549778
0.000160631
0.000484084
9.2497e-05
0.000918514
0.000457315
0.00112932
0.000134541
0.000903514
0.000998822
0.000352699
4.9327e-05
0.00010916
0.000175512
0.000569991
0.000420497
0.00137289
0.000133215
0.000435208
0.00031204
0.000535236
0.000869065
3.03705e-05
0.000311715
3.57809e-05
0.000230756
0.000366385
0.000118774
0.00121767
0.00019949
0.000756352
0.000157459
0.000249777
5.36421e-05
0.000760781
0.000517786
0.000480126
0.00073939
0.000604978
4.69593e-05
0.000523226
0.000103057
0.00032816
0.000109737
5.26353e-06
6.08563e-06
0.000269854
0.000465525
0.000774774
0.000137392
8.06747e-05
0.000284561
8.87946e-05
0.00103129
0.000168085
0.000422512
0.000620011
0.000316994
0.000198983
3.28062e-05
0.00030191
0.000549512
6.66497e-05
0.000775946
0.000416199
0.000222571
0.000260341
0.000127849
0.000315193
0.000516826
0.00032932
0.000144276
0.00019169
0.000268195
0.000794898
7.15001e-05
0.000620043
0.000495965
0.000348707
1.12145e-05
0.000488141
0.000257407
0.00033547
0.00010077
0.000309528
0.00032822
9.0452e-05
0.000302834
0.000120152
0.000135364
5.32477e-05
0.000108413
0.000334983
5.93934e-05
0.000113232
0.000496551
0.000227232
2.69817e-05
0.00022997
0.000125206
0.000125811
0.00031529
6.78483e-05
4.63941e-05
0.00027512
0.000371309
0.000295706
0.000142498
0.000168146
7.1204e-06
4.56838e-06
0.000280553
0.00032682
0.000475885
7.55915e-05
0.000232644
4.51451e-06
4.52346e-05
0.000456775
0.00036604
0.000130954
0.00025587
0.000607042
0.000139794
0.000104663
2.68616e-05
4.33964e-05
4.10159e-05
0.000105265
0.000136125
0.000138166
0.000133921
0.000230194
7.59422e-05
9.9319e-05
1.47663e-05
0.000288804
0.000391445
5.10999e-05
2.1061e-05
0.000263612
0.000313971
0.000428501
0.000180325
0.000356109
0.000186028
0.000154499
0.000322984
0.000336119
0.000292376
9.04587e-05
0.000133415
0.000174649
0.00042917
0.000110015
0.000268329
0.000316638
0.000331091
0.000572328
3.19173e-05
0.000490471
0.000156775
0.000323828
0.000493656
0.00023594
0.000194738
0.000291828
0.000216163
0.000270489
0.000176092
0.00034018
0.000243711
8.72564e-06
0.000232203
0.000148172
0.000373475
8.07823e-05
0.000133091
0.000286952
7.44501e-05
6.43777e-05
0.000268078
0.000564156
0.000140955
0.00015676
0.000416579
0.000136914
0.000278657
0.000264598
0.000360065
2.04314e-05
7.8588e-06
9.03217e-05
0.000164286
6.30292e-05
