n=32
J=0.707107
eta=1.01266
mu=0.00506329
beta-optimal=0
max-overlap=0
3.43729e-12
2.76072e-11
8.0443e-12
2.74127e-11
9.42486e-12
2.41708e-12
2.2004e-12
2.0744e-12
6.72733e-12
1.32611e-12
4.09287e-13
8.24027e-13
4.62507e-12
3.6011e-12
2.2457e-12
2.607e-12
1.88981e-12
1.15029e-12
3.90643e-12
2.69976e-12
3.27862e-12
9.73509e-12
2.67665e-12
1.62044e-13
1.36917e-12
4.85351e-13
3.9283e-13
1.12592e-12
1.14489e-12
1.1278e-12
3.73798e-12
7.22319e-13
9.08946e-13
2.27705e-12
4.49711e-13
4.07992e-13
7.27772e-13
8.13774e-13
1.20706e-12
1.47908e-13
1.06567e-12
1.10669e-12
8.73626e-14
1.17232e-13
1.15539e-13
1.2916e-12
3.75688e-13
6.09247e-13
1.18521e-12
1.56934e-13
3.49726e-13
1.06457e-12
9.91477e-13
1.10358e-12
2.3672e-12
1.83345e-12
1.94461e-12
3.87373e-13
2.06835e-13
4.05351e-13
9.29123e-13
5.35162e-13
1.66945e-13
2.76721e-13
1.00098e-12
1.82775e-13
4.6319e-13
1.79294e-13
5.59922e-14
1.0054e-13
1.83999e-13
4.085e-13
3.3798e-14
2.63274e-13
6.09901e-13
6.54844e-13
8.47604e-13
6.02994e-14
1.89876e-13
7.28285e-13
4.8115e-13
1.62122e-12
3.73056e-14
1.21545e-12
9.51912e-14
5.19556e-13
2.1198e-13
8.61575e-13
3.63024e-13
2.92271e-13
2.31495e-13
1.46976e-13
6.65917e-13
6.18287e-14
1.97303e-13
6.1336e-14
6.22364e-13
1.01221e-12
1.5836e-13
7.87374e-13
1.53891e-13
2.25857e-13
5.07852e-13
1.65329e-12
2.06928e-12
1.85182e-12
9.13359e-13
7.23289e-13
1.02158e-13
4.06562e-13
6.13761e-13
1.90526e-13
9.08511e-14
1.12196e-12
6.38765e-14
2.45963e-13
1.10185e-12
1.79693e-13
1.9856e-13
6.45105e-13
8.26008e-14
1.15799e-13
3.93194e-13
8.17279e-14
3.86888e-13
1.69519e-13
6.40083e-13
2.24742e-14
9.47869e-14
1.06711e-13
1.5712e-13
4.10878e-13
4.48269e-14
4.23049e-13
1.90371e-13
7.93142e-14
1.03851e-13
1.41656e-13
5.06448e-13
2.28762e-13
5.14254e-13
1.27256e-13
4.56069e-14
1.47307e-13
7.43003e-13
5.40687e-14
2.18604e-13
1.34427e-13
4.38667e-13
1.44529e-13
1.33755e-13
1.55117e-13
5.17058e-14
1.00303e-13
3.55748e-13
1.76407e-13
2.97706e-13
7.91852e-14
4.52986e-13
2.21752e-12
7.68593e-13
4.31568e-13
4.3406e-14
6.61928e-14
1.77023e-14
1.75495e-13
2.31323e-14
1.00623e-12
3.81627e-13
1.51447e-13
5.32166e-13
7.32977e-14
1.91068e-13
2.01916e-13
1.54403e-14
3.95456e-14
2.61965e-13
5.7099e-13
3.72333e-14
5.49922e-13
5.19806e-14
1.49554e-13
3.30336e-13
5.47861e-14
4.69297e-14
4.32125e-13
6.11115e-13
4.39437e-14
6.28094e-13
6.73571e-14
2.5872e-13
1.06858e-14
7.68667e-13
1.11992e-13
3.43106e-13
2.09795e-13
4.64451e-14
7.90726e-13
1.29878e-14
1.92134e-13
3.57732e-13
4.64869e-14
3.13659e-13
4.56793e-14
1.27099e-13
2.22132e-13
1.35299e-13
1.19658e-12
6.65205e-13
6.69306e-13
6.98875e-13
1.77836e-13
1.17959e-13
6.78309e-14
7.62535e-14
8.34938e-14
6.03363e-14
2.79164e-14
1.37749e-13
2.26015e-14
3.95745e-13
4.24532e-13
7.58099e-14
8.55671e-13
1.56565e-13
6.55574e-14
5.96091e-13
4.61486e-13
5.76166e-14
5.56694e-14
1.85055e-14
7.09858e-14
8.7343e-14
3.49196e-14
3.24095e-13
5.67464e-14
5.97676e-14
2.67084e-13
1.65574e-13
1.79078e-12
3.93622e-13
5.95952e-14
2.64954e-13
3.88038e-14
5.17444e-13
6.87496e-14
3.07088e-13
7.52208e-14
1.16341e-13
1.98471e-13
4.94396e-14
7.23335e-14
5.07568e-13
6.16268e-14
2.9518e-13
5.24863e-13
