n=32
J=0.707107
eta=1
mu=0.101266
beta-optimal=0
max-overlap=0
0.315061
0.273584
0.260448
0.257887
0.235003
0.218135
0.177398
0.176832
0.176244
0.160036
0.141686
0.145663
0.148448
0.132942
0.125307
0.129132
0.129181
0.115948
0.111404
0.098486
0.0890719
0.0917215
0.0972032
0.0956054
0.0893219
0.0876233
0.0727233
0.0841745
0.0852594
0.0790493
0.0817218
0.0751373
0.0711728
0.0758606
0.0696982
0.071747
0.0663717
0.0580203
0.0677302
0.0606118
0.0608741
0.0619596
0.0591305
0.055801
0.0540717
0.0544062
0.0492641
0.0528434
0.049303
0.0448675
0.0478351
0.0448567
0.0451173
0.0510139
0.0419629
0.0446424
0.0471495
0.0406471
0.043136
0.0424714
0.0413119
0.041148
0.0407183
0.039066
0.04133
0.0331439
0.0337589
0.033201
0.0391279
0.0354622
0.0354689
0.0347108
0.0316427
0.0335531
0.0340815
0.0309687
0.0330361
0.0296264
0.0313548
0.0314317
0.0302347
0.029776
0.0282718
0.027867
0.027616
0.0264
0.0281126
0.0270477
0.0262942
0.0275853
0.0268537
0.0240303
0.0243904
0.0255827
0.023534
0.0261872
0.0227379
0.0243728
0.0225169
0.0217428
0.0238618
0.0214034
0.0236876
0.0220902
0.0223714
0.0218792
0.0211359
0.0210247
0.0216164
0.0210172
0.0197188
0.0208037
0.0189992
0.0194803
0.0209962
0.0186255
0.0176448
0.0193351
0.0174236
0.0192737
0.0183477
0.01801
0.0181904
0.0174325
0.0181176
0.0176076
0.0160996
0.0178556
0.0168152
0.0172698
0.017294
0.016193
0.0154465
0.0156058
0.0157241
0.0154891
0.0159251
0.0160625
0.0148934
0.0145501
0.0157058
0.013634
0.0161809
0.0144086
0.0148672
0.0140985
0.0139801
0.014355
0.013415
0.0145444
0.0141265
0.0128182
0.0129501
0.0129699
0.0129067
0.0130115
0.0124125
0.0125351
0.0126744
0.0126458
0.0127459
0.0126325
0.0122554
0.0119827
0.0113937
0.0117355
0.0114883
0.0119071
0.0115725
0.011512
0.0108027
0.0118981
0.0107057
0.0104895
0.0109027
0.01053
0.0104827
0.0111732
0.0102719
0.0105028
0.0103194
0.00984477
0.0106411
0.0098666
0.00997235
0.0101633
0.00982484
0.00998736
0.00990072
0.00887383
0.00942626
0.00957702
0.00962437
0.00950259
0.0088114
0.00942161
0.00917215
0.00886295
0.00906541
0.00867647
0.0082152
0.00836397
0.00802104
0.00815673
0.00851745
0.00791816
0.00784394
0.00825823
0.00775264
0.00775377
0.00764194
0.00764965
0.00796054
0.00810924
0.00708567
0.00767537
0.00770872
0.00757829
0.00755604
0.00742551
0.00711513
0.00675746
0.00711267
0.00681042
0.00679499
0.00712433
0.00696548
0.00703834
0.00662521
0.00660133
0.00639176
0.00671305
0.00654914
0.00636362
0.00608564
0.00662972
0.00649918
0.00609905
0.00614788
0.00579434
0.00586878
0.0058046
0.00596945
0.00567186
0.00567523
0.00541511
0.00501017
0.00514046
0.00572678
0.00522106
0.00516576
0.00505314
0.00514439
0.00516525
0.00495581
0.00485272
