n=32
J=0.707107
eta=1.18987
mu=0.0455696
beta-optimal=0
max-overlap=0
0.00134506
0.00259026
0.000440053
0.00269837
0.00108754
2.90531e-05
0.00112998
0.000479195
0.00162317
0.000945996
0.0010714
0.000482752
0.000747213
0.000729612
0.00186362
0.00064137
0.00411573
0.00094913
0.000269915
0.00100486
0.000369976
0.000573229
0.000144068
0.000218331
0.000108964
0.000200732
0.000507405
0.00105543
0.000266311
0.000914676
0.000515086
0.00078293
0.000134836
0.000434206
0.000339468
4.76185e-05
0.000154435
0.000482083
0.000837818
0.000257542
0.000307972
0.000811422
0.000257819
0.000712461
8.07065e-05
0.000195305
0.000523363
0.000597583
0.000172429
8.63359e-05
0.000433284
0.000677998
0.000104613
6.75716e-05
0.0006269
0.000226894
0.00049967
0.000703069
0.000843625
0.000834072
8.99522e-05
0.00080602
0.000532606
6.91453e-05
0.000462524
0.000167754
0.000364334
0.000145155
4.49035e-05
6.39995e-05
0.000178765
0.000526442
0.000169295
0.000321052
0.000463632
0.000396132
0.000529171
0.000181613
0.00024117
0.0009337
1.06153e-05
0.000182924
4.05354e-05
0.00011964
2.21135e-05
5.08587e-05
0.000304486
1.10914e-05
0.000323245
8.95165e-05
0.000162205
0.000264114
0.000114189
0.000264143
0.000211471
0.000262331
0.000275128
1.37968e-05
0.000247128
0.000177371
9.82849e-05
0.000220312
7.35137e-05
0.000135761
0.000488729
2.67499e-05
0.000398794
0.000161731
8.08615e-05
0.000349106
7.76392e-05
0.00045674
0.000152878
2.15531e-05
4.86896e-05
3.56546e-05
0.000148686
8.33097e-05
9.86109e-05
5.50816e-05
0.000234179
0.000102747
0.000303284
0.000326969
1.77851e-05
0.000226513
9.24266e-06
5.67475e-06
0.000273542
0.000304391
0.000324472
9.45537e-05
0.000150256
6.99147e-06
0.000241516
6.20588e-05
2.79174e-05
0.00036938
0.000172417
0.000402
0.000115153
6.85947e-05
0.000379396
3.53509e-05
6.65119e-05
0.00032307
0.000628595
0.000414109
2.76136e-05
0.000417771
4.8022e-05
0.000148875
0.000204851
9.3586e-05
0.000168851
0.000207714
0.000131298
0.000263988
0.000190435
0.000525337
0.000200827
1.69729e-05
0.000566982
0.00017161
0.000115703
0.000148386
0.000300349
2.66297e-05
0.000134392
0.000661147
7.67113e-06
0.000232251
0.000180784
0.000133433
2.65157e-05
0.000110974
0.00017808
4.46885e-05
3.15629e-05
0.000161561
9.82766e-05
0.000130764
5.10463e-05
0.000223494
8.21728e-05
8.59734e-05
0.000145057
7.02984e-05
3.71388e-06
9.0763e-05
0.000198692
0.000256062
0.000100986
0.000140586
6.51287e-05
0.000109576
0.000438141
0.000200842
0.000586091
0.000283879
3.32638e-05
3.699e-05
7.95628e-05
0.000256091
7.54676e-05
0.000254165
0.000136595
0.000166099
5.049e-05
4.24924e-05
5.90314e-05
0.000350536
1.67804e-05
4.96946e-05
0.000176313
0.000156869
0.000145598
7.02835e-05
8.46622e-05
1.41673e-05
3.09941e-05
2.74554e-05
0.000122866
5.6325e-05
0.000437068
1.77582e-06
0.000143902
0.000253704
1.08193e-05
3.81889e-05
0.000351455
5.27598e-05
0.000311762
9.85447e-05
1.41769e-05
6.25723e-05
0.000129742
4.88138e-05
9.95634e-05
0.000220749
0.000258862
0.000156158
0.000108648
5.7809e-05
0.000277063
0.00021121
0.000299321
3.41232e-05
0.000283688
0.000396245
0.000195299
0.00022214
1.76245e-05
0.000321575
0.000207824
0.000180706
