n=32
J=0.707107
eta=1.8481
mu=0.111392
beta-optimal=0
max-overlap=0
0.000649812
0.00161799
0.000196435
0.00181861
0.00107173
0.00017917
0.000829466
0.000125089
0.00122139
0.00100143
0.000211914
9.02191e-05
0.000628345
0.000521855
0.00183812
0.000903505
0.00297142
0.000567682
0.000499839
0.00151182
0.000257323
0.000642282
7.01474e-05
5.52215e-05
0.000230816
2.78642e-05
0.000477465
0.0010872
0.000376262
0.00103099
0.000627362
0.000896502
0.000222447
0.000277744
0.000390446
6.45115e-05
0.000552334
0.000496081
0.00103305
0.000393711
0.000157138
0.00102302
0.000500789
0.000940473
0.000205878
0.000232383
0.000484892
0.00092786
7.07061e-05
0.00019103
0.000566906
0.000711389
0.000130723
0.000120624
0.000609662
0.000375177
0.000707091
0.00103769
0.00126196
0.00107293
5.80495e-05
0.00113969
0.000651363
3.54875e-05
0.00094906
0.000412527
0.000446627
0.000401867
0.000229394
4.35892e-05
7.28201e-05
0.000621528
0.000102668
0.000356034
0.000618319
0.000584628
0.000661241
0.000307477
0.000322124
0.00128778
8.37532e-05
0.000415768
0.000185577
0.000194844
0.000270004
1.13741e-05
0.000837525
0.000232665
0.000525925
3.66078e-05
0.000322599
0.000337436
4.74357e-05
0.000487606
0.000454444
0.000630545
0.000331795
0.000147354
0.000268977
5.85012e-05
0.000271761
0.00028773
0.000129105
8.77143e-05
0.000799946
0.000178355
0.000645945
0.000294957
0.000241478
0.000369692
0.000119749
0.000669784
0.000204224
2.41306e-06
0.000169264
1.89862e-05
0.000250121
0.000276712
0.000155813
2.53633e-05
0.000395258
0.000188461
0.000382229
0.000572366
0.000130559
0.000256853
1.43516e-05
0.000109731
0.000518338
0.000466083
0.000438286
3.17475e-06
0.000270586
1.72429e-05
0.000324017
0.000132399
0.000143193
0.000504
0.00027553
0.000792671
0.000402065
0.000133778
0.000576815
7.82367e-05
9.07561e-06
0.000363572
0.00103016
0.000774069
2.8422e-05
0.000682656
0.000108441
0.000302809
0.000304839
8.17458e-05
0.000421211
0.000676788
0.000437893
0.000338618
0.000326849
0.0008199
0.000483359
5.37783e-05
0.000881137
0.000186836
0.000202902
0.000200945
0.000495893
0.000191703
0.000264448
0.000995408
4.86162e-05
0.000309553
0.000245821
0.000317525
4.27799e-05
0.000203835
0.000271479
0.000205301
0.000244041
0.000314892
0.000158177
0.000346773
0.000195659
0.000225896
0.000106381
0.000216588
0.000189133
0.000185559
1.75942e-05
0.000234025
0.000402687
0.00042629
0.000352879
0.000369135
0.000134913
0.000167429
0.000819849
0.00043163
0.000934558
0.000547879
1.18774e-05
3.26645e-05
0.000110625
0.000457564
6.69752e-05
0.000579907
0.000245561
0.00023379
7.00274e-05
0.000188365
0.000231733
0.000691315
5.03442e-05
0.000214099
0.000266109
0.000256719
0.000219321
0.000139726
0.000217765
7.08189e-05
0.000192286
1.9552e-05
0.000252984
0.000215421
0.000844213
5.91449e-05
0.000271913
0.000383859
3.60739e-05
4.7551e-05
0.000782564
0.000155149
0.000650911
0.000192294
2.66812e-05
0.000113576
0.000127278
0.000179279
0.000355179
0.000585252
0.000497897
0.000346994
0.000197097
7.95692e-06
0.000560007
0.000390778
0.0006183
6.22727e-05
0.000558298
0.000688846
0.000472394
0.000329013
7.46147e-05
0.000494319
0.000536264
0.000298374
