n=32
J=0.707107
eta=1.13924
mu=0.0177215
beta-optimal=0
max-overlap=0
1.65057e-12
5.87182e-12
3.83287e-12
3.58108e-12
1.8213e-12
6.11934e-13
8.53645e-13
3.72013e-13
1.15308e-12
6.64929e-13
5.5259e-12
1.43868e-12
5.57599e-13
1.07375e-12
1.28492e-12
8.997e-13
5.51608e-13
1.07875e-12
2.30897e-12
1.34284e-12
8.67167e-13
1.61936e-12
4.74374e-13
5.39287e-13
2.25351e-12
4.89904e-13
3.9056e-13
1.33174e-13
1.43508e-12
9.89608e-13
1.40978e-13
2.00066e-13
5.00052e-13
5.80947e-13
1.70157e-12
9.61039e-13
1.03233e-12
5.7665e-13
4.18407e-13
3.4571e-13
1.12795e-12
3.82925e-13
3.61737e-13
4.63482e-13
9.44551e-13
2.54337e-13
6.80185e-13
2.75943e-12
2.24274e-12
2.10483e-12
8.07494e-13
1.15688e-12
6.40557e-14
4.91729e-13
2.94638e-13
3.04399e-13
5.24815e-13
4.69961e-13
6.75772e-13
3.90619e-13
6.04394e-13
4.51792e-13
1.26237e-13
1.65859e-13
1.01371e-13
4.91108e-13
3.14762e-13
6.11178e-13
3.88891e-13
1.54679e-13
3.76409e-13
1.94212e-13
1.93763e-13
8.35367e-14
2.63947e-13
3.70256e-13
1.1457e-13
4.74004e-13
2.02561e-13
1.75262e-13
6.07821e-13
1.7358e-13
6.34169e-13
2.79885e-14
4.61993e-13
1.23586e-13
2.06017e-13
2.09357e-13
2.66411e-13
4.26932e-13
9.00069e-13
3.38714e-13
4.50993e-13
4.57275e-13
8.94139e-14
9.0971e-14
1.21317e-13
8.86856e-14
1.23621e-13
7.34423e-13
3.29871e-13
1.09477e-12
8.06452e-13
9.49836e-13
4.4576e-13
3.97919e-13
3.63446e-13
1.83146e-13
2.42356e-13
1.95545e-13
6.53575e-13
5.04624e-13
1.22526e-14
7.72701e-14
1.21514e-13
2.03983e-13
2.85249e-14
4.10544e-13
1.57926e-13
1.79121e-13
1.02788e-13
1.3615e-13
3.94374e-13
4.5843e-14
2.03586e-13
1.87357e-13
1.52625e-13
1.69232e-13
1.47071e-13
2.61868e-13
1.56576e-13
7.87349e-14
1.03591e-13
1.2427e-13
4.79134e-13
2.45495e-13
8.03327e-14
6.66284e-14
1.60617e-13
2.80816e-13
1.34955e-13
1.76037e-13
6.6578e-14
4.23242e-13
2.1925e-13
5.1774e-14
1.65906e-13
2.46198e-13
2.75e-13
6.65419e-14
1.9643e-13
3.90841e-14
9.66793e-14
2.95977e-13
1.98849e-14
2.97516e-13
4.41796e-13
1.47236e-13
3.37691e-13
2.69064e-13
2.84454e-13
5.40583e-13
1.32896e-12
4.04073e-13
5.01696e-13
4.19164e-13
3.74146e-14
1.1088e-13
8.79351e-14
4.36101e-13
9.86549e-14
1.39839e-13
3.66563e-14
2.10283e-13
2.25677e-13
1.56774e-13
8.51204e-14
8.87417e-14
1.11795e-13
1.20303e-13
2.8538e-13
2.53058e-13
1.2672e-13
1.40359e-13
2.20746e-13
1.14672e-13
7.56342e-14
1.00804e-13
1.97332e-13
5.94984e-14
1.47205e-13
2.93442e-13
5.99428e-14
8.12022e-14
9.46665e-14
1.3113e-13
8.20855e-14
2.13611e-13
1.54554e-13
4.82102e-13
3.8907e-14
9.10723e-14
2.30804e-13
2.85634e-13
1.25897e-13
1.51877e-13
2.08226e-13
2.45288e-13
1.47795e-13
6.77596e-13
3.77672e-14
8.85112e-13
7.9797e-13
2.26834e-13
5.32661e-13
3.45141e-13
6.03483e-13
3.2296e-13
4.03377e-13
3.9236e-13
4.2442e-14
1.18467e-13
1.25517e-13
1.68674e-13
3.5063e-13
2.15257e-13
1.67873e-13
1.85231e-13
6.09962e-14
5.38743e-14
7.17068e-14
5.92192e-14
3.06298e-14
3.07957e-13
1.50388e-13
8.5909e-14
8.8e-14
3.1557e-14
5.89819e-14
9.20809e-14
1.35162e-13
3.81421e-13
2.15788e-13
1.48451e-13
5.20632e-13
6.86549e-13
1.39377e-13
1.07969e-13
9.62415e-14
8.66167e-14
2.60034e-13
1.04662e-13
2.56165e-14
6.81505e-14
1.27542e-13
3.01003e-13
