n=32
J=0.707107
eta=1.01266
mu=0.0278481
beta-optimal=0
max-overlap=0
1.46763e-10
6.44904e-11
1.06312e-10
2.43573e-10
1.33229e-10
1.46127e-10
5.06609e-11
7.27147e-11
8.25013e-11
9.02182e-11
5.73934e-11
3.18524e-11
4.61507e-11
2.31421e-11
3.4209e-11
3.67059e-11
6.67966e-11
1.08233e-11
1.45948e-11
2.84444e-11
1.48602e-11
1.12705e-11
1.32408e-11
2.62319e-11
2.65912e-11
1.66236e-11
1.37744e-12
1.25476e-11
2.61115e-11
1.47482e-11
1.17983e-11
2.7143e-12
6.78198e-12
9.75417e-12
8.87549e-12
5.39932e-12
1.55954e-11
7.19907e-12
6.94242e-12
2.06138e-12
4.65653e-12
1.69632e-11
1.55572e-11
1.03044e-11
1.65716e-11
5.25206e-12
1.54329e-11
1.03897e-11
1.22857e-11
4.93465e-12
7.87126e-12
9.59089e-12
4.56799e-12
6.63073e-12
7.76435e-12
6.52627e-12
1.80268e-12
9.81307e-12
9.67863e-12
5.9424e-12
6.66863e-12
1.10701e-11
1.13201e-12
4.40037e-12
5.59805e-12
2.82454e-12
3.22517e-12
7.13157e-12
8.96777e-12
8.42355e-12
3.18145e-12
3.22876e-12
5.13669e-12
9.11566e-12
8.8083e-12
7.97458e-12
5.41232e-12
3.4971e-12
7.71874e-12
1.36007e-11
7.86548e-12
6.85514e-12
2.11763e-12
6.48892e-12
2.9346e-12
2.05611e-12
1.83106e-12
3.15531e-12
3.95626e-12
7.69761e-12
4.53719e-12
6.52666e-12
3.51037e-13
3.30093e-12
3.24262e-12
2.83737e-12
1.45098e-12
5.86132e-12
2.46001e-12
3.36696e-12
5.57051e-12
5.60885e-12
6.58283e-12
1.4954e-13
1.99871e-12
1.28073e-12
5.09997e-12
4.92803e-12
2.19939e-12
6.56075e-12
5.44873e-12
6.49245e-12
3.95556e-12
3.23499e-12
2.00101e-12
7.26115e-12
6.37564e-12
2.99792e-12
3.30133e-12
4.35852e-12
2.31426e-12
1.26306e-12
4.75384e-12
3.40409e-12
3.95021e-12
5.7094e-12
1.90931e-12
4.48436e-12
1.7748e-12
6.89563e-13
4.48533e-12
5.75463e-12
2.88528e-12
9.35366e-13
6.89251e-12
2.95818e-12
3.56482e-12
2.62017e-12
1.67008e-12
4.8484e-12
4.03143e-12
7.01827e-13
6.02908e-12
1.36215e-12
1.46958e-12
3.00596e-12
2.12503e-12
3.53459e-12
1.19056e-12
4.92305e-12
8.39905e-12
1.73783e-12
3.08432e-12
7.38118e-13
3.06794e-12
1.96722e-12
3.17579e-12
5.53562e-12
8.33109e-13
4.29485e-12
3.02529e-12
2.22457e-12
6.86899e-13
3.72138e-12
6.97448e-13
2.09807e-12
1.87871e-12
2.90359e-12
1.62092e-12
2.49023e-12
3.34449e-12
1.62638e-12
1.56824e-12
2.97109e-12
1.76117e-12
7.36198e-13
1.25919e-12
3.93903e-12
7.17491e-13
1.94552e-12
8.10883e-13
1.11353e-12
3.64202e-12
5.23878e-12
2.55671e-12
5.68732e-13
4.65811e-12
1.71529e-12
2.27567e-12
6.99157e-13
4.07538e-12
2.17518e-12
6.06375e-13
9.96174e-13
4.1947e-12
1.04838e-12
3.122e-12
1.50089e-12
5.05668e-12
1.82628e-12
2.32108e-12
3.08827e-12
1.06581e-12
3.04527e-12
7.92956e-13
2.9689e-12
1.83598e-12
2.92187e-12
8.04535e-13
2.30811e-12
1.41808e-12
3.45707e-12
1.67914e-12
1.10287e-12
1.2063e-12
1.5294e-12
3.03451e-12
4.38561e-13
7.75661e-13
1.07967e-12
1.62626e-12
8.77865e-13
9.00429e-13
3.07008e-13
3.32386e-12
1.39145e-12
1.09555e-12
2.67964e-12
9.31576e-13
6.06665e-13
3.70587e-12
1.30702e-12
2.11125e-12
8.07934e-13
1.39767e-12
3.4814e-12
1.16787e-12
4.45205e-12
3.86295e-12
1.23256e-12
2.32442e-12
7.93553e-13
2.862e-12
1.83725e-12
7.58686e-13
1.09031e-12
2.52006e-12
9.16095e-13
1.53867e-12
2.16833e-12
5.35285e-13
6.39454e-13
2.42706e-12
7.40006e-13
7.02344e-13
1.71677e-12
