n=32
J=0.707107
eta=1
mu=0.113924
beta-optimal=0
max-overlap=0
0.332873
0.278924
0.214312
0.203087
0.188864
0.187009
0.17609
0.166402
0.159195
0.158262
0.156031
0.15108
0.140465
0.137406
0.133524
0.127993
0.124025
0.115919
0.115689
0.117411
0.106488
0.111041
0.107953
0.103459
0.0976702
0.104084
0.101936
0.0929434
0.0895195
0.0830101
0.0887119
0.0852289
0.0827936
0.0762628
0.0784414
0.0739864
0.0763962
0.0778682
0.074957
0.0663029
0.0712765
0.0647934
0.0683743
0.0657323
0.0634394
0.0655538
0.0612248
0.0638444
0.0599676
0.0558221
0.0623836
0.0542229
0.0544136
0.05635
0.0533756
0.0516047
0.050354
0.0506226
0.0475447
0.0473703
0.0471014
0.0481254
0.049353
0.0456026
0.0433193
0.044422
0.043656
0.0436384
0.0429617
0.0422779
0.0415562
0.0415716
0.0412244
0.0406662
0.0411064
0.0358393
0.0392884
0.0379814
0.0377385
0.0378723
0.0399978
0.0361504
0.0346619
0.0363683
0.034507
0.035821
0.0339278
0.0331284
0.0324341
0.0316169
0.0305336
0.0327308
0.033307
0.0293253
0.0308629
0.0297455
0.028602
0.0283634
0.0287539
0.0281093
0.0267593
0.0279785
0.0267372
0.0262925
0.0254464
0.027458
0.0255963
0.0269026
0.0254365
0.0245948
0.0235408
0.0243268
0.023284
0.0257532
0.0238721
0.0242605
0.022394
0.0219228
0.0231372
0.0241176
0.0221742
0.0221468
0.0208744
0.021796
0.0211037
0.0221239
0.0209799
0.0206896
0.0209985
0.0201193
0.0216967
0.0207173
0.0192644
0.0192305
0.0189836
0.0193137
0.0191596
0.0179536
0.0188496
0.0184894
0.0186206
0.0181227
0.0186882
0.0167229
0.0174382
0.017147
0.0173664
0.0172653
0.0168137
0.0166579
0.0169208
0.0166201
0.0165745
0.0165189
0.016137
0.0168659
0.0154214
0.0162119
0.0155918
0.0151955
0.0157198
0.0149217
0.0144748
0.0147759
0.01456
0.0143984
0.0139422
0.0145941
0.0153565
0.0144553
0.0141106
0.0140502
0.013374
0.0131165
0.0134584
0.0134852
0.0124855
0.0126782
0.0132065
0.0129983
0.0128175
0.0133267
0.0126753
0.0129004
0.0124776
0.0118872
0.0117455
0.011641
0.0121347
0.0120434
0.0113423
0.0117712
0.0119055
0.0114371
0.0118863
0.0114809
0.0111105
0.0105634
0.0112701
0.0115279
0.0108988
0.0112107
0.0113459
0.0107113
0.010849
0.0107572
0.0103517
0.0101147
0.0097869
0.0100225
0.0105026
0.00950684
0.00994317
0.00959661
0.00990558
0.00946338
0.00970628
0.00905238
0.00957873
0.00912719
0.00921389
0.00877069
0.00877943
0.0090267
0.008747
0.00872814
0.00870332
0.00856403
0.00849303
0.00842403
0.00840507
0.00838752
0.00848796
0.00845718
0.00816128
0.00809774
0.00794867
0.00788739
0.00784318
0.00768652
0.00774194
0.00763625
0.00753471
0.00749334
0.00704376
0.0072803
0.00695008
0.00712429
0.00688863
0.00685667
0.00668814
0.00657303
0.00643096
0.00631387
0.00627525
0.00594861
