n=32
J=0.707107
eta=1.13924
mu=0.0607595
beta-optimal=0
max-overlap=0
0.00434551
0.00288946
0.00204355
0.00325289
0.001966
0.00308835
0.00350368
0.000151731
0.00164035
0.00159501
0.00213441
0.000938425
0.000465987
0.00187193
0.0017045
0.000564923
0.0017138
0.000394723
0.000896494
0.00205435
0.00101195
0.000528566
0.00140543
0.000482285
0.00239939
0.000563595
0.00185095
0.000708506
0.000191405
0.0025581
0.000395791
0.00132011
0.00189255
0.000196989
0.00147674
0.000434507
0.00071851
0.000847402
0.000157402
0.000310764
0.000759049
0.000534286
0.000153453
0.00119431
0.00165311
0.000766369
0.000671617
0.00145274
0.000246824
0.000431917
0.00112133
0.000285208
0.00100594
2.72003e-05
8.66999e-05
0.000343127
0.000929809
0.0010194
0.000978109
0.000350762
0.000352672
0.000553717
0.000195639
0.000767447
0.000184947
0.000904752
0.000201754
0.00104038
6.84663e-05
0.000968133
0.000844347
0.000344916
1.31357e-05
0.000204999
0.000122341
0.000651165
0.000363895
0.00118953
5.61331e-05
0.000667233
0.000268221
0.000750942
0.000889593
7.20831e-06
0.000284065
7.604e-05
0.000124621
0.000312297
6.63226e-05
0.00111411
6.8819e-05
0.000624508
1.18518e-05
0.000129162
3.36623e-05
0.000709837
0.000520095
0.000470295
0.000726398
0.00041076
3.08862e-05
0.000530581
0.000198523
0.000244691
0.00010842
6.50506e-05
1.83541e-05
0.000220154
0.000336574
0.000663988
5.1169e-06
7.75273e-05
0.000368756
8.72658e-05
0.000952744
0.000155365
0.00037416
0.000496198
0.000359504
0.000162002
2.59097e-05
0.000321384
0.000600158
4.07185e-05
0.000732958
0.000396693
0.000124637
0.000184874
6.24964e-05
0.00021939
0.000358579
0.000242357
0.000175798
0.000135304
0.000213311
0.000799481
0.00011557
0.0005896
0.000459552
0.000324553
0.000152469
0.000389308
0.000227777
0.000323236
5.64416e-05
0.000290372
0.00027699
0.000162866
0.000222894
0.000156727
0.0001185
0.000106551
6.81365e-05
0.000284957
0.00010514
8.7323e-05
0.000418798
0.000161026
0.000145945
0.000129252
0.000101638
0.00016679
0.000341666
7.72347e-06
1.084e-05
0.000246531
0.000368414
0.000348155
0.000233362
0.000213528
0.000123194
2.3982e-05
0.00032386
0.000259212
0.000473081
2.97882e-05
0.000254849
2.73932e-05
1.05373e-05
0.000320582
0.000321915
5.18291e-05
0.000300527
0.000601107
3.86538e-05
0.000122046
4.06682e-05
4.13824e-06
2.86204e-05
6.17315e-05
5.84893e-05
7.93997e-05
0.000138314
0.000224546
6.23871e-05
7.0081e-05
4.50687e-05
0.000241598
0.00024009
5.68274e-05
2.74168e-05
0.000253259
0.000282657
0.000390394
0.000163444
0.000385863
8.78292e-05
7.28115e-05
0.000312437
0.000261332
0.0002947
6.46923e-05
6.62246e-05
0.00017392
0.000329735
8.90881e-05
0.00026234
0.000351003
0.000266611
0.00042259
6.25977e-06
0.000402215
0.000172521
0.000224202
0.000471023
0.000113194
0.000206836
0.000299752
0.000182605
0.000244399
0.00012668
0.000319284
0.000242886
4.71041e-05
0.000278009
0.000124161
0.000327153
2.31542e-05
0.000165531
0.000304008
5.49575e-05
6.97692e-05
0.000381778
0.000475905
0.000135576
0.000126195
0.000328841
0.000190533
0.000255803
0.000221494
0.000331913
2.2744e-05
3.70155e-06
4.8024e-05
0.000132431
6.39027e-05
