n=32
J=0.707107
eta=1.24051
mu=0.0987342
beta-optimal=0
max-overlap=0
0.00325608
0.000540397
0.00126753
0.000958736
0.00194759
0.000672972
0.00188227
0.00243529
0.00147968
0.00308855
0.00290568
0.00131292
0.00171305
0.00176662
0.000542791
2.18292e-05
0.000210553
0.000363424
0.00230071
0.00132349
0.00109437
0.00407666
0.000552922
0.00145649
0.00120256
0.000860637
0.00141339
0.00071559
0.000250705
0.00114546
0.00062306
0.00141466
0.00186683
0.000324965
0.000332612
0.0011497
0.000852452
0.00189017
0.0011572
0.00102756
0.000946406
0.00033907
0.000663081
0.000647787
0.000407145
0.000431462
0.00122358
0.000782854
0.000758579
0.00118272
0.00163507
0.00099321
0.000315418
0.000407032
0.00119414
0.000870402
0.00176185
0.00191706
0.000621319
0.000604889
0.0011762
0.000960721
1.94824e-05
0.00107815
0.000478517
0.000251416
8.53075e-05
0.000698077
0.00064775
0.000254614
0.000286961
0.000535385
0.000217234
0.000416372
0.00187687
0.00108047
0.000177385
0.000270276
0.000113655
0.000427273
0.000130239
0.000688329
0.000607506
0.000138469
0.000192907
0.000171128
0.00021024
0.000317748
0.000338752
0.000300952
0.00102906
0.000196609
0.00091066
0.000253672
0.000249244
0.000480472
0.000915911
0.000916032
0.00015063
0.00160569
0.000399701
0.000280292
0.000718928
0.00113075
0.000676757
0.00142781
0.000576455
0.000563379
4.27145e-05
0.000256582
0.000922437
0.000150374
0.000296573
0.000234672
0.000270513
0.000180293
0.000284184
0.000123605
0.00067742
0.000234308
0.000110924
0.000172388
0.000643245
0.000248799
0.000244371
0.000653001
0.000502105
0.000184348
0.00027544
0.000369483
0.0010723
4.93649e-05
0.000818408
0.000321728
8.56385e-05
4.53361e-05
0.00015921
0.000304833
0.00046273
0.000203398
0.00127896
5.34684e-05
0.000607939
8.27947e-05
0.000146548
0.000125729
0.0006061
0.000175633
0.000269703
0.000120924
3.36902e-05
7.22559e-05
0.000210849
9.41661e-05
7.26173e-05
0.000296859
0.000273618
1.12084e-05
0.000815186
0.000621751
0.000527809
0.000257928
0.000562062
0.000327466
0.000199909
0.000107257
0.000308811
0.000121468
0.000271323
0.000720967
5.331e-05
0.000256382
0.000193598
0.000310731
0.000733187
8.05827e-05
0.000226297
0.00012096
0.000104413
0.000607037
5.87778e-05
0.000212317
0.000405848
0.000103311
0.000394603
0.000574786
0.000103965
4.35373e-05
0.000114992
0.000209848
3.96693e-05
0.000489127
0.000366617
0.000486415
4.82536e-05
0.000258305
0.000483094
0.000129489
0.000212276
5.02986e-05
0.000302977
0.000261426
0.000137515
0.000399752
3.20579e-05
3.73745e-05
0.00024721
0.000511175
0.000122062
0.000252836
0.000228761
0.000174333
0.000115606
0.000540098
0.000319233
0.000284396
0.000243599
0.000430744
0.000518789
0.000233365
0.000475962
0.000159528
0.000153268
0.000185758
0.000253227
0.000184922
0.000110522
0.000211936
0.00026
2.94655e-05
7.45927e-05
0.000423687
8.25274e-05
0.000392015
0.000136957
0.000117606
0.000344986
2.32693e-05
2.48263e-05
7.96574e-05
0.000133903
0.000747119
0.000206767
9.02138e-05
0.00027673
6.8089e-05
5.20306e-05
0.000587736
0.000407015
0.000248254
0.000382811
0.000232037
0.000247873
6.08033e-05
0.000111671
5.01442e-05
