n=32
J=0.707107
eta=1.13924
mu=0.0556962
beta-optimal=0
max-overlap=0
1.54304e-11
2.28331e-11
3.81845e-12
1.05704e-11
9.27908e-12
1.38945e-11
1.58216e-11
9.58349e-12
1.04145e-11
5.61313e-12
9.48545e-12
1.50952e-11
1.09493e-11
1.46536e-11
6.7291e-12
7.54929e-12
7.95083e-12
3.80423e-12
2.45739e-12
6.56656e-12
5.5506e-12
6.95574e-12
6.01072e-12
2.71921e-12
1.94068e-12
1.7726e-12
6.02493e-12
4.5047e-12
4.91849e-12
1.08659e-12
6.86677e-13
2.48534e-12
4.74301e-12
1.67644e-12
2.68864e-12
1.05768e-11
2.52016e-12
3.23433e-12
2.8301e-12
2.05902e-12
2.09289e-12
1.41748e-12
1.53997e-12
1.30749e-12
3.71312e-12
4.88704e-12
3.99284e-12
8.54735e-13
1.58291e-12
2.21075e-12
1.43423e-12
2.49462e-12
1.33175e-12
3.94456e-12
2.98501e-12
1.88777e-12
3.68997e-13
8.8262e-13
3.14383e-12
2.91605e-12
2.02501e-12
8.3214e-13
2.11465e-12
1.25178e-12
3.31179e-12
3.65559e-12
1.57143e-12
1.61385e-12
1.6989e-12
1.95353e-12
1.4822e-12
3.73634e-13
1.27811e-12
4.16482e-12
1.50719e-12
1.33042e-12
2.12336e-12
1.64859e-12
1.40926e-12
2.71493e-12
1.72205e-12
2.36242e-12
1.33595e-12
8.56748e-13
1.24886e-13
2.23886e-13
8.95368e-13
5.38934e-13
1.9525e-12
2.61075e-13
3.34155e-13
1.09505e-12
2.28411e-12
3.19801e-12
4.25347e-13
4.17009e-13
9.19285e-13
9.79497e-13
2.90001e-12
1.19898e-12
7.81399e-13
1.94433e-12
8.97385e-13
3.15487e-12
4.34764e-13
2.06696e-12
6.07678e-13
2.00075e-12
2.41232e-12
1.1123e-12
8.6706e-13
5.06222e-13
5.40338e-13
1.32311e-12
1.42051e-13
1.50423e-12
2.93333e-13
8.80217e-13
9.77771e-13
1.6377e-12
1.4118e-12
8.02197e-13
3.1438e-13
9.037e-13
1.39241e-12
1.29585e-12
4.37067e-13
1.2341e-12
1.4754e-12
5.88167e-13
2.52927e-12
3.83957e-13
2.81228e-13
5.41683e-13
4.43585e-13
8.92408e-13
1.1333e-12
8.76846e-13
1.14085e-12
6.57683e-13
7.56523e-13
8.25209e-13
2.26474e-12
1.33422e-12
2.08295e-12
7.72824e-13
5.71659e-13
1.13349e-12
1.91938e-12
1.16196e-12
2.36347e-13
3.4367e-13
1.2401e-12
2.25691e-13
4.11454e-13
1.37752e-12
9.20178e-13
3.06484e-13
3.61045e-13
5.84498e-13
6.45196e-13
5.15328e-13
1.4394e-12
9.26328e-13
9.83321e-13
1.04326e-12
1.52152e-13
8.11196e-13
4.89744e-13
1.05921e-12
8.4878e-13
1.30201e-12
2.73477e-13
5.01763e-13
4.741e-13
6.8835e-13
5.73802e-13
1.85362e-13
1.46935e-12
9.96373e-13
2.99634e-13
3.31098e-13
1.11055e-13
1.69739e-13
1.75791e-12
2.17698e-13
1.86435e-13
6.90899e-13
6.7018e-13
2.31467e-13
1.05058e-13
9.12967e-13
8.11126e-13
6.71551e-13
3.07151e-13
3.6707e-13
4.31696e-13
4.35501e-13
1.76812e-13
1.02389e-12
1.07678e-12
1.1032e-12
2.52254e-13
4.87269e-13
7.31665e-13
5.44683e-13
6.36092e-13
6.37336e-13
2.29394e-13
7.81023e-13
1.07401e-12
1.16582e-12
7.5103e-13
4.70219e-13
9.37932e-13
1.50702e-12
1.25881e-13
5.14585e-13
4.17826e-13
5.48131e-13
1.2066e-13
7.1237e-13
7.76664e-13
1.86516e-13
9.10917e-13
4.65104e-13
9.7493e-13
3.31562e-13
3.05986e-14
1.02527e-12
9.06746e-13
1.19045e-13
6.86657e-13
6.49786e-13
3.01208e-13
3.70731e-13
4.82512e-13
9.8128e-13
7.0298e-13
8.62054e-14
8.06072e-13
1.17645e-12
1.50501e-12
5.11786e-13
2.87e-13
7.22061e-13
7.99382e-13
3.68551e-13
4.87329e-13
8.10145e-13
6.12446e-13
1.12734e-12
5.94721e-13
5.68545e-13
3.33749e-13
7.13194e-13
