n=32
J=0.707107
eta=1.11392
mu=0.0556962
beta-optimal=0
max-overlap=0
1.01578e-11
1.62359e-11
1.16423e-11
6.49656e-12
4.69474e-12
3.85665e-12
3.62863e-12
4.78276e-12
9.42739e-12
3.84052e-12
4.99064e-12
3.76943e-12
5.74864e-12
3.97007e-12
1.87613e-12
6.23364e-12
1.55952e-12
5.50787e-12
5.60361e-12
2.38522e-12
1.66979e-12
1.76133e-12
1.19286e-12
9.87711e-13
3.26807e-12
4.57457e-12
3.78795e-12
4.82903e-12
4.14144e-12
3.75114e-12
1.09185e-12
4.59583e-12
3.44862e-12
1.08452e-12
5.45409e-13
3.15951e-12
4.69059e-13
2.74961e-12
1.16047e-12
9.60082e-13
9.56137e-13
1.54178e-12
3.65786e-12
1.13883e-12
2.17159e-12
2.78572e-12
3.5156e-12
2.98126e-13
8.20624e-13
5.58178e-13
5.39226e-13
4.70542e-13
1.92093e-12
9.12368e-13
1.03734e-12
2.09029e-12
2.37068e-12
2.26115e-12
5.6382e-13
3.53165e-13
2.09061e-12
8.08739e-13
6.88419e-13
6.78827e-13
1.28427e-12
5.80274e-13
1.73399e-12
1.0916e-12
9.05236e-13
4.59682e-13
6.98347e-13
1.43354e-12
5.32126e-13
1.00027e-12
1.42275e-12
6.99054e-13
8.66252e-13
9.54779e-13
1.24293e-12
1.85248e-12
4.43745e-13
1.6297e-12
6.25691e-13
7.9146e-13
2.80225e-13
3.76508e-13
2.18717e-13
1.93778e-13
2.13448e-13
6.99666e-13
3.23596e-13
6.135e-14
1.0813e-12
2.62715e-13
1.49504e-12
7.83928e-13
2.44585e-13
1.45585e-12
4.82968e-13
2.20105e-13
1.00133e-12
1.47565e-12
2.79619e-13
6.26049e-13
1.04519e-12
8.03196e-13
4.17899e-13
4.684e-13
1.03239e-12
1.17445e-12
2.89077e-13
9.19364e-13
2.07129e-13
1.34486e-13
4.087e-13
3.46454e-13
1.20911e-13
3.40881e-13
1.5413e-12
5.13246e-13
7.24563e-13
4.20324e-13
6.05999e-13
2.17589e-13
7.21101e-13
3.34173e-13
6.48069e-13
9.3677e-13
2.68901e-13
2.93577e-13
6.32379e-13
2.46729e-13
2.55443e-13
4.99633e-13
1.04451e-13
4.26005e-13
3.19805e-13
2.77178e-13
3.80169e-13
7.3112e-13
5.26802e-13
3.81579e-13
8.93517e-13
5.28857e-13
8.80706e-13
6.52539e-13
2.00448e-13
4.20445e-13
9.31757e-13
4.83301e-13
7.75012e-13
8.0283e-13
5.70775e-13
1.91108e-13
3.52778e-13
7.12771e-13
7.47515e-13
3.25365e-13
7.66779e-13
6.48903e-13
5.5891e-13
9.97735e-13
5.8304e-13
1.1478e-13
2.68167e-13
3.08495e-13
2.66674e-13
8.8653e-13
3.94912e-13
4.67045e-13
2.06655e-13
3.09117e-13
8.45523e-13
1.59745e-12
1.13371e-13
1.64329e-13
4.85064e-13
2.79861e-13
3.30561e-13
7.4415e-13
3.02229e-13
2.02945e-13
4.19734e-13
4.81913e-13
6.81292e-13
3.61869e-13
1.09212e-12
2.80376e-13
2.54345e-13
1.17466e-13
4.69874e-13
2.95052e-13
4.19046e-13
2.83741e-13
4.66743e-13
6.02033e-13
5.52041e-13
1.68463e-13
4.07725e-13
2.74197e-13
6.28693e-13
2.8159e-13
1.75164e-13
5.81438e-13
1.50498e-13
3.61066e-13
3.9061e-13
6.3827e-14
3.54244e-13
6.23792e-13
5.22152e-13
1.31556e-13
4.54561e-13
1.07678e-13
4.97561e-13
2.36207e-13
3.0217e-13
2.57942e-13
6.90461e-13
1.34183e-13
1.03981e-12
3.57323e-13
1.87622e-13
6.16697e-13
4.17053e-13
3.12004e-13
3.4866e-13
5.28132e-13
3.03355e-13
6.1966e-13
4.1975e-13
2.20486e-13
3.5668e-13
3.68452e-13
4.1378e-13
5.22815e-13
8.09304e-13
2.99475e-13
4.58715e-13
1.753e-13
2.86907e-13
1.1965e-13
2.91055e-13
3.85089e-13
1.14447e-12
1.90681e-13
6.37114e-13
4.2331e-13
7.3488e-13
5.65187e-13
7.72913e-13
2.64232e-13
4.08931e-13
3.02037e-13
3.5021e-13
4.89194e-13
