n=32
J=0.707107
eta=1.8481
mu=0.106329
beta-optimal=0
max-overlap=0
0.000729293
0.00157927
0.000250838
0.00180245
0.00111812
0.000344427
0.000814074
5.3132e-05
0.00119662
0.000919539
0.000278111
6.47238e-05
0.000748828
0.0004564
0.00171518
0.000829935
0.00291964
0.000647527
0.000453313
0.00144163
0.000190945
0.000667056
6.68651e-05
2.14896e-05
0.000171119
3.3675e-05
0.000462522
0.00101692
0.000445294
0.00100733
0.000487798
0.000833813
0.000210182
0.000272614
0.000328004
0.000113924
0.000393617
0.000538759
0.00101165
0.000328313
0.00019923
0.0009964
0.000438011
0.000864035
9.46427e-05
0.000213246
0.000438609
0.000809985
9.883e-05
0.000184509
0.000501444
0.000755298
7.88964e-05
0.000155435
0.000604479
0.000354518
0.000716558
0.000915902
0.00121158
0.00105601
3.8955e-05
0.00110383
0.000617025
5.49703e-05
0.000881281
0.000364719
0.000436686
0.000396032
0.000138687
0.000104596
4.81832e-05
0.000639138
0.000188165
0.000298012
0.000559523
0.000559318
0.000638239
0.000278843
0.000319382
0.0012117
0.00011258
0.000415972
0.00015118
0.000105669
0.000252498
2.54704e-05
0.000773558
0.000163961
0.00048026
1.82903e-06
0.000254969
0.000331839
4.45186e-05
0.000462872
0.000435048
0.000575096
0.000321426
0.000106757
0.000251111
8.61831e-05
0.000230191
0.00023687
9.59826e-05
0.000101735
0.000749632
0.000119673
0.000625447
0.000310193
0.000223016
0.000338544
7.59209e-05
0.000664252
0.000193787
1.56255e-05
0.000188067
5.80408e-05
0.000205107
0.00023649
0.000156393
1.78706e-05
0.000366449
0.000174644
0.000405244
0.000565436
8.99801e-05
0.000286786
1.77023e-05
0.000111429
0.000506695
0.000471646
0.000443295
1.60475e-05
0.000224462
1.5758e-05
0.000310029
8.60687e-05
0.000112647
0.000499809
0.000273232
0.000744896
0.000377523
0.000133042
0.000526592
4.4851e-05
2.36056e-05
0.000365487
0.000943971
0.000745524
4.09939e-05
0.000666779
0.000126959
0.0003093
0.000294029
5.84492e-05
0.000383463
0.000568324
0.000396091
0.000346317
0.000315591
0.000812811
0.00042016
1.9465e-05
0.000838797
0.000189514
0.000192925
0.000194277
0.000491561
0.000144259
0.000273179
0.000968531
1.2648e-05
0.000299521
0.000248096
0.000280471
4.51404e-05
0.000163977
0.000304848
0.000194681
0.000226475
0.000267985
0.00016112
0.000304217
0.000183997
0.000252014
0.000136951
0.000230135
0.000199529
0.000146565
9.72743e-06
0.000197054
0.000405417
0.000433904
0.000325904
0.000331499
0.000107755
0.000151816
0.000813931
0.000404409
0.000908044
0.000531884
9.54585e-06
1.20668e-05
0.00010799
0.000423759
5.46224e-05
0.000570985
0.000239586
0.00022436
8.34232e-05
0.000162592
0.000210484
0.000680084
1.29614e-05
0.000231269
0.000265572
0.000261713
0.000220075
0.000168729
0.000208067
6.726e-05
0.000173943
1.71915e-05
0.000250017
0.000187176
0.000753526
7.47163e-05
0.000255929
0.000388474
1.77348e-05
2.76872e-05
0.000733484
0.000124261
0.000636894
0.000217125
3.00762e-05
0.00012895
0.000128768
0.000163688
0.000357006
0.000515624
0.000475022
0.000297554
0.000238342
1.18984e-05
0.000539799
0.000377281
0.000610676
8.14256e-05
0.000531059
0.000641739
0.000475335
0.000328357
8.40862e-05
0.000476759
0.000520953
0.000273448
