n=32
J=0.707107
eta=1
mu=0.0582278
beta-optimal=0
max-overlap=0
0.660413
0.380456
0.199439
0.167709
0.150602
0.136874
0.139614
0.115749
0.117367
0.103023
0.113632
0.107444
0.0826096
0.0787153
0.0765045
0.0798706
0.0719684
0.0641805
0.0612875
0.0656494
0.0559821
0.0649092
0.0589691
0.0530177
0.0501482
0.0591244
0.0559701
0.0463254
0.0470714
0.0359359
0.0422785
0.0390715
0.0440414
0.0319841
0.0347492
0.0325514
0.0328931
0.0334003
0.0368257
0.025898
0.0308804
0.0262096
0.0273145
0.0267506
0.025098
0.0305947
0.0236303
0.0263216
0.023601
0.0214867
0.030977
0.0205468
0.0195566
0.0233239
0.0199877
0.0193721
0.0179767
0.0182025
0.0163642
0.0175909
0.0168099
0.0173539
0.019729
0.015342
0.0134868
0.0156381
0.0149708
0.0148887
0.0146643
0.0154579
0.014178
0.0148022
0.014011
0.0141707
0.0147193
0.0104222
0.012535
0.0133193
0.0128249
0.0122618
0.0145768
0.0119406
0.0111946
0.0121492
0.010729
0.0118991
0.0111116
0.0118371
0.00997812
0.00956929
0.00946403
0.0106628
0.010788
0.00869382
0.00977617
0.00935114
0.0085743
0.00857039
0.00908145
0.00872299
0.00756586
0.00926896
0.00796969
0.00762198
0.00719088
0.00959185
0.00747242
0.00861043
0.00769927
0.00664005
0.00652658
0.00674337
0.00673331
0.00822396
0.0070057
0.00729823
0.00613132
0.00602226
0.00693978
0.00734776
0.00615343
0.00633365
0.00544813
0.00640958
0.00567969
0.0065928
0.00593872
0.00564948
0.00604631
0.00535722
0.00633013
0.00586803
0.00508434
0.00517645
0.00527377
0.00533158
0.00547847
0.0047018
0.00504677
0.00484894
0.00543292
0.00508783
0.00525604
0.00409179
0.00467799
0.00458615
0.00479819
0.00474778
0.0045563
0.00432893
0.00457802
0.00427806
0.00435088
0.00460432
0.00432116
0.00493202
0.00379466
0.00442725
0.00413261
0.00378798
0.00433295
0.00401346
0.0035159
0.00368756
0.00374332
0.00351549
0.00337665
0.00407402
0.00440944
0.00386857
0.00354749
0.00359262
0.00316386
0.00316691
0.00326392
0.00326679
0.00274735
0.00299399
0.00317098
0.00316652
0.00321663
0.00354914
0.00314549
0.00355901
0.0031233
0.00299569
0.00279453
0.00259857
0.00293493
0.00296601
0.00251721
0.00283242
0.00296749
0.00286712
0.00311464
0.00285799
0.00271903
0.00242021
0.00265455
0.00281875
0.0026477
0.00272982
0.00280084
0.00255688
0.0026571
0.00263457
0.00248297
0.00229925
0.00217208
0.00242133
0.00246796
0.00216157
0.00237537
0.00211349
0.00232417
0.00216271
0.00248747
0.00205056
0.00230668
0.00204941
0.00215216
0.00203102
0.00192437
0.00215128
0.00200274
0.00217194
0.00200457
0.00207425
0.0020508
0.00192519
0.00189721
0.00205197
0.00212242
0.0020492
0.00189882
0.00182198
0.00175832
0.00178897
0.00177441
0.00180403
0.0017031
0.00181543
0.00176664
0.00172069
0.00155726
0.00168841
0.00153207
0.00163132
0.00158447
0.00147271
0.00145195
0.00150222
0.00147677
0.00142999
0.00142767
0.00126499
