n=32
J=0.707107
eta=1.41772
mu=0.0708861
beta-optimal=0
max-overlap=0
0.000945658
0.00201813
4.9021e-05
0.0020504
0.000730506
0.000213286
0.000941369
3.28996e-05
0.00138366
0.00093999
0.000758304
0.000353894
0.000636156
0.000747394
0.001998
0.00072513
0.00390658
0.000852848
0.000326469
0.00116819
0.000486916
0.000561764
0.000224477
0.00019252
0.000180739
0.00011319
0.000566813
0.00115013
0.000225775
0.00101188
0.000665822
0.000838828
0.00014922
0.000352567
0.000439083
7.22211e-05
0.000384377
0.000518518
0.000970542
0.000445966
0.000249676
0.000893934
0.000381556
0.000889781
8.78512e-05
0.00031373
0.000580569
0.000810543
0.00010445
0.000104559
0.000577364
0.000695903
0.000161002
0.000100919
0.00067773
0.000284543
0.000596215
0.000935794
0.00107923
0.000945998
0.000140858
0.000954415
0.000637709
6.77025e-05
0.000719145
0.000279232
0.000431246
0.00019459
0.000163047
1.49636e-05
0.000119164
0.00058352
0.000114548
0.000380539
0.000586342
0.000493175
0.000642846
0.000235554
0.000307561
0.00115188
3.15728e-05
0.000250362
8.86595e-05
0.000237078
8.88505e-05
7.83594e-05
0.000541491
9.88885e-05
0.000416978
0.000140842
0.00026326
0.000334886
7.79905e-05
0.000347479
0.0002934
0.00045356
0.000328455
7.97682e-05
0.00031242
0.00018145
0.00020754
0.000310475
0.000111443
0.000137249
0.000644958
0.000113481
0.0005329
0.000209493
0.000101367
0.000417524
0.000146369
0.000558049
0.000219163
4.00538e-05
5.08652e-05
1.19956e-05
0.00022561
0.000174855
0.000135919
5.40638e-05
0.000337777
0.000138843
0.000327488
0.000449151
4.4819e-05
0.00023289
2.07944e-06
2.53663e-05
0.000374712
0.000361784
0.000410539
0.000105608
0.000234281
2.08985e-05
0.000321261
1.22934e-05
8.03304e-05
0.000508467
0.000236245
0.000599025
0.000163782
9.34822e-05
0.000514551
3.77832e-05
6.6443e-05
0.000374318
0.000866207
0.000560471
3.23986e-05
0.000539505
5.36395e-05
0.000213875
0.000239646
0.000130013
0.000294645
0.00040269
0.000277409
0.000324758
0.000296756
0.00066264
0.000357867
3.46397e-05
0.000758321
0.000201705
0.000168439
0.000222187
0.000417047
8.81898e-05
0.000186957
0.000871447
5.18246e-05
0.000294308
0.000220964
0.000243557
2.11982e-05
0.000179455
0.000208044
1.45328e-05
9.61028e-05
0.000267262
0.000136606
0.000221089
9.67171e-05
0.000257015
7.30578e-05
0.000125008
0.000183816
0.000130372
1.07875e-06
0.00014336
0.000271173
0.000330424
0.000185661
0.000243785
0.000101479
0.000137922
0.00058847
0.00030366
0.000810273
0.000398874
1.95936e-05
6.09376e-05
9.64087e-05
0.000365697
8.15273e-05
0.000359136
0.000192615
0.000229355
8.3504e-05
9.45292e-05
0.000136385
0.000511771
5.41749e-05
7.73501e-05
0.00021818
0.000197016
0.000172402
9.09607e-05
0.000146962
4.82656e-05
6.90306e-05
4.18789e-05
0.00015792
0.000105275
0.000661744
7.80531e-06
0.000228283
0.000328206
4.09182e-05
5.17478e-05
0.000532003
0.000112754
0.000443509
0.000140172
2.95338e-05
7.11813e-05
0.000168928
9.3444e-05
0.000168153
0.000377807
0.00036196
0.000246635
0.000130128
6.81273e-05
0.000397038
0.000298952
0.000425336
5.12714e-05
0.0004287
0.000544173
0.000304025
0.000290857
9.8379e-06
0.000434102
0.000367386
0.000256897
