n=32
J=0.707107
eta=1.11392
mu=0.0556962
beta-optimal=0
max-overlap=0
1.25972e-11
9.70997e-12
1.45079e-11
5.6318e-12
7.6733e-12
3.66582e-12
1.45929e-12
4.77422e-12
9.10513e-12
5.20829e-12
4.39267e-12
3.32446e-12
1.11768e-11
1.37733e-12
2.3232e-12
2.24477e-12
3.94371e-12
2.50561e-12
1.6298e-12
5.65349e-12
2.10316e-12
1.56508e-12
1.26688e-12
4.69753e-12
3.18961e-12
1.72488e-12
6.37026e-13
1.73063e-12
5.77924e-12
2.40362e-12
9.70215e-13
1.95065e-12
3.23735e-12
9.33931e-13
1.28933e-12
2.93352e-12
1.27364e-12
2.5381e-12
3.11034e-12
8.69303e-13
1.71131e-12
4.61304e-12
8.43038e-13
1.81877e-12
4.23806e-12
3.65849e-12
3.83398e-12
1.59537e-12
2.8223e-12
5.62876e-13
1.3778e-12
1.13351e-12
3.90287e-13
1.81598e-12
2.6437e-12
2.82613e-13
1.42132e-12
2.07872e-12
1.66624e-12
1.88683e-13
1.94584e-12
2.83735e-12
1.93534e-13
1.13188e-12
1.25265e-12
3.69133e-13
7.03281e-13
1.25446e-12
3.75882e-12
5.3561e-13
7.57843e-13
1.42773e-12
1.63622e-12
1.67173e-12
1.26393e-12
1.76491e-12
9.27858e-13
3.94243e-13
2.8011e-12
2.23496e-12
2.58516e-12
1.74229e-12
1.86895e-13
1.60978e-12
4.7232e-13
1.46041e-12
3.90222e-13
7.20272e-13
1.80982e-12
1.55173e-13
3.72207e-13
2.115e-12
5.37716e-13
1.39194e-12
4.59002e-13
9.42535e-13
3.38018e-13
1.23934e-12
1.46906e-12
1.03022e-12
2.64129e-12
7.31563e-13
1.0565e-12
8.69004e-13
1.05733e-12
4.96461e-13
1.01823e-12
3.17663e-13
9.76715e-13
6.14683e-13
2.38803e-13
2.66167e-12
2.5288e-13
4.42512e-13
5.05277e-13
7.10722e-13
1.10651e-12
2.50947e-13
6.46134e-13
4.00421e-13
7.66193e-13
4.43992e-13
8.87257e-13
1.32624e-12
3.03525e-13
8.37323e-13
1.06056e-12
7.84469e-13
1.3679e-12
4.64681e-13
4.39831e-13
7.08617e-13
1.32172e-13
4.21686e-13
7.77646e-13
1.27982e-13
5.17527e-13
5.79008e-13
4.36333e-13
5.32408e-13
1.42501e-12
1.77654e-13
2.23855e-13
8.5196e-13
5.00349e-13
5.70129e-13
8.05163e-13
4.19904e-13
8.93635e-14
5.71168e-13
1.04041e-12
2.75355e-13
6.73018e-14
3.96071e-13
1.05474e-12
2.10677e-13
5.47448e-13
1.33852e-12
2.64984e-13
6.79619e-13
3.20345e-13
2.90166e-13
5.27007e-13
8.02213e-13
1.31891e-13
5.91018e-13
2.31505e-13
1.36428e-13
5.31841e-13
1.26286e-12
9.22967e-13
7.62312e-13
2.85264e-13
4.76752e-13
3.08812e-13
5.69035e-14
5.65303e-13
4.39992e-13
1.22808e-13
6.22021e-13
2.60397e-13
3.17392e-13
1.54503e-12
1.44476e-12
2.20772e-13
3.385e-13
1.54455e-12
1.07126e-13
4.88955e-13
3.02083e-13
8.46761e-13
3.51196e-13
2.41455e-13
4.57691e-13
9.82025e-13
1.06263e-12
9.47128e-13
1.88143e-13
9.60628e-13
7.09451e-13
6.3767e-13
2.82405e-13
4.26498e-13
3.56449e-13
2.45718e-13
1.08947e-12
3.22898e-13
5.25678e-13
3.28057e-13
4.0325e-13
1.16572e-12
9.42668e-13
6.28572e-13
3.93347e-13
1.62875e-13
4.94663e-13
5.12395e-13
4.24692e-13
9.6782e-14
1.48068e-13
5.39375e-13
2.35968e-13
4.33122e-13
3.9298e-13
7.28734e-13
7.3343e-13
2.18323e-13
2.80839e-13
1.92981e-13
1.45795e-13
3.80652e-13
1.91978e-13
3.08577e-13
4.23921e-13
1.92201e-13
3.59405e-13
4.22221e-13
5.86442e-13
6.07421e-13
1.15461e-13
1.95192e-13
1.99752e-13
1.25674e-12
1.65761e-13
4.77289e-13
5.49219e-13
5.12503e-13
3.25594e-13
2.29252e-13
7.29895e-13
4.03898e-13
6.13548e-13
1.50592e-13
6.35381e-14
3.12104e-13
4.07213e-13
