n=32
J=0.707107
eta=1.06329
mu=0.00253165
beta-optimal=0
max-overlap=0
1.48799e-05
0.000318524
7.8609e-06
0.000440883
3.70744e-05
0.000248234
9.1254e-05
1.77017e-05
0.000148883
1.52605e-05
2.79942e-05
8.08702e-07
0.000125908
1.43283e-06
1.19673e-05
8.11188e-05
0.000233013
8.10686e-06
8.83827e-06
1.04612e-05
2.53665e-06
7.61411e-05
8.73464e-07
4.05129e-06
1.80161e-06
2.50932e-07
8.1572e-06
5.80756e-06
6.4909e-05
6.87941e-06
9.70134e-06
6.05227e-06
7.38531e-06
4.84657e-06
1.01291e-05
2.38638e-06
3.2263e-05
3.98689e-06
5.48241e-05
1.77594e-06
3.67179e-05
7.65546e-06
7.12978e-06
4.05775e-06
2.34801e-05
1.31133e-06
2.06225e-06
3.22457e-06
1.53533e-05
1.66454e-05
1.25951e-06
5.74948e-06
2.32779e-05
2.41394e-06
3.27924e-05
1.71566e-06
4.77448e-05
2.49331e-06
5.2736e-05
7.15345e-05
1.82332e-07
5.27631e-05
2.85281e-05
1.61123e-07
2.36797e-06
1.08704e-05
1.66932e-05
2.32165e-06
8.14812e-07
2.73513e-05
1.31516e-06
3.44634e-06
3.60994e-05
1.85703e-06
1.65088e-05
2.9841e-06
3.15905e-05
1.35605e-06
1.19084e-05
5.7677e-06
1.11561e-06
1.93564e-05
1.28429e-07
1.44341e-05
6.41176e-06
1.78284e-07
1.77862e-06
2.59657e-06
2.00923e-06
7.88204e-06
4.78946e-07
9.05929e-06
1.26572e-06
2.52625e-05
1.71418e-06
4.64718e-07
1.65145e-05
4.19456e-06
6.88304e-07
6.58115e-06
1.75935e-07
7.74987e-06
4.43563e-07
3.44612e-07
2.94224e-05
7.69218e-06
2.07908e-06
2.16037e-05
1.26871e-06
4.40801e-06
8.77712e-06
3.31602e-05
2.56591e-06
3.85183e-07
1.45103e-06
1.35612e-05
1.86174e-06
6.85625e-07
7.057e-06
2.96142e-07
9.89113e-07
7.31554e-07
2.45698e-05
1.9033e-06
3.56959e-07
2.55002e-05
3.27052e-07
1.09551e-06
2.06087e-06
2.27978e-06
2.1759e-05
4.01454e-06
4.28929e-07
2.80441e-07
6.36671e-06
4.04849e-07
8.24707e-07
1.65285e-06
7.36801e-06
1.85432e-06
2.04239e-05
5.87718e-07
1.34069e-05
3.4749e-07
4.74527e-08
1.89749e-05
2.96468e-06
3.29151e-05
1.16967e-07
3.36532e-05
6.286e-06
9.71178e-07
1.74186e-06
5.28467e-06
8.23734e-07
5.54386e-06
4.00878e-07
1.39318e-05
3.388e-07
3.59527e-05
1.7325e-07
7.79503e-07
2.72793e-05
3.32467e-06
8.88392e-06
9.249e-08
1.49413e-06
2.76313e-07
8.2467e-07
3.35686e-05
7.69679e-06
1.29846e-06
1.16834e-05
5.131e-08
4.42719e-07
1.5575e-06
1.96473e-05
4.82633e-07
8.37095e-09
1.49898e-06
6.38904e-07
6.63125e-06
4.77573e-07
1.48081e-05
1.04276e-05
6.65609e-07
1.14349e-05
4.07895e-07
1.76187e-07
5.92628e-07
1.7232e-05
2.17855e-05
7.23941e-07
5.48745e-07
8.83145e-07
5.29151e-07
3.33586e-05
1.00081e-06
2.62437e-05
1.52698e-05
2.58355e-07
3.13177e-06
4.19542e-07
1.2858e-05
4.93504e-07
2.42449e-05
5.7997e-06
6.14895e-07
2.08056e-09
1.79887e-06
9.45213e-08
1.91403e-05
5.4727e-07
8.57373e-07
8.94431e-06
1.22629e-05
1.38534e-05
7.22726e-07
1.68254e-07
1.92881e-06
3.03272e-06
1.40921e-07
9.62843e-06
3.58273e-07
1.50466e-05
3.9917e-06
6.05246e-07
1.4581e-05
2.10598e-07
9.58135e-08
2.07124e-05
1.52094e-07
2.19672e-05
6.76095e-07
2.79917e-07
7.59087e-06
3.83762e-07
4.18748e-08
1.43068e-05
9.19186e-07
1.9387e-05
6.01693e-07
1.20477e-05
9.15502e-08
1.56476e-05
1.31048e-06
2.1155e-05
2.38031e-07
1.35706e-06
1.62584e-05
1.20022e-06
1.36325e-05
7.22805e-06
1.33721e-05
7.23478e-07
8.18742e-07
