n=32
J=0.707107
eta=1
mu=0.131646
beta-optimal=0
max-overlap=0
0.284525
0.247072
0.222037
0.209919
0.200527
0.18742
0.190167
0.158769
0.163724
0.167422
0.159932
0.156316
0.139683
0.132344
0.141242
0.138121
0.119544
0.119427
0.114645
0.110795
0.113344
0.105471
0.104479
0.098143
0.100523
0.0994906
0.096656
0.0912864
0.0902397
0.0862013
0.0885404
0.0826573
0.0808052
0.0829609
0.0860974
0.0715513
0.0755024
0.0754966
0.0757931
0.0686992
0.0703977
0.0683212
0.0737816
0.0687775
0.0698555
0.0668711
0.064606
0.0599894
0.0628344
0.0634293
0.0606173
0.0608719
0.0580945
0.0575242
0.0559218
0.0573269
0.0556468
0.051691
0.0520178
0.0515066
0.052812
0.0496692
0.0491723
0.0506521
0.0492412
0.051005
0.0498594
0.0436744
0.0426972
0.0438901
0.0425953
0.0465434
0.0454428
0.0432022
0.0430174
0.0421779
0.0418546
0.0409856
0.0416995
0.0408903
0.0406369
0.0396065
0.038964
0.0399907
0.0391906
0.0366781
0.0364676
0.037668
0.0358901
0.0348665
0.035243
0.0346876
0.0338655
0.0329973
0.0339668
0.0337886
0.0330512
0.0316795
0.0314707
0.0330905
0.0311222
0.0326424
0.0302584
0.030419
0.0293983
0.0298401
0.0286406
0.0290806
0.0296627
0.0291455
0.0309942
0.0273237
0.0267681
0.0269124
0.0270128
0.027175
0.0275947
0.0271042
0.0269888
0.0267837
0.0251738
0.0255098
0.0246676
0.025201
0.0245713
0.0252291
0.0246841
0.0237241
0.0234811
0.0233807
0.0239862
0.023545
0.0227189
0.0233206
0.0222925
0.0224742
0.0227678
0.0218296
0.0211457
0.0205536
0.0214949
0.0207068
0.0216543
0.0213921
0.0207792
0.0199317
0.0194977
0.0200887
0.0193183
0.019939
0.0201095
0.0196728
0.0188417
0.0197969
0.0193955
0.0182379
0.0188884
0.0197243
0.0185887
0.0184821
0.018195
0.0184305
0.0179238
0.0179835
0.0172411
0.0165139
0.0170065
0.016129
0.0161387
0.016785
0.0165086
0.0167199
0.0159995
0.0161308
0.0163518
0.0162127
0.0151497
0.0155036
0.0163014
0.0154122
0.0156303
0.0151364
0.0153967
0.014909
0.0149377
0.0144377
0.0140208
0.0147291
0.0144896
0.0144244
0.0146135
0.0141193
0.0141776
0.0137898
0.013617
0.0132781
0.0136736
0.0135555
0.0133959
0.0124823
0.0133278
0.0125908
0.0130827
0.0127363
0.0130431
0.0123711
0.0125664
0.0118643
0.0118505
0.0122938
0.0121584
0.0116432
0.0117873
0.0118975
0.0115338
0.0113046
0.011364
0.0113291
0.0115798
0.0112624
0.0113418
0.0110637
0.0112481
0.0106895
0.0109697
0.0109077
0.0105673
0.0103668
0.0104755
0.0100489
0.010199
0.0102288
0.0101032
0.0099489
0.00961942
0.00956252
0.00948688
0.00964985
0.00949435
0.00937997
0.0090455
0.0093155
0.00907469
0.00897084
0.00890569
0.00879957
0.00875649
0.00848967
0.00887656
0.0081156
0.00813781
0.00818985
0.00824145
0.0081992
0.00750377
0.0075066
