n=32
J=0.707107
eta=1
mu=0.103797
beta-optimal=0
max-overlap=0
0.305288
0.276815
0.257491
0.263582
0.214439
0.190254
0.183479
0.179355
0.174088
0.171993
0.15153
0.141341
0.140451
0.14108
0.124241
0.115201
0.130219
0.121504
0.117812
0.10833
0.104135
0.106399
0.107486
0.0882436
0.0861511
0.0878671
0.0826085
0.0872503
0.085505
0.0848871
0.0812451
0.0775195
0.0767085
0.074623
0.0710802
0.0725881
0.063748
0.071905
0.0630285
0.060548
0.0580348
0.0592044
0.0586003
0.0557651
0.0587043
0.0588986
0.0559959
0.0571951
0.0504647
0.0502941
0.0561568
0.0478234
0.0475647
0.0469677
0.0472672
0.0460015
0.048233
0.0448511
0.0458371
0.0421028
0.0418358
0.0419215
0.0400791
0.0410257
0.0420617
0.0384323
0.0405702
0.0391767
0.0346732
0.0375533
0.0376067
0.0365131
0.0353831
0.034486
0.0333144
0.0339235
0.0336221
0.0330527
0.0313829
0.0308177
0.0307789
0.0298234
0.0297927
0.030295
0.0291526
0.0299468
0.0293915
0.0287359
0.0273993
0.0287567
0.0260926
0.0274247
0.0273961
0.026032
0.0258688
0.0255582
0.0236242
0.0243172
0.0251028
0.0247043
0.0254479
0.0233019
0.0225027
0.02343
0.0235693
0.0235234
0.0226888
0.0216965
0.0215634
0.0226145
0.0218845
0.0216859
0.0212176
0.0223113
0.0205723
0.0207911
0.0186918
0.0195515
0.0203119
0.019444
0.0201492
0.0188304
0.019226
0.0174346
0.0190736
0.0178354
0.0173822
0.018307
0.0185415
0.0172255
0.0169751
0.0174995
0.0155616
0.0158624
0.0165011
0.016682
0.016363
0.0157428
0.0161925
0.0162904
0.0157231
0.0156203
0.0161291
0.0159112
0.0159586
0.0144626
0.0148013
0.0160625
0.0152929
0.0142819
0.0141493
0.0146644
0.0131703
0.0135255
0.014208
0.0137204
0.0139069
0.0135401
0.0129484
0.0134011
0.013155
0.0123295
0.0128384
0.012119
0.0126548
0.0117969
0.0129805
0.0129988
0.0119984
0.0120133
0.0122817
0.0115563
0.0113598
0.0117876
0.010932
0.0114318
0.0114445
0.011598
0.0116582
0.010699
0.0104368
0.0107763
0.0113082
0.0106701
0.010622
0.0116247
0.0104293
0.0104479
0.00978469
0.00969452
0.0103505
0.00987412
0.00972762
0.00939568
0.00941657
0.00930289
0.00874154
0.0093233
0.00917789
0.00971717
0.00889113
0.00907366
0.00876582
0.0090293
0.00842474
0.00916433
0.00875554
0.00841669
0.00862831
0.00873021
0.008275
0.00835315
0.00839705
0.00857702
0.00778964
0.00832121
0.00791258
0.00802529
0.00806552
0.00740397
0.00764981
0.00785633
0.00756252
0.00784523
0.00751423
0.00762187
0.00742816
0.00732571
0.00750314
0.00738044
0.00748
0.00702412
0.00720404
0.00668587
0.00672578
0.0065923
0.00672625
0.0064025
0.00654494
0.00641339
0.00613266
0.00612626
0.00612286
0.00603695
0.00599909
0.00569172
0.0057406
0.00572823
0.00575485
0.00589182
0.0059271
0.00581098
0.00548193
0.00554495
0.00525905
0.00484899
