n=32
J=0.707107
eta=1
mu=0.0886076
beta-optimal=0
max-overlap=0
0.334754
0.309899
0.315924
0.251195
0.216003
0.208062
0.182395
0.176277
0.179683
0.150057
0.130969
0.141955
0.13566
0.120412
0.13151
0.121981
0.104639
0.111722
0.106027
0.0928
0.0926729
0.0949464
0.0959037
0.0945259
0.0917647
0.0809247
0.0720463
0.0792938
0.0742505
0.0719461
0.0664005
0.0626652
0.0681412
0.0634152
0.064934
0.0645016
0.0640214
0.0586405
0.057719
0.0573956
0.056494
0.0596703
0.0544031
0.0498289
0.0543465
0.0496778
0.0483143
0.0487882
0.0467717
0.0432992
0.0424458
0.0388482
0.0403383
0.0396712
0.0373365
0.0410478
0.0410315
0.0393896
0.0359399
0.0371074
0.0363371
0.0381209
0.0329034
0.0325461
0.0327193
0.0323234
0.0325289
0.0321373
0.0283496
0.0294616
0.0278443
0.0271016
0.0307712
0.0291144
0.0274769
0.0300911
0.0261244
0.0298461
0.0262505
0.0261936
0.026205
0.0262413
0.0238612
0.0222431
0.0255172
0.0208811
0.0242174
0.0234517
0.0234957
0.0207841
0.0220495
0.0228612
0.0208499
0.0212224
0.020453
0.0213808
0.0207455
0.0203121
0.0212305
0.0185093
0.020746
0.0202302
0.0183041
0.0176836
0.0171726
0.0195854
0.0171903
0.0171725
0.017457
0.0181874
0.0186877
0.0168005
0.0164099
0.0152886
0.0163471
0.0169556
0.0156575
0.0150941
0.0164529
0.0159618
0.01609
0.0163859
0.0151188
0.0149945
0.0148682
0.0145396
0.0136737
0.0134885
0.0137487
0.0140494
0.0132851
0.0135033
0.0133544
0.0128499
0.0133777
0.0137557
0.0123537
0.0127181
0.0129602
0.0121843
0.0132155
0.0122797
0.0120718
0.0124076
0.0116651
0.01124
0.0114422
0.0113854
0.0124135
0.0107049
0.0105821
0.0108558
0.0120448
0.0109488
0.010859
0.0100356
0.0105864
0.0112204
0.0103308
0.0101453
0.00984049
0.00987111
0.00966137
0.00915449
0.00971182
0.00939802
0.00882305
0.00913188
0.0098782
0.00841936
0.00909926
0.00862582
0.00836108
0.0081718
0.00814483
0.00854165
0.00832861
0.00844119
0.0078159
0.00844317
0.00831414
0.00814753
0.00763246
0.00836378
0.00797469
0.00779664
0.00809155
0.00760291
0.00798656
0.00774894
0.00697139
0.0075659
0.00752498
0.00686758
0.00705253
0.0068314
0.00666113
0.00724274
0.00695309
0.00695896
0.0068774
0.0065774
0.00617966
0.00616507
0.00663882
0.00591646
0.00617572
0.00656388
0.00604644
0.00600837
0.00627866
0.00552771
0.00605058
0.00594947
0.00598003
0.00594747
0.00553186
0.0057575
0.00576868
0.00626889
0.00532464
0.00593963
0.00531455
0.0050609
0.00511424
0.00530218
0.00519818
0.00512757
0.00523739
0.00490922
0.0053198
0.00478829
0.00498503
0.00494855
0.00512433
0.00461264
0.00485302
0.00457079
0.00432522
0.0046415
0.00444576
0.00463523
0.00449272
0.00441253
0.00414752
0.00434424
0.00410294
0.00429216
0.00402979
0.00420584
0.00432788
0.00380799
0.00386552
0.00385253
0.0035654
0.00356849
