n=32
J=0.707107
eta=1.03797
mu=0.0405063
beta-optimal=0
max-overlap=0
0.00615337
0.00137713
0.0012115
0.00715767
0.00774854
0.00344652
0.000768417
0.00345719
0.0026006
0.00157436
0.0031219
0.00273835
0.00306803
0.00377572
0.00187582
0.00194749
0.0024565
0.00383946
0.000391679
0.00317501
0.00163366
0.00126194
0.000319756
0.000266409
9.16292e-05
0.00206673
0.000694417
0.000493295
0.000756952
7.88595e-05
0.00117556
0.00146168
0.000695257
0.000218654
0.000923064
0.000302943
0.000920988
0.000329901
0.000187066
0.000165352
0.000518667
0.000255992
0.000884287
0.000909586
0.000327245
4.46527e-05
0.000241771
6.25076e-05
0.000798679
0.00041716
9.97456e-05
5.98059e-06
0.000521462
0.00068804
0.00072819
0.000246442
0.000237743
0.000482477
0.0003737
0.000549732
0.000113564
0.000715353
0.000231284
4.42144e-06
0.000489084
0.00019357
0.000167562
0.000346972
0.000686494
0.000654196
3.07835e-05
0.000336596
0.000239163
0.00036618
0.00064774
0.000798411
0.000236864
0.000337254
0.000257846
0.000881165
0.00039401
0.000105468
0.000120797
0.000497278
0.00044234
2.89231e-05
0.000199514
0.000378792
0.000298267
0.000334697
0.000198043
3.59779e-06
7.89163e-05
0.000353107
0.000491302
5.39953e-05
1.02892e-05
0.000313078
0.00016023
0.000339893
5.49806e-05
3.86599e-05
0.000311768
0.000170391
0.000498713
0.000100708
0.000262562
0.000256186
0.000191975
0.000323276
0.000170858
0.000212739
7.1545e-05
1.84227e-05
0.000216391
5.57063e-05
3.47257e-05
0.00017456
0.000115171
0.000117211
2.29451e-05
0.00032609
4.34512e-05
0.000319319
0.000261815
7.1647e-05
0.000107007
0.000205195
3.96773e-05
0.000143086
0.000278347
0.000263545
7.92366e-05
8.89553e-05
7.23414e-05
0.000471341
0.000261029
0.000385482
0.000114225
0.000435816
0.00129032
1.71386e-05
0.000197052
0.000160665
0.000113386
0.000105424
0.000305065
0.000339589
0.000169722
0.000272479
0.000303606
0.000181002
0.000276751
0.000139142
8.67997e-06
0.000256941
2.93013e-05
0.000132449
0.00011683
0.000399044
0.000137315
0.000104837
0.000103834
1.82952e-05
6.55554e-05
0.000213141
0.000120566
3.98705e-06
5.57675e-05
8.85264e-05
1.84296e-06
0.000154129
0.000109168
9.32111e-05
0.00027047
3.45567e-05
1.52845e-05
0.000301456
0.000122118
8.37285e-05
2.36769e-05
5.06268e-05
5.92949e-05
4.83613e-05
1.73886e-05
5.58858e-05
0.000162886
5.81682e-05
8.79072e-05
0.000135015
0.000216552
0.000126513
0.000134165
1.09643e-05
0.000118191
0.00017241
0.000335031
0.000202552
0.000177917
5.23169e-05
0.00018285
3.99799e-05
4.61768e-05
0.000269441
4.99447e-05
0.000257751
4.06623e-05
0.000124819
0.000100973
0.000199015
0.000131173
4.9791e-05
9.11268e-05
5.16888e-06
0.000188797
9.83448e-05
0.000334923
0.000102377
2.00912e-05
0.000112253
0.000235852
4.57341e-06
5.54669e-05
0.000332658
0.000159745
6.26406e-05
3.69511e-05
6.62638e-06
0.000116119
9.49107e-06
2.11525e-05
2.03119e-06
0.000337642
8.65201e-05
0.000146463
0.000158867
5.87282e-05
0.000275258
0.000120808
8.03542e-05
0.00019217
6.77475e-05
0.00015645
0.000203082
0.000153444
0.000112533
8.6114e-05
9.39786e-05
0.000119024
0.000135454
0.000113828
2.78674e-05
0.000235789
5.33665e-05
0.000102794
9.6938e-05
