n=32
J=0.707107
eta=1.11392
mu=0.0151899
beta-optimal=0
max-overlap=0
0.000318585
0.00122528
7.26053e-05
0.00176134
0.000694726
0.000995063
0.000437667
0.000358649
0.000703934
0.000311451
0.00017436
1.76622e-05
0.000590352
5.06855e-05
0.000308322
0.000389905
0.00121362
0.000200891
6.52481e-05
0.000278389
4.38747e-05
0.00038881
1.18571e-05
1.77934e-05
4.12882e-05
2.92649e-05
7.2169e-05
0.000157641
0.000332026
0.000183678
2.92447e-05
0.000155784
5.28416e-05
0.000113216
5.39065e-05
5.8776e-05
0.000149368
0.000109504
0.000297526
2.8365e-05
0.000185509
0.000192549
4.7548e-05
0.000117195
0.00013281
2.15629e-05
5.2552e-05
8.15242e-05
9.1423e-05
8.19902e-05
3.88992e-05
0.000157491
0.000108186
6.06215e-05
0.000192211
5.219e-05
0.000261201
7.26722e-05
0.000297646
0.000390906
5.51028e-06
0.0003048
0.000162
1.52533e-06
7.34259e-05
6.24964e-05
0.000101605
6.20572e-05
1.58064e-05
0.000140389
2.52716e-05
9.46161e-05
0.000186629
4.4695e-05
9.98273e-05
8.13584e-05
0.000178414
3.51361e-05
7.33539e-05
0.000160472
2.9851e-05
0.000110522
1.34185e-06
8.02676e-05
3.77912e-05
6.01955e-06
5.52726e-05
1.72671e-05
5.54515e-05
4.53834e-05
1.29518e-05
5.7426e-05
3.13482e-05
0.000134995
4.78211e-05
2.12193e-05
9.09964e-05
1.94466e-05
2.08034e-05
3.76732e-05
1.76057e-06
3.00655e-05
9.11001e-06
1.28337e-05
0.000168027
4.14388e-05
6.14968e-05
0.000114359
3.25113e-05
3.86931e-05
4.69276e-05
0.000188272
1.72445e-05
1.01654e-05
3.83681e-05
7.57161e-05
1.10312e-05
1.61347e-05
3.82436e-05
7.24655e-06
2.83792e-05
2.0815e-05
0.000140623
5.68555e-05
4.29084e-06
0.000140263
1.06264e-05
9.19486e-06
5.59963e-05
6.54235e-05
0.000120671
1.94618e-05
9.84955e-06
4.87895e-06
4.22386e-05
1.04463e-05
3.58956e-06
4.83558e-05
4.58236e-05
5.72742e-05
0.000114137
1.71947e-05
8.12188e-05
5.27565e-06
3.39012e-06
0.000111016
8.56902e-05
0.000185367
3.45313e-06
0.000187148
3.52491e-05
3.03824e-05
4.65143e-05
2.67385e-05
2.37243e-05
3.57306e-05
1.45075e-05
8.44513e-05
1.45514e-05
0.000206443
9.60366e-06
1.95323e-05
0.0001634
2.6517e-05
4.66811e-05
6.95384e-06
4.47793e-05
1.53271e-07
2.54267e-05
0.000196587
4.32953e-05
3.61056e-05
6.87505e-05
4.66256e-06
1.1678e-05
1.00311e-05
0.000110685
1.3662e-05
3.60939e-06
3.52787e-06
1.74391e-05
3.76301e-05
1.3656e-05
8.52766e-05
6.00696e-05
2.12273e-05
6.31418e-05
1.00513e-05
4.03614e-06
1.51724e-05
9.78156e-05
0.000121394
2.1179e-05
1.67967e-05
2.22018e-06
1.56188e-05
0.000190508
3.13298e-05
0.000155753
9.35705e-05
6.6663e-06
1.67131e-05
1.19151e-05
7.60093e-05
1.20089e-05
0.000136674
3.57988e-05
1.84427e-05
2.75684e-06
1.07195e-05
5.42524e-06
0.000113851
1.53293e-05
2.5234e-05
5.55891e-05
7.04298e-05
7.78382e-05
2.22553e-05
7.56864e-06
9.22522e-06
1.86574e-05
2.88148e-06
5.49275e-05
1.03953e-05
9.10353e-05
2.29822e-05
1.87848e-05
8.54095e-05
5.65634e-06
1.3331e-06
0.000120525
3.14361e-06
0.000127341
2.15035e-05
8.16045e-06
4.3649e-05
1.1588e-05
2.82021e-06
8.09646e-05
2.80212e-05
0.000109832
1.78867e-05
6.94242e-05
6.38252e-07
9.34785e-05
3.6704e-05
0.000123135
7.84211e-06
4.10759e-05
9.91156e-05
3.80534e-05
7.70676e-05
3.97023e-05
8.07728e-05
2.62076e-05
2.3371e-05
