n=32
J=0.707107
eta=1.16456
mu=0.0278481
beta-optimal=0
max-overlap=0
4.83403e-12
2.4851e-12
4.48489e-12
5.86738e-12
3.1591e-12
2.61389e-12
2.67503e-12
6.01954e-12
6.7574e-12
3.62252e-12
5.71298e-12
5.28208e-13
1.65213e-12
1.01074e-12
1.12416e-12
3.92202e-12
2.97934e-12
1.53672e-12
3.07793e-12
9.5228e-13
1.90845e-12
1.14044e-12
4.93093e-13
4.65979e-13
1.15656e-12
2.27008e-12
1.33062e-12
3.7492e-13
1.26992e-12
6.3772e-13
2.77936e-13
4.80816e-13
1.32985e-12
1.09036e-12
3.12754e-12
1.58859e-12
1.31759e-12
1.24525e-12
1.47532e-12
1.64246e-12
2.37226e-12
3.14239e-13
1.54278e-12
1.73817e-12
2.9615e-12
1.60792e-12
2.9756e-12
3.23042e-12
1.03222e-12
1.20045e-12
8.45208e-13
7.84886e-13
1.30474e-12
8.48788e-13
7.63074e-13
5.7298e-13
1.58698e-12
9.96375e-13
1.37007e-12
7.91952e-13
1.123e-12
6.69132e-13
4.10752e-13
6.13404e-13
3.3163e-13
4.49909e-13
6.05449e-13
3.86603e-13
1.57748e-13
1.77399e-13
5.75309e-13
4.47706e-13
2.83453e-13
4.13544e-13
4.75616e-13
2.62318e-13
2.33029e-14
5.17876e-13
2.53014e-13
1.03697e-12
8.82286e-13
4.53477e-13
6.83369e-13
2.12247e-13
4.76413e-13
1.82956e-13
3.93458e-13
1.01379e-13
5.59466e-13
4.66527e-13
1.06883e-12
3.09668e-13
7.78041e-13
2.46468e-13
3.99055e-13
7.9888e-13
2.97882e-13
2.62821e-13
6.14585e-13
7.28143e-13
4.08592e-13
1.2817e-12
9.83222e-13
8.9227e-13
2.90203e-13
1.65042e-13
3.44858e-13
3.36724e-13
4.96553e-13
6.36859e-14
5.65004e-13
5.19341e-13
1.15393e-12
2.56433e-13
1.83497e-13
8.52041e-13
3.05444e-13
5.40796e-13
9.80672e-14
1.81391e-13
1.66636e-13
2.09458e-13
9.39693e-13
2.79853e-13
2.39325e-13
7.11211e-13
2.82888e-13
3.06353e-13
1.42849e-13
4.78149e-13
6.54659e-14
4.13784e-13
1.10303e-13
5.52196e-14
2.71224e-13
8.43475e-13
4.3711e-14
2.853e-13
5.71033e-13
3.60216e-13
2.98628e-13
4.22175e-13
2.19683e-13
9.99184e-13
4.0748e-13
2.40403e-13
2.19707e-13
2.31414e-13
2.16035e-13
1.28239e-13
3.36956e-13
2.92221e-13
6.03979e-13
1.83147e-13
3.33094e-13
2.73183e-13
3.9647e-13
2.91235e-13
5.90522e-13
2.24247e-13
5.19627e-13
4.81075e-13
1.3111e-12
3.89671e-13
7.61371e-13
7.63483e-13
5.57e-13
3.32383e-13
4.66279e-13
5.36842e-13
1.89074e-13
2.69481e-13
2.19187e-13
2.94143e-13
2.58194e-13
1.4931e-13
6.66259e-14
4.28672e-13
1.73435e-13
3.55282e-13
3.24776e-13
3.82972e-13
3.05326e-13
3.93087e-13
1.7646e-13
1.7365e-13
4.19724e-13
1.01741e-13
2.88703e-13
2.26908e-13
1.43399e-13
2.80642e-13
7.54296e-14
1.53728e-13
2.25935e-13
6.68824e-14
2.97494e-13
1.46873e-13
3.84202e-13
8.58769e-13
3.73654e-13
1.68645e-13
4.62819e-13
3.86552e-13
1.80832e-13
4.22943e-13
1.60927e-13
1.03849e-13
2.10081e-13
4.6593e-13
4.7693e-13
3.64383e-13
3.61508e-13
2.76797e-13
3.81831e-13
5.59827e-13
7.96181e-13
5.51468e-13
1.65471e-13
1.46511e-13
3.58663e-13
1.79505e-13
2.70758e-13
2.89971e-13
5.86361e-13
4.45449e-13
3.39777e-13
1.14697e-13
1.93197e-13
2.14864e-13
9.1289e-14
3.25018e-13
3.76692e-13
3.74048e-13
1.27828e-13
1.63078e-13
4.7024e-14
5.01215e-14
1.21019e-13
2.52054e-13
1.19798e-13
1.90363e-13
2.29687e-13
2.81479e-13
1.34538e-13
4.59533e-13
9.88735e-13
1.02938e-12
1.24835e-12
8.41532e-13
1.00493e-12
2.93609e-13
1.70189e-13
2.24081e-13
1.50982e-13
1.92507e-13
