n=32
J=0.707107
eta=1.46835
mu=0.131646
beta-optimal=0
max-overlap=0
9.323e-13
6.17216e-13
3.05984e-12
1.76155e-12
2.28752e-12
1.89994e-12
1.80245e-12
9.35946e-13
1.59377e-13
2.42532e-12
2.18614e-13
9.09301e-13
1.60788e-12
2.19413e-12
3.01234e-12
2.61381e-12
2.41845e-12
1.72574e-13
2.43185e-12
7.37885e-13
4.25614e-13
3.26016e-13
6.02509e-14
1.07573e-12
8.66491e-13
1.78729e-12
8.1706e-13
1.72295e-12
8.51534e-13
8.48258e-13
2.51917e-13
1.8328e-12
7.80938e-13
2.045e-12
9.44444e-14
9.5817e-13
1.36928e-13
1.84742e-12
7.57655e-13
4.99706e-13
8.70112e-13
1.77983e-12
1.60432e-12
1.66991e-12
6.53796e-13
3.38193e-13
3.07404e-13
1.10306e-12
9.61787e-14
4.82269e-13
5.68153e-13
4.36961e-13
6.64533e-13
1.54981e-12
4.10809e-13
6.10849e-13
1.13669e-12
2.24274e-13
9.65313e-13
5.45185e-13
8.39758e-13
8.20113e-13
7.51158e-13
3.05612e-13
2.65115e-13
1.64073e-13
1.6862e-12
2.35609e-13
4.5442e-13
4.5477e-13
1.07559e-12
1.19139e-12
1.29997e-12
7.03089e-13
1.13613e-12
5.72959e-13
1.14466e-12
9.43074e-13
6.14369e-13
4.46402e-13
4.30107e-13
2.17685e-13
1.01953e-12
3.39419e-13
4.3739e-13
4.00087e-13
2.21153e-13
4.92984e-13
7.5162e-13
7.63129e-13
6.61744e-13
5.05241e-13
2.33606e-13
3.91484e-13
6.23811e-13
2.73923e-13
2.93459e-13
6.66244e-13
3.47862e-13
8.74303e-13
2.11898e-13
5.58341e-13
7.51972e-13
3.36708e-13
2.37015e-13
5.56492e-14
2.6836e-13
8.57291e-13
2.42972e-13
4.90552e-13
4.74904e-13
6.08561e-13
4.72524e-14
3.12241e-13
1.2803e-13
6.01289e-13
2.80765e-13
4.00644e-13
6.04312e-14
5.808e-13
3.62564e-13
2.79774e-13
2.04963e-13
7.34292e-13
1.23361e-13
2.91887e-14
3.70379e-13
3.03815e-13
2.20717e-13
4.6967e-13
3.88873e-13
4.00379e-13
6.22622e-13
9.46906e-13
3.41744e-13
3.59118e-13
6.14914e-13
1.04914e-12
4.09456e-13
2.81249e-13
3.78554e-13
6.11914e-13
1.68443e-13
3.70007e-13
6.85108e-13
1.29075e-13
1.84405e-13
6.86326e-13
3.56144e-13
3.95863e-13
2.26015e-13
5.19248e-13
1.05798e-13
7.79323e-13
3.43844e-13
4.98691e-13
7.54157e-13
5.00177e-13
6.22944e-13
2.53255e-13
4.86016e-13
6.29808e-13
5.57337e-13
5.05293e-13
3.76787e-13
6.47583e-13
1.86471e-13
2.17776e-13
4.65358e-13
2.14724e-13
4.92026e-13
6.25731e-13
5.5537e-13
4.9087e-13
4.32489e-14
5.2568e-13
5.82538e-13
2.41798e-13
7.02385e-13
2.85511e-13
2.37249e-13
2.27381e-13
6.13892e-13
2.78265e-13
1.94318e-13
9.19274e-13
2.57845e-13
7.92742e-14
5.01027e-13
6.87131e-13
2.89353e-13
7.09197e-14
1.98345e-13
9.80438e-14
7.46568e-13
2.52366e-13
1.97832e-13
7.70231e-13
5.21008e-13
6.44352e-14
5.0823e-13
3.30132e-13
8.14424e-13
1.51847e-13
2.95426e-13
3.34216e-13
5.22984e-13
4.43041e-13
1.00585e-13
1.94684e-13
6.31458e-14
6.21681e-13
2.24589e-13
2.57468e-13
4.7269e-13
7.0799e-13
2.96496e-13
7.31937e-13
3.18677e-13
5.55925e-13
3.64705e-13
5.2069e-14
1.86077e-13
2.32035e-13
1.98096e-13
3.07826e-13
5.46631e-14
2.34455e-13
3.58011e-13
2.75243e-13
5.8857e-13
6.26227e-13
4.3321e-13
4.93084e-13
3.61698e-13
2.3183e-13
1.19346e-13
3.77071e-13
2.32596e-13
3.29084e-13
1.70086e-13
7.16966e-13
1.97546e-13
2.12168e-13
8.162e-15
8.12045e-13
4.01824e-13
3.8819e-13
1.00708e-12
1.6831e-13
1.19308e-13
3.21635e-13
6.10079e-13
4.66782e-13
2.37689e-13
1.00362e-13
