n=32
J=0.707107
eta=1.21519
mu=0.0455696
beta-optimal=0
max-overlap=0
0.00128407
0.00233416
0.000173524
0.00269301
0.00146786
0.000486432
0.00106004
0.000650195
0.00151713
0.000942172
0.000853216
0.00025185
0.000879175
0.000543376
0.00167249
0.000703485
0.00358473
0.000858327
0.000331537
0.00112912
0.000198584
0.000661211
7.37521e-05
0.000107618
4.03294e-05
0.000188062
0.000447348
0.000933283
0.00042172
0.000892098
0.000328456
0.000762729
0.000159955
0.000418837
0.000253627
0.000119799
5.87161e-05
0.000501859
0.000820062
0.00015534
0.000314527
0.000825949
0.000254151
0.000681343
0.000157888
0.000114234
0.00042758
0.00051889
0.000201323
0.000104866
0.000356109
0.000704227
3.25939e-05
6.32524e-05
0.000596301
0.000263475
0.000555566
0.000605189
0.000843129
0.00087469
4.09094e-05
0.000839688
0.000490379
2.53282e-05
0.000463075
0.00018369
0.000356177
0.0002067
1.02258e-05
0.00013794
0.000130647
0.000512103
0.000235596
0.000271978
0.000410889
0.00040319
0.000496333
0.000178538
0.000249559
0.000902012
4.77569e-05
0.000236578
3.16286e-05
1.14097e-06
6.72901e-05
1.27369e-05
0.000318422
1.06703e-05
0.000313656
3.5276e-06
0.00013203
0.000239863
0.000110366
0.000281219
0.000233671
0.000238591
0.000251941
9.10839e-06
0.000201192
0.000139375
7.54926e-05
0.000155235
3.51428e-05
0.00010742
0.000481816
1.06879e-05
0.000385188
0.000194622
0.000105765
0.000290352
9.16909e-06
0.000471061
0.000123649
4.37461e-06
0.000102733
9.1063e-05
0.000109104
7.85995e-05
9.79831e-05
3.94298e-05
0.000208256
0.000110752
0.00032483
0.000331418
2.42147e-05
0.000259736
2.62887e-05
2.10264e-05
0.000280551
0.000321876
0.000310893
3.8313e-05
0.000110091
9.61846e-06
0.000214164
4.73585e-05
2.45876e-05
0.000330623
0.000169987
0.000391124
0.000189206
8.01013e-05
0.000333184
2.48309e-05
4.98961e-05
0.000314443
0.000576685
0.000442424
2.62525e-05
0.000434904
6.6507e-05
0.000163255
0.000216765
4.46004e-05
0.000158439
0.000194253
0.000125316
0.000263054
0.000165624
0.000537128
0.000167992
4.47682e-05
0.00054088
0.00015565
0.000111962
0.000119824
0.000288311
2.77203e-05
0.000140276
0.000622186
3.14188e-05
0.000217433
0.000187353
0.000109863
3.67353e-05
8.10079e-05
0.000216113
8.79865e-06
4.39824e-05
0.000113741
9.39363e-05
0.00012466
6.64314e-05
0.000221177
0.000111679
0.000105809
0.000145278
6.32473e-05
6.76762e-06
8.74304e-05
0.000227764
0.000269507
0.000113684
0.000130065
4.98218e-05
0.000101276
0.000469852
0.000199748
0.000542578
0.000294581
3.04647e-05
8.18547e-06
7.42489e-05
0.000244952
5.99429e-05
0.000294303
0.000128899
0.000143744
4.53851e-05
4.52305e-05
6.14642e-05
0.000360092
1.82039e-05
8.87223e-05
0.000180138
0.000168885
0.000161923
9.49589e-05
7.90622e-05
1.03924e-05
4.77796e-05
1.68187e-05
0.000133002
6.21578e-05
0.000387091
2.35124e-05
0.00013367
0.0002514
2.19377e-06
2.26842e-05
0.000356129
3.57487e-05
0.000338185
0.000110701
1.14211e-05
8.72025e-05
0.000105927
4.90691e-05
0.000147798
0.000208275
0.000268264
0.000139917
0.000138824
3.62624e-05
0.000284864
0.000206954
0.000322701
3.78901e-05
0.000271684
0.000365071
0.000215291
0.000206958
4.76542e-05
0.000297807
0.000207127
0.000164828
