n=32
J=0.707107
eta=1
mu=0.111392
beta-optimal=0
max-overlap=0
0.288748
0.254524
0.246394
0.21702
0.209355
0.199877
0.194179
0.182045
0.172432
0.159843
0.172155
0.166184
0.150159
0.14315
0.136287
0.125716
0.114091
0.114389
0.107468
0.110971
0.118889
0.107759
0.101924
0.101044
0.100974
0.0995903
0.0956236
0.0902298
0.0848774
0.0878955
0.084258
0.0778545
0.0780625
0.0836118
0.0766201
0.0750645
0.071346
0.0697013
0.0735051
0.0640748
0.0650136
0.0648871
0.0635361
0.0656521
0.0581136
0.0566247
0.0592342
0.0543066
0.0531463
0.0539913
0.0491844
0.0522689
0.0529751
0.0509443
0.0485826
0.0524609
0.0505647
0.0468884
0.0478495
0.0464239
0.0441554
0.0449012
0.0436993
0.0446595
0.0451539
0.0402077
0.0404886
0.0434244
0.0412239
0.0376536
0.039242
0.0403377
0.0407832
0.0374844
0.0375636
0.03658
0.0349363
0.0357699
0.0372402
0.0350487
0.0367426
0.0344035
0.032301
0.0318219
0.0313797
0.0317718
0.0308328
0.0286093
0.0321812
0.0292786
0.0307531
0.0288908
0.029384
0.0282683
0.0291543
0.0299632
0.0267908
0.0268346
0.0265869
0.025914
0.0277782
0.0252392
0.0276362
0.0255543
0.025763
0.0238645
0.0243617
0.0238375
0.0233213
0.0252812
0.0253652
0.024598
0.0240979
0.0238235
0.0246272
0.0225307
0.0226668
0.0214665
0.0221124
0.0226591
0.0220085
0.0212526
0.0205063
0.0210844
0.0214091
0.021724
0.0204633
0.0194012
0.0199487
0.0201269
0.0192588
0.0194403
0.018664
0.0182616
0.0186557
0.0184665
0.0183398
0.0177581
0.017209
0.0170679
0.0173624
0.0171579
0.0175152
0.0170112
0.0161653
0.0156254
0.0156317
0.0169002
0.0164887
0.0155577
0.0161118
0.0161015
0.0158142
0.0160455
0.0153897
0.0154975
0.015321
0.0149857
0.0146795
0.0143907
0.0146623
0.013983
0.0134401
0.0138
0.0140575
0.0140734
0.013599
0.0145027
0.0137411
0.0137637
0.0135721
0.0126314
0.0135697
0.0132678
0.0123898
0.0128653
0.0121947
0.0116419
0.0131357
0.0119355
0.0115515
0.0119003
0.0116317
0.0119595
0.0117492
0.0110382
0.0117175
0.0110515
0.0110825
0.0111489
0.0109822
0.0107991
0.0104553
0.0109632
0.0109198
0.0105607
0.0106703
0.0105694
0.0102281
0.0104118
0.0103323
0.00966987
0.00984684
0.0100336
0.00979147
0.00977815
0.00940843
0.00988242
0.00999847
0.00939798
0.00997478
0.00916053
0.00954637
0.00915391
0.00931875
0.0088221
0.00876975
0.00825146
0.0088448
0.00833861
0.00900605
0.00879637
0.00812033
0.0080611
0.00880065
0.00815779
0.00802953
0.00820922
0.00811584
0.00778743
0.00786792
0.00802173
0.00758203
0.00775026
0.00765132
0.00722315
0.00741339
0.0077106
0.0070509
0.00744617
0.0071442
0.00711673
0.00701679
0.00701159
0.00658288
0.00674164
0.00673257
0.0062477
0.00629212
0.00636301
0.00639317
0.00619905
0.0061343
0.00594545
0.00563961
0.00562278
