n=32
J=0.707107
eta=1
mu=0.0405063
beta-optimal=0
max-overlap=0
0.685294
0.351807
0.234171
0.168639
0.159995
0.142155
0.125624
0.103809
0.0794512
0.0976784
0.0951842
0.0709318
0.0659181
0.0497437
0.0838545
0.0643224
0.0551207
0.0515952
0.0313193
0.0438173
0.0361977
0.0468369
0.0347167
0.0403459
0.0339118
0.0289983
0.0236838
0.0321515
0.0226223
0.0306844
0.0266576
0.0236189
0.0362728
0.0289718
0.023815
0.024346
0.0189615
0.0229811
0.0278414
0.017959
0.0213604
0.0166805
0.0134092
0.014484
0.0185134
0.0147802
0.013758
0.0142093
0.0146671
0.0158708
0.0126278
0.0107023
0.0165073
0.0145633
0.0120849
0.0119329
0.00980249
0.00905273
0.00975515
0.0103294
0.0133617
0.0102996
0.00939534
0.0114595
0.00950497
0.00888687
0.00999969
0.00885769
0.0102988
0.00888653
0.00667265
0.00861619
0.00698134
0.00926515
0.00812931
0.00799279
0.00613659
0.00777818
0.00707229
0.00647101
0.00767973
0.00685619
0.00683105
0.00801937
0.00786978
0.00644537
0.00650248
0.00534334
0.00612663
0.00828789
0.00494452
0.00634836
0.00544563
0.00529389
0.00457199
0.0046285
0.00548046
0.00530446
0.00541943
0.00468352
0.00488067
0.00467186
0.00501888
0.00396161
0.00439432
0.0038703
0.00529899
0.00408742
0.00395961
0.00442873
0.00382576
0.00462765
0.00440403
0.00393287
0.00345666
0.00385037
0.00313451
0.00321092
0.00392707
0.00347697
0.00409813
0.00375834
0.00326333
0.00332947
0.0035542
0.00310032
0.003424
0.00326091
0.00397445
0.0036708
0.0031179
0.00326353
0.00354082
0.00295359
0.00301151
0.00380471
0.00230598
0.00262895
0.00390245
0.00303562
0.00320047
0.00248627
0.0023745
0.00284753
0.00282388
0.00247733
0.00260477
0.00304675
0.00243369
0.00204026
0.00215926
0.00233317
0.00221486
0.00235909
0.00243789
0.00247693
0.00198161
0.00225522
0.00215866
0.00214836
0.00197723
0.00212186
0.00219881
0.00192965
0.00198731
0.00197968
0.00200619
0.00184207
0.00214056
0.00213389
0.00202358
0.0015516
0.00195152
0.00181085
0.00177072
0.00176499
0.00179672
0.00178859
0.00186223
0.00173342
0.0015246
0.0018302
0.00140079
0.00189921
0.00156503
0.00138198
0.00175389
0.00152112
0.00141085
0.00148983
0.00133251
0.00136028
0.0014881
0.00140927
0.00127797
0.00147165
0.00130103
0.00140194
0.00123062
0.00140747
0.00160318
0.00131533
0.00142982
0.00132039
0.00148765
0.00132927
0.00142073
0.0011006
0.0013199
0.0011596
0.00128454
0.0015434
0.00126885
0.00128347
0.00110277
0.00130775
0.0011091
0.00118522
0.00102514
0.00118853
0.00122698
0.00112751
0.00106883
0.00110561
0.00136311
0.00102112
0.00105566
0.00107772
0.001031
0.00112308
0.00102466
0.000943255
0.00096962
0.000911556
0.00105758
0.00100229
0.000986743
0.000863221
0.00096879
0.00098592
0.000920067
0.000900296
0.000791187
0.000997768
0.000828102
0.000927783
0.000834084
0.0010493
0.000876916
0.000779615
0.000667543
0.000667488
0.000738702
0.00074218
0.00067978
0.000645068
