n=32
J=0.707107
eta=1.06329
mu=0.0177215
beta-optimal=0
max-overlap=0
0.000249746
0.00026643
0.00086342
0.000376543
0.000166216
0.000523729
0.000448475
1.83606e-06
0.00156933
1.69735e-05
0.000255119
0.000238339
0.000268155
0.000356592
0.000785617
0.000479269
0.000111051
2.40082e-05
6.99044e-05
3.98067e-05
0.000394317
0.00035873
0.00014235
8.93343e-05
0.000412842
0.000394217
2.34426e-05
0.000408989
7.10173e-06
0.000707084
0.000154337
0.000204
0.000123514
0.000140724
0.000718863
0.000162983
7.8862e-05
0.000394839
2.10317e-05
0.000174004
3.44547e-05
0.000505951
0.000116304
0.000256296
0.000108378
6.45571e-05
5.61728e-05
1.07599e-05
0.000122187
0.000287221
6.2089e-05
6.07234e-05
0.00012162
0.000144462
4.20811e-05
1.02378e-05
6.33908e-05
0.000351343
0.000161318
5.95633e-08
0.000296711
6.27354e-05
0.000179792
0.000214356
6.24621e-05
0.000171803
0.000110686
9.81167e-05
2.66451e-06
1.75158e-05
0.000144822
1.06974e-05
0.000182802
9.02141e-05
7.57176e-05
8.6208e-05
9.98539e-05
7.49783e-05
0.000144757
9.45272e-05
4.85515e-05
5.32526e-05
6.47233e-05
0.000269571
4.37089e-05
4.08036e-05
0.000125945
4.71888e-05
4.23201e-05
0.000225256
0.000112274
0.000112646
0.00013738
0.000292125
0.000225577
9.45405e-05
0.000184867
2.96492e-05
2.29868e-05
4.30041e-05
3.12241e-05
0.000215959
4.6367e-05
2.21066e-05
1.55355e-06
1.86424e-05
1.73386e-05
5.71849e-05
6.01084e-05
0.000138222
1.12011e-05
6.00317e-06
0.000135931
0.000200387
8.8125e-06
4.38091e-05
9.7607e-05
1.35028e-06
1.69368e-05
0.000134347
6.95912e-05
4.04207e-05
2.07156e-05
6.89455e-05
2.37069e-05
1.90906e-06
7.99702e-05
9.55018e-05
2.29929e-05
2.54352e-06
6.24462e-05
2.6408e-05
6.85058e-05
1.55796e-06
1.21632e-05
1.57651e-05
3.13111e-05
8.33338e-05
2.72935e-06
1.26932e-05
0.000166199
0.000177975
4.03717e-05
2.12097e-05
3.1072e-05
5.26717e-06
6.61996e-05
3.22836e-05
3.58185e-05
5.89722e-05
3.09178e-05
5.02179e-05
2.41265e-05
2.14185e-05
4.82189e-05
0.000128574
0.000147687
7.93823e-06
7.31305e-05
0.000378702
8.54099e-07
4.69002e-05
4.73057e-05
4.96928e-05
5.82078e-05
1.10186e-05
7.38926e-06
1.41863e-05
3.64954e-05
2.97167e-06
8.98417e-05
0.000141007
5.1769e-05
0.000209725
1.53825e-05
1.49625e-05
4.55071e-05
1.0728e-05
0.000182383
8.77764e-07
6.17125e-05
6.86588e-05
9.57079e-05
4.93148e-05
2.54402e-05
7.65203e-05
1.49031e-05
3.20098e-05
1.36626e-05
0.00024598
3.71979e-05
1.25116e-06
0.000129328
9.80582e-06
2.35449e-05
1.94391e-05
0.000148592
1.74718e-05
3.9514e-05
5.97331e-06
3.61135e-06
0.000103132
5.50084e-05
2.40143e-05
6.5078e-05
5.80993e-05
3.77156e-05
3.99708e-06
2.37234e-05
0.000108056
1.70848e-05
1.76252e-05
7.82444e-06
3.94405e-05
4.59915e-06
3.32599e-05
0.000201491
4.65533e-06
5.38494e-05
0.000187072
5.14583e-05
1.15905e-05
3.62712e-05
6.3518e-06
1.48499e-05
9.98831e-05
1.92816e-05
4.19432e-05
0.000214265
2.16395e-05
2.644e-05
5.30251e-05
6.8752e-05
1.9914e-05
9.46645e-06
1.5535e-05
2.25261e-05
1.2359e-05
4.86716e-05
8.27214e-06
3.24078e-05
0.000214494
1.57468e-05
3.29231e-06
2.55895e-05
0.000218149
2.66453e-05
7.05557e-05
1.53054e-05
9.54263e-05
8.98899e-05
4.42594e-05
7.79338e-06
7.20009e-05
2.28084e-05
2.38176e-07
