n=32
J=0.707107
eta=1.06329
mu=0.0759494
beta-optimal=0
max-overlap=0
0.00238877
0.00412639
0.00411298
0.00255206
0.00181341
0.0010843
0.00658905
0.0020019
0.00233947
0.0044118
0.00191516
0.00265936
0.00596349
0.0015871
0.00222295
0.00194633
0.00154901
0.00251291
0.00091346
0.000777355
0.00445365
0.00134254
0.00154854
0.000254066
0.000950497
0.00100313
0.00144211
0.000400172
0.000988103
0.000227659
0.0019978
0.000697875
0.00118289
0.00195455
0.00112227
0.000639134
4.01961e-05
0.000925424
0.000984055
0.00179046
8.52595e-05
0.000486653
0.000149655
0.00155406
0.00200415
0.000297684
0.000132268
0.000710318
0.0006914
0.000348139
0.000770639
0.00122964
0.000241542
0.0004812
0.0015179
0.000301052
0.000125062
0.000275486
0.0011983
0.00068851
0.00147491
0.000654608
0.000538551
0.000150043
0.00056823
0.00143707
3.52161e-05
0.000434365
0.000612133
0.000961512
0.000445792
6.90031e-05
0.000137457
0.000439564
0.000118272
0.000355224
0.000180935
0.000419896
0.000567829
0.000809846
0.000392795
0.000901811
0.000420798
0.000778443
0.000733919
6.35861e-05
0.00108018
3.78805e-05
0.000209845
0.000509863
0.000414775
0.000364802
0.000480439
0.000420742
2.7967e-05
0.00049401
4.79289e-05
0.000533897
0.00027678
7.89989e-05
0.000472761
0.000398479
0.00059911
1.71584e-05
0.000348335
0.000201681
1.71066e-05
0.000410873
0.000210441
0.000168793
0.000374248
0.000522352
0.00057907
0.000905925
0.000373442
0.000451116
0.000130721
0.000660092
0.000340126
0.000417807
0.000486687
0.000252153
0.000175996
0.000573657
8.01582e-05
0.000656335
0.000570738
7.09992e-06
0.000107233
7.83632e-05
9.17667e-05
0.000190422
0.000205015
0.000363377
0.00038643
0.000542752
6.60897e-05
0.000183129
0.000196082
0.000156437
0.000192309
0.000427182
0.000459946
0.000557016
0.000180564
0.000780206
0.000125411
0.000318814
0.000268722
0.000132955
0.000177071
5.51711e-05
6.71201e-05
0.0003924
0.00012519
0.000181592
6.92935e-05
0.000517015
0.000438558
4.6563e-05
0.000259416
0.00022416
1.34649e-05
6.85811e-05
0.000498728
8.9464e-05
9.88721e-05
1.26569e-05
0.000526706
4.02286e-05
0.000276899
0.00019994
0.000416127
0.000469478
0.000145894
0.000127796
0.000118236
0.000311834
0.000375784
0.000496937
0.00017895
0.000111083
0.000603103
0.000355295
0.000341599
0.00066294
8.90613e-05
5.31334e-07
3.30557e-05
9.1676e-05
8.49098e-05
0.000295005
0.00039235
4.51781e-05
0.000145947
0.000184139
0.00021396
0.000111805
8.30166e-05
0.00011942
8.76645e-05
0.000264862
0.000180335
0.000160658
9.96752e-05
1.39878e-05
0.00038502
0.000114006
0.000101367
0.000286243
0.000162906
0.000185561
5.96076e-05
0.000302059
0.000115021
0.000164202
0.000168361
0.000234997
3.813e-05
0.00024294
0.000136573
0.000221171
4.38251e-06
0.000244122
0.000273193
0.000458729
0.000143536
0.000119585
2.35694e-05
1.13115e-05
0.000135824
2.77445e-05
0.000185365
0.000182637
0.00011451
0.000238568
2.20145e-05
0.000104695
0.000163921
1.0617e-05
0.000258957
5.551e-05
0.000445693
0.000303794
0.00027695
2.51741e-05
0.000319483
0.000246824
0.000126566
7.41412e-06
8.91315e-05
0.000141643
8.56989e-05
0.00020377
3.88093e-05
5.25615e-05
