n=32
J=0.707107
eta=1.18987
mu=0.0379747
beta-optimal=0
max-overlap=0
0.00112229
0.00213031
9.53805e-05
0.0027119
0.00166439
0.000972994
0.000935774
0.000808387
0.0013677
0.000869415
0.000633487
8.43453e-05
0.000941766
0.000338031
0.00129605
0.000684101
0.002901
0.000712949
0.000283185
0.00101738
2.98644e-05
0.00068371
9.1675e-06
4.38359e-05
3.45165e-05
0.000161427
0.000331463
0.000704785
0.000519245
0.000731074
0.000138418
0.000626687
0.000152759
0.000369846
0.000158947
0.000152649
8.26158e-05
0.000432962
0.000696688
3.28346e-05
0.000313336
0.000710304
0.000189615
0.000527511
0.000225405
2.2831e-05
0.00028968
0.00037083
0.000205656
0.000116827
0.000232582
0.000612186
5.84588e-05
0.000143683
0.000497847
0.000227736
0.000530887
0.000411834
0.000717084
0.000807871
2.02101e-06
0.000741545
0.000398615
1.37946e-06
0.000355907
0.000156883
0.000291939
0.000208946
5.25083e-05
0.000197425
9.28171e-05
0.000413623
0.000282645
0.000195913
0.000306868
0.000333585
0.000413687
0.000144201
0.000209653
0.000711315
7.96559e-05
0.000236419
1.37627e-05
9.84176e-05
7.90641e-05
1.33773e-05
0.00025043
3.14693e-05
0.000246852
5.90486e-05
8.07044e-05
0.000182766
0.000100749
0.000260823
0.000199095
0.000157657
0.000206378
8.70846e-06
0.000131067
0.0001007
3.31254e-05
6.3493e-05
3.84721e-08
7.35969e-05
0.000403977
4.94302e-05
0.000295194
0.000199233
0.000105843
0.000197943
4.84116e-05
0.000420845
7.86851e-05
2.26409e-05
0.000120175
0.000126613
5.89956e-05
5.76431e-05
8.29719e-05
2.70318e-05
0.00014696
9.12528e-05
0.00030479
0.000263541
2.90953e-05
0.000262567
3.36819e-05
2.88402e-05
0.000231272
0.0002734
0.000264065
4.2933e-06
6.14968e-05
2.34115e-06
0.000154577
3.8405e-05
1.00314e-05
0.000239367
0.00013638
0.000293215
0.000213272
7.09928e-05
0.000245364
1.56838e-05
3.02025e-05
0.00026852
0.000422978
0.000399935
2.00891e-05
0.000391885
7.05092e-05
0.000135977
0.000185591
4.17462e-06
0.000114247
0.00013431
8.56012e-05
0.000222018
0.000107539
0.000472158
9.80556e-05
5.95546e-05
0.000436331
0.000115074
9.36613e-05
7.11456e-05
0.000218873
1.55359e-05
0.000114342
0.000502407
6.30954e-05
0.000165925
0.000164996
6.16557e-05
3.85911e-05
4.53493e-05
0.000218333
3.50127e-05
3.35775e-05
5.30173e-05
7.35139e-05
9.61041e-05
5.82551e-05
0.00019375
0.00012045
9.39463e-05
0.000129084
4.40226e-05
9.62311e-06
6.61082e-05
0.000212619
0.00024752
9.32409e-05
9.12439e-05
2.54382e-05
7.57193e-05
0.000423527
0.000153321
0.000423271
0.000249808
2.55977e-05
1.51664e-05
5.64576e-05
0.000196778
4.44898e-05
0.000281519
0.000101875
9.96074e-05
2.91448e-05
3.39255e-05
4.15903e-05
0.000300164
4.0266e-05
9.32571e-05
0.000152636
0.000154829
0.000155722
9.05384e-05
5.40671e-05
1.20862e-06
4.70661e-05
3.93361e-06
0.000121188
4.912e-05
0.000279344
3.806e-05
9.6299e-05
0.000210932
1.32554e-05
9.35916e-06
0.000297107
1.08693e-05
0.000299181
9.49039e-05
2.49902e-05
9.07435e-05
6.91828e-05
3.29133e-05
0.000157629
0.000148493
0.000237572
9.68755e-05
0.00014259
1.5824e-05
0.000240396
0.000161981
0.000286869
3.30331e-05
0.000203327
0.000282338
0.000176864
0.000172062
6.47226e-05
0.000230352
0.000150933
0.000118884
