n=32
J=0.707107
eta=1.06329
mu=0.0227848
beta-optimal=0
max-overlap=0
5.33103e-12
8.73021e-12
1.70497e-11
2.45665e-12
9.96339e-12
6.82517e-12
1.839e-12
6.14872e-12
5.17053e-12
4.83043e-12
2.12272e-12
9.71033e-13
6.96384e-12
8.32503e-12
6.91825e-13
3.47401e-12
6.7443e-12
2.78952e-12
4.67463e-12
1.96911e-12
7.49962e-13
2.2543e-12
3.51666e-12
2.76329e-12
3.33807e-12
5.5389e-13
1.67168e-12
2.29585e-12
6.83974e-13
9.57456e-13
3.13131e-12
1.00389e-12
1.77155e-12
7.58263e-13
2.22715e-12
1.96241e-12
1.3629e-12
4.03546e-13
1.55604e-12
1.91446e-13
1.46383e-12
2.31768e-13
1.08933e-12
5.42168e-12
1.22276e-12
1.71078e-12
2.24794e-12
2.12013e-12
9.06225e-13
1.46747e-12
2.81584e-13
4.64642e-13
1.29807e-12
4.94311e-13
7.40454e-13
5.81721e-13
8.86617e-13
4.69601e-13
6.43485e-13
4.05335e-13
1.19919e-12
1.16661e-12
6.06418e-13
4.1752e-13
2.70108e-13
1.91822e-14
5.93881e-13
7.70082e-14
1.65178e-12
5.90174e-13
7.56583e-13
1.13856e-12
1.90935e-13
9.97595e-13
9.41659e-13
3.5621e-13
5.07165e-13
1.18879e-12
7.07191e-13
4.6333e-13
3.1125e-13
1.02189e-12
5.3273e-13
3.28892e-13
3.5895e-13
4.90213e-13
4.39153e-13
2.7539e-13
1.05809e-12
2.02504e-12
6.66722e-13
5.51221e-14
7.41958e-13
1.41773e-12
1.02471e-12
9.06314e-13
7.01431e-13
3.90747e-13
1.89666e-12
2.45368e-13
9.98997e-13
8.14279e-13
2.26907e-13
8.36039e-13
5.79293e-13
1.26007e-13
6.23329e-13
3.17567e-13
3.75754e-13
3.1343e-13
3.13483e-13
2.63292e-13
4.40197e-13
2.44783e-13
3.78684e-13
2.60252e-13
3.71993e-13
4.91038e-13
1.4514e-13
9.46369e-13
5.57005e-13
5.19497e-13
4.94023e-14
4.23975e-13
8.11692e-13
4.76743e-13
1.22891e-12
2.71563e-13
2.11446e-13
1.02352e-12
4.01086e-13
4.18204e-14
9.7501e-13
2.72723e-13
6.45235e-13
9.30266e-13
2.6565e-13
6.02146e-13
4.82183e-13
1.49638e-13
3.01828e-13
1.37157e-13
3.4515e-13
9.49444e-13
2.18811e-13
5.41396e-13
5.0913e-13
2.23968e-13
4.25226e-13
4.65762e-13
3.65727e-13
3.78419e-13
9.0224e-13
1.73315e-12
2.60627e-13
4.38275e-13
8.53636e-13
4.39588e-13
4.61056e-13
3.65526e-13
3.52142e-13
8.67822e-13
2.6278e-13
3.8525e-14
4.09245e-13
3.69937e-13
5.81801e-13
1.23198e-13
1.70217e-13
1.19792e-12
5.01801e-13
7.42274e-14
4.17511e-13
1.43494e-13
3.51139e-13
6.2817e-13
1.11594e-13
2.13942e-13
2.87824e-13
2.87443e-13
2.05921e-13
8.02455e-14
1.75528e-13
1.2558e-13
4.86354e-13
8.00276e-13
2.73385e-14
1.168e-12
4.98561e-14
2.82422e-13
2.35158e-13
1.80968e-13
9.52927e-13
2.40311e-13
1.23235e-13
1.93177e-13
1.82588e-13
7.94045e-14
1.25209e-13
7.69122e-14
6.18586e-13
2.02533e-13
9.19073e-13
5.40481e-13
1.80643e-13
8.92559e-13
5.47648e-13
4.08801e-13
7.81115e-13
2.43893e-13
1.40094e-13
1.06246e-13
1.61404e-14
1.14875e-13
2.86519e-13
3.394e-13
8.69868e-13
1.60624e-13
2.48401e-13
1.38608e-13
2.77626e-13
2.41723e-14
1.9921e-13
1.16407e-13
7.72594e-13
7.43687e-14
2.74285e-13
1.0927e-13
5.22097e-13
9.21593e-13
1.98887e-13
5.11507e-13
4.61897e-14
7.65466e-14
5.25267e-13
1.9492e-13
2.77001e-13
3.62383e-13
3.78708e-13
1.0703e-12
4.2414e-13
1.31631e-13
1.08666e-13
1.14683e-13
4.02976e-13
6.30327e-13
8.30426e-13
1.74428e-13
1.74792e-13
4.49639e-13
4.87271e-14
3.65397e-13
6.91898e-14
1.75268e-13
1.75587e-13
1.06746e-12
