n=32
J=0.707107
eta=1
mu=0.0607595
beta-optimal=0
max-overlap=0
0.435814
0.367086
0.311683
0.32024
0.214595
0.173794
0.168197
0.157477
0.151364
0.15081
0.122327
0.106653
0.108733
0.109942
0.0896376
0.0776365
0.0950499
0.08681
0.0822199
0.0724627
0.0695924
0.07264
0.0774213
0.0535902
0.0519371
0.0558482
0.0497669
0.0545495
0.05337
0.0526555
0.0508947
0.0465157
0.0462792
0.0449936
0.0419057
0.0420313
0.033422
0.0430884
0.0347762
0.0323661
0.0307978
0.0318698
0.0313414
0.0293894
0.0321211
0.0334936
0.0294965
0.0316296
0.0248764
0.0257535
0.0314288
0.0226248
0.0242433
0.0226898
0.022832
0.0232873
0.0251925
0.022216
0.022677
0.019806
0.0202907
0.0208061
0.01856
0.0191804
0.0213093
0.0181119
0.0205576
0.0178674
0.0149604
0.0177549
0.0180335
0.0174153
0.0162823
0.0162786
0.0154485
0.0155416
0.0151765
0.0146625
0.0139702
0.0139026
0.0133772
0.01292
0.013213
0.0135513
0.01279
0.0135122
0.0134788
0.0128845
0.0119016
0.0132353
0.0106865
0.0118964
0.0121826
0.0111988
0.0111365
0.0110545
0.00984407
0.0105445
0.0105834
0.0101995
0.0114096
0.00965385
0.00906104
0.00983873
0.00986778
0.0101497
0.00953687
0.00867453
0.00888495
0.00970627
0.00888226
0.00922381
0.00886796
0.00990056
0.00842962
0.00886958
0.00741944
0.00792791
0.00867629
0.00776884
0.00843949
0.00742085
0.00802911
0.00660384
0.00794597
0.00719757
0.00667843
0.00738532
0.00782031
0.00667025
0.00672689
0.00671959
0.00566907
0.00580567
0.006392
0.00656538
0.00638768
0.00618543
0.00644587
0.00643919
0.0064127
0.00592913
0.00639764
0.00650387
0.00661319
0.00545512
0.00556238
0.00657322
0.00597376
0.00538167
0.00539841
0.00562605
0.00482791
0.00512158
0.00547892
0.00496485
0.00526776
0.00506042
0.00466757
0.00525135
0.00504341
0.0044609
0.00473052
0.00449201
0.00473384
0.00417139
0.00519482
0.00500911
0.00444198
0.00436243
0.00460229
0.00430081
0.00419309
0.00432124
0.00384424
0.00420867
0.00429638
0.00429124
0.00458132
0.00399392
0.0036245
0.00384751
0.00410443
0.00395715
0.00398396
0.00450526
0.0038885
0.00378183
0.00343566
0.00341121
0.00400505
0.00357021
0.00359617
0.00332874
0.00322944
0.00321997
0.00287796
0.0033351
0.00328834
0.00356204
0.003044
0.00325989
0.00306456
0.00322866
0.00295149
0.00341141
0.00313226
0.00300104
0.00310285
0.00328109
0.00286629
0.00288081
0.0029737
0.00321527
0.00268465
0.00305149
0.00273441
0.00283051
0.00288876
0.00248105
0.00270142
0.00282885
0.00263487
0.00282664
0.00264272
0.00271409
0.0026303
0.00260938
0.00269561
0.00267219
0.00274078
0.00244124
0.00253881
0.00229086
0.00227124
0.00224714
0.0023891
0.00213503
0.00230149
0.00218192
0.00211982
0.00204732
0.00206701
0.00198159
0.00207684
0.00188251
0.00190304
0.00191605
0.0019753
0.00200234
0.00208719
0.00204259
0.00179812
0.00187068
0.00176213
0.00154461
