n=32
J=0.707107
eta=1.01266
mu=0.0278481
beta-optimal=0
max-overlap=0
0.00681533
0.00635083
0.000464388
0.0040151
0.00176585
0.00290656
0.0036317
0.000913279
0.000255329
0.000959389
0.000760816
0.00107543
0.000689958
0.00265223
4.75546e-05
1.18773e-05
0.00134684
0.00114955
0.000640332
0.000590773
7.56123e-05
0.000544848
0.000760998
0.00095192
0.000171627
0.00183544
0.000272983
0.00012847
0.000490494
0.00018081
0.00118774
0.00142656
0.00209674
0.000619103
0.000417492
0.000320596
6.33783e-05
0.000657381
0.000600382
0.000419183
0.000408678
0.00069574
4.44954e-05
0.000622065
0.000284971
0.000129875
0.000811811
0.000363775
6.1313e-05
0.000737093
0.000719217
0.000580996
0.000753094
0.000900933
0.000199758
0.00076835
0.000402594
0.000238227
0.00069005
9.36966e-05
0.000360928
0.000373933
0.000183521
0.000577431
0.000389229
4.94149e-05
0.000988543
8.7121e-05
0.000235537
0.000106129
0.000914861
0.00012253
0.00021464
0.000210231
0.000567576
9.31811e-05
0.00033814
0.00058826
0.000298095
4.31453e-05
0.0001603
0.000218697
0.000166261
5.23237e-05
7.91468e-06
0.000247876
0.000146434
9.21472e-05
0.000288799
0.000281337
3.06511e-05
0.000285798
0.000170521
0.000197578
8.16005e-05
0.000120212
8.00329e-06
0.0001485
6.65673e-05
9.65951e-05
0.000167629
7.95644e-05
0.000180958
3.40471e-05
0.000177549
0.000243448
0.000115107
7.59863e-05
0.000134662
0.000208052
0.000181431
0.00021739
4.40703e-05
0.000123562
4.83802e-05
0.000307902
0.000259573
0.00026402
6.92329e-05
0.000295451
6.88738e-05
0.000148196
0.000187017
1.49975e-05
5.26494e-05
5.76047e-06
0.000205919
0.000174594
0.00028534
0.000171811
0.000137602
6.62601e-05
0.000249818
0.000188062
0.00042635
0.00016538
4.63437e-05
0.000224977
0.000294376
0.000111249
3.85362e-05
2.37972e-05
1.60726e-05
7.34535e-06
1.98934e-05
0.000127934
8.95692e-05
6.60446e-05
6.89453e-05
8.22825e-06
0.000241305
5.40744e-05
0.000101456
1.22626e-05
1.66101e-05
8.86821e-05
0.000122913
2.01781e-05
9.85735e-05
0.000131219
5.05484e-05
0.000251155
0.000211389
0.000143015
0.000109764
0.000197003
4.908e-05
3.18691e-05
9.50637e-05
0.000112297
3.10181e-06
9.65622e-06
0.000128964
2.73964e-05
1.13019e-05
4.32798e-05
8.06957e-06
3.92711e-05
3.00279e-05
0.000105188
3.00926e-05
4.88579e-05
4.49512e-06
3.97763e-05
0.000134756
0.000154337
7.36654e-05
7.79792e-05
7.86871e-05
3.93979e-05
7.22408e-05
0.00019023
4.62012e-05
2.22693e-05
6.6948e-05
5.29706e-05
1.60081e-05
8.26767e-05
5.41183e-05
0.000144259
0.000136016
5.51944e-05
4.64457e-05
9.03026e-05
0.000166689
4.98246e-05
8.84543e-05
7.76213e-05
5.5483e-05
3.91586e-05
0.000131865
3.16625e-05
1.0864e-05
0.000121974
5.4314e-05
9.14971e-05
3.95007e-05
1.96056e-06
0.00011751
0.000137573
0.000129838
0.000104182
1.13553e-05
0.000112822
2.90156e-05
0.000170289
0.000115611
1.83474e-05
0.000137231
0.000152801
6.34547e-05
8.95875e-05
6.52187e-05
1.22684e-05
0.000174088
0.000158567
4.96952e-06
1.85647e-05
8.84693e-05
6.99361e-05
7.95875e-05
6.1191e-05
4.97611e-05
1.25945e-05
9.37076e-06
0.000110747
2.43363e-05
5.61608e-05
0.000120801
8.74836e-06
6.00509e-05
3.72065e-05
0.000109134
5.39431e-05
0.000199974
1.36422e-05
