n=32
J=0.707107
eta=1.31646
mu=0.106329
beta-optimal=0
max-overlap=0
5.69837e-13
2.59002e-12
2.72353e-12
1.14804e-12
2.58806e-12
1.47912e-12
2.80128e-12
1.25644e-12
1.93102e-12
2.34675e-12
1.08856e-12
6.91717e-13
2.43185e-12
2.29153e-12
4.82843e-12
2.23895e-12
3.40492e-12
1.69137e-12
6.47989e-13
3.69527e-12
2.59619e-12
9.42621e-13
1.7855e-12
1.52077e-12
1.21323e-12
1.09956e-12
7.47656e-13
1.15198e-12
1.14386e-12
7.01169e-13
3.32748e-13
2.31648e-12
3.33917e-13
2.64829e-13
4.82504e-13
1.63161e-12
7.67727e-13
1.48123e-12
4.21105e-13
5.47624e-13
1.0076e-12
1.71843e-12
1.96687e-12
2.02806e-12
1.1093e-13
3.62306e-13
4.74632e-13
2.81432e-13
2.201e-13
5.76528e-13
1.98348e-12
1.97191e-13
5.43371e-13
2.39977e-12
7.02952e-13
4.14357e-13
6.48427e-13
3.81366e-13
8.72638e-13
8.67325e-13
1.13063e-12
1.28052e-13
6.66983e-13
7.41901e-13
6.16645e-13
1.07135e-12
9.94215e-13
1.91485e-13
4.94738e-13
1.20445e-12
4.64203e-13
3.04219e-13
1.53377e-12
1.86158e-13
9.64216e-13
4.22552e-13
5.98962e-13
9.61819e-13
2.97417e-13
5.07053e-13
1.20193e-13
3.0126e-13
1.6186e-12
4.84626e-13
6.4995e-13
7.96227e-13
5.06177e-13
1.04065e-12
5.23639e-13
3.67367e-13
3.04271e-13
2.9263e-13
6.29686e-13
3.49163e-13
1.22956e-12
1.53228e-13
2.29132e-13
1.47789e-13
4.47857e-13
6.10941e-13
3.80933e-13
4.85783e-13
8.12427e-13
1.89246e-13
8.13965e-14
1.82448e-13
3.81639e-13
6.09823e-13
1.73006e-13
3.40779e-13
4.65093e-13
4.98939e-13
9.41262e-14
1.47994e-13
2.70655e-13
4.96747e-13
6.64809e-15
7.19247e-13
3.87676e-14
3.46024e-13
1.3911e-13
1.05073e-13
2.64586e-13
1.15167e-12
5.52758e-14
4.44784e-13
4.12434e-13
2.32479e-13
1.57363e-13
2.27359e-13
2.32109e-13
6.81442e-13
4.05922e-13
5.88294e-13
1.91838e-13
2.68847e-13
8.10746e-13
5.57556e-13
5.26412e-13
4.42473e-13
3.20092e-13
7.20129e-13
1.46369e-13
2.16344e-13
6.27288e-13
2.2392e-13
4.9388e-13
4.90045e-13
8.63797e-14
5.26372e-13
2.43889e-13
2.59719e-13
1.83799e-13
3.52909e-13
2.57162e-13
1.041e-12
7.4236e-13
1.43058e-13
5.13816e-13
2.00297e-13
7.23643e-13
3.91515e-13
4.32517e-13
5.31313e-13
1.50392e-13
5.54874e-13
4.42688e-13
1.45397e-13
1.0022e-13
4.05938e-13
3.79969e-13
1.35305e-13
3.79882e-13
4.69838e-13
1.59996e-13
3.23509e-13
4.18201e-13
1.2877e-13
7.80152e-13
1.8811e-13
1.88145e-13
1.1915e-13
5.86024e-13
6.51844e-13
3.70644e-13
7.01899e-13
2.11445e-13
1.40334e-13
5.0979e-13
4.65101e-13
4.94849e-13
2.00317e-13
2.79125e-13
1.54544e-13
4.86635e-13
3.67016e-13
1.79903e-13
3.17073e-13
6.44484e-14
3.69014e-13
7.98283e-14
2.39652e-13
6.14237e-13
1.84335e-13
9.66856e-14
4.5364e-13
2.6148e-13
4.4842e-13
4.5654e-14
1.05154e-13
1.4414e-13
5.53068e-13
1.52218e-13
3.10765e-13
2.44376e-13
5.49367e-13
9.85876e-14
5.72974e-13
5.36677e-13
3.4837e-13
2.39116e-13
1.76618e-13
3.0731e-13
1.78899e-13
2.17522e-13
5.25388e-13
2.13774e-13
3.78073e-13
7.2438e-13
3.41686e-13
6.01936e-13
4.23067e-13
5.21452e-13
1.14498e-13
5.2221e-13
4.50556e-14
4.10186e-14
4.68523e-14
1.75329e-13
2.57228e-13
1.37928e-13
6.00383e-13
4.60265e-13
1.49032e-13
5.41775e-14
9.079e-13
2.66332e-13
4.91927e-13
7.21905e-13
9.93018e-14
2.89236e-13
2.05415e-13
6.62253e-13
2.77025e-13
2.11158e-13
1.32299e-13
