n=32
J=0.707107
eta=1.03797
mu=0.0303797
beta-optimal=0
max-overlap=0
3.84196e-11
5.41423e-11
8.84563e-11
5.45954e-11
3.72145e-11
9.54248e-12
2.92155e-11
4.48588e-11
2.9354e-11
9.43184e-12
1.10966e-11
9.9032e-12
1.71666e-11
1.27517e-11
8.67758e-12
1.42424e-11
2.92044e-11
1.1654e-11
3.3565e-11
9.59347e-12
1.12584e-11
1.793e-11
1.63711e-11
2.72509e-11
1.29446e-12
1.32667e-11
4.57263e-12
4.60993e-13
4.47566e-12
1.00534e-11
5.37207e-12
8.39233e-12
1.44199e-11
4.3104e-12
1.55027e-11
5.82947e-12
9.20062e-12
3.95002e-12
6.28732e-12
7.73793e-12
5.0749e-12
6.42573e-12
8.69537e-12
2.84872e-12
5.48084e-12
5.6471e-12
9.3244e-12
9.26402e-12
2.97084e-12
3.30101e-12
4.41007e-12
1.40558e-12
6.65498e-12
5.53114e-12
1.63131e-12
5.50705e-12
3.90248e-12
4.28245e-12
8.7749e-12
4.68732e-12
4.60091e-12
3.15008e-13
3.64637e-12
2.36417e-12
8.49037e-13
4.08752e-13
1.44538e-12
1.17386e-12
2.32482e-12
4.44033e-12
6.54907e-12
1.39236e-12
6.55287e-12
2.84998e-12
2.27893e-12
3.49361e-12
4.73815e-12
2.97198e-12
3.3051e-12
6.596e-12
1.84786e-12
2.29948e-12
1.90593e-12
5.32116e-12
4.31575e-12
2.16341e-12
1.74428e-12
9.82633e-13
3.15929e-12
4.33144e-12
2.8374e-12
2.78397e-12
2.36602e-12
2.00371e-12
1.39799e-12
4.53223e-12
1.83909e-12
3.59699e-12
5.58495e-12
2.70478e-12
8.46611e-13
1.66851e-12
3.41791e-12
5.72836e-12
1.13321e-12
1.50365e-12
3.02232e-12
2.65881e-12
2.01158e-12
2.30287e-12
3.04747e-12
2.1559e-12
2.74242e-12
1.09468e-12
2.75945e-12
2.31666e-12
2.48028e-12
1.32731e-12
8.97274e-13
2.83059e-12
4.22059e-13
2.32181e-12
1.90402e-12
5.55654e-13
1.80683e-12
1.46861e-12
4.90345e-13
1.79427e-12
1.39415e-12
3.59741e-12
1.88795e-12
1.70108e-12
1.99092e-12
1.29122e-12
5.63499e-13
7.63498e-12
2.36574e-13
1.45646e-12
2.81161e-12
1.65733e-12
1.26597e-12
4.75585e-13
2.09235e-12
4.14274e-12
1.02386e-12
2.56269e-13
5.21613e-13
1.35081e-12
5.72117e-13
3.73478e-13
3.4281e-13
1.28586e-12
4.94767e-13
1.99746e-13
8.51568e-13
1.04835e-12
2.43231e-12
9.8361e-13
6.22058e-13
3.22326e-13
1.82561e-12
1.46457e-12
1.17092e-12
7.04127e-13
9.06036e-13
5.9836e-13
2.60096e-12
6.43625e-13
7.78956e-13
4.95569e-13
1.57762e-12
1.03647e-12
3.23592e-13
8.44127e-13
9.43402e-13
7.34655e-13
2.13666e-12
1.84298e-12
9.0635e-13
9.92663e-13
1.53289e-12
4.40465e-13
1.48749e-12
4.14733e-12
2.85182e-12
7.0705e-13
8.73015e-13
3.74077e-13
2.10578e-12
7.73872e-13
1.95715e-12
5.97207e-13
1.16051e-12
9.57059e-13
1.89839e-12
9.52139e-13
1.11814e-12
5.42108e-13
1.34914e-12
1.84564e-12
9.91733e-13
4.78476e-13
4.10277e-13
3.08806e-13
7.33088e-13
1.23336e-12
5.67086e-13
1.52944e-12
9.50191e-13
1.99041e-12
2.50259e-12
1.50257e-12
2.23385e-12
1.16685e-12
1.45409e-12
1.31003e-13
3.85058e-13
1.21544e-12
2.07101e-12
2.41531e-12
1.17325e-12
1.29091e-12
4.48219e-13
6.0421e-13
1.84308e-12
4.80857e-13
1.23775e-12
1.2023e-12
1.15988e-12
2.63584e-13
6.61148e-13
1.87914e-12
5.06632e-13
1.06301e-12
6.23721e-13
1.05627e-12
2.75522e-12
3.79099e-13
1.90875e-12
1.64126e-12
3.76918e-13
6.70382e-13
1.18113e-12
2.29929e-13
8.11461e-13
1.61645e-12
8.52492e-13
1.33736e-12
1.07501e-12
1.03928e-12
1.46718e-12
1.28407e-12
5.47909e-13
3.19602e-13
1.02916e-12
2.27749e-12
