n=32
J=0.707107
eta=1.97468
mu=0.00253165
beta-optimal=0
max-overlap=0
5.63823e-14
1.19434e-14
6.26091e-15
2.00265e-12
1.2159e-12
1.21615e-12
1.02012e-13
1.58944e-13
9.25632e-15
5.78031e-14
2.33361e-14
1.18601e-14
2.06883e-14
8.756e-15
2.98065e-14
3.87857e-15
6.2129e-15
1.349e-14
2.09439e-14
1.7556e-14
7.97092e-15
1.03799e-14
5.54303e-15
1.34152e-14
7.89133e-15
6.33729e-15
3.08197e-15
5.65531e-15
6.41333e-15
1.72556e-14
1.3651e-14
5.27714e-15
1.79156e-14
3.88983e-15
8.00446e-15
8.45977e-15
7.35192e-15
1.19347e-14
5.20739e-15
7.67123e-15
5.0425e-15
1.2293e-15
4.25266e-15
8.19131e-15
2.82376e-15
1.22511e-14
1.06602e-14
4.92715e-15
4.85774e-15
1.08329e-14
1.97387e-14
2.39939e-15
7.46761e-15
7.44545e-15
2.32639e-15
4.3334e-15
1.78135e-14
2.9298e-15
5.13793e-15
4.81848e-15
3.46098e-15
1.1063e-14
8.50739e-15
1.15119e-14
9.44727e-15
4.36546e-15
4.64748e-15
2.36787e-14
6.03812e-15
1.7115e-14
1.96403e-14
2.89207e-14
1.21989e-13
2.27491e-13
2.09144e-13
1.27349e-13
1.60539e-13
2.16449e-13
4.75077e-13
7.4817e-13
9.01571e-13
8.51081e-13
2.54681e-14
6.17344e-13
9.54277e-14
8.44485e-14
4.1841e-13
2.54548e-13
6.38499e-14
1.01959e-13
3.2075e-14
8.76779e-14
3.34453e-14
1.86589e-14
5.53595e-15
6.29208e-15
4.24429e-15
1.55399e-14
4.31645e-15
8.71394e-15
2.95095e-15
2.42913e-15
1.18689e-14
6.59728e-15
7.83788e-15
1.75535e-15
7.03155e-15
5.46684e-15
2.02417e-15
3.52925e-15
5.6732e-15
2.38355e-14
4.51028e-15
2.51753e-15
2.43138e-15
3.85834e-15
3.24717e-15
6.25004e-15
3.95077e-15
8.62491e-16
9.64777e-15
5.58453e-15
2.62996e-15
7.19448e-15
8.36029e-16
2.67316e-15
1.88625e-15
3.97443e-15
2.95753e-15
3.5535e-15
2.14429e-15
2.1422e-15
9.52815e-15
1.02503e-15
2.56151e-15
9.4304e-15
6.62152e-15
2.74728e-15
3.17192e-15
1.44857e-15
8.61132e-15
1.12792e-15
9.52785e-15
8.77185e-16
1.89733e-15
1.51385e-15
1.19596e-14
1.36583e-15
4.73611e-15
4.45998e-15
8.98183e-16
3.2305e-15
1.34894e-14
3.96011e-15
1.72598e-15
2.97921e-15
2.64862e-15
4.8124e-15
4.1577e-15
5.58647e-15
1.70268e-15
2.02018e-15
2.50693e-15
1.83163e-15
4.08492e-15
5.04705e-15
4.48953e-15
1.31255e-14
2.58843e-15
3.78069e-15
4.55597e-15
3.70509e-14
1.01498e-14
4.40104e-14
9.98985e-14
1.12104e-13
1.59985e-13
1.31476e-13
4.98829e-13
1.13648e-13
5.85704e-13
3.54465e-13
3.95894e-13
6.21367e-13
1.64421e-13
8.32359e-13
3.53172e-13
1.28461e-13
3.40183e-13
1.46839e-13
1.35311e-13
5.3589e-14
9.78778e-15
2.09358e-14
9.44634e-15
1.03804e-14
9.63518e-15
6.03623e-15
1.57987e-14
7.28973e-15
4.23045e-15
3.36441e-15
2.14462e-15
4.42835e-15
3.98184e-15
3.59172e-15
8.81543e-15
2.20689e-15
9.53933e-15
3.66922e-15
2.77247e-15
2.90138e-15
4.26128e-15
2.05931e-15
1.25339e-15
4.09962e-15
4.32875e-15
1.77774e-15
2.68432e-15
1.18704e-14
6.80779e-15
1.40689e-15
2.55718e-15
5.6697e-15
6.41792e-16
3.12036e-14
6.70424e-16
1.8082e-15
7.87479e-15
1.50979e-15
7.56564e-15
9.63008e-16
2.77294e-15
2.68118e-15
7.25922e-15
4.86287e-15
4.35289e-15
3.37895e-15
8.27163e-16
2.38307e-15
8.94872e-15
3.35936e-15
5.21768e-15
7.61031e-15
9.29713e-15
7.88652e-15
8.40168e-15
7.69022e-15
6.62612e-15
3.6523e-14
4.19506e-14
2.1731e-13
3.84013e-13
5.64008e-14
6.78162e-13
3.80962e-13
