n=32
J=0.707107
eta=1.21519
mu=0.0835443
beta-optimal=0
max-overlap=0
2.75892e-12
1.79278e-12
6.4807e-12
4.56496e-12
2.78078e-12
1.47742e-12
4.06354e-12
1.03412e-12
1.76634e-12
1.49603e-12
3.01473e-12
3.93354e-12
2.6043e-12
1.7838e-13
6.32629e-12
3.1921e-12
4.38122e-12
1.64744e-12
1.6006e-12
3.13124e-12
1.71839e-12
1.78217e-13
1.81239e-12
1.42968e-12
2.17808e-12
2.22896e-12
2.40076e-13
1.90619e-12
6.87502e-13
2.96945e-13
1.6875e-12
2.05101e-12
1.40829e-12
1.93445e-12
9.79864e-13
1.43905e-12
1.95405e-12
2.40368e-12
1.00242e-12
2.38756e-12
2.13851e-12
2.61749e-12
1.63204e-12
1.42111e-12
2.92398e-13
1.20305e-12
1.34104e-12
1.07415e-12
4.1283e-13
3.10864e-13
2.48013e-12
1.21727e-12
7.7955e-13
3.45003e-12
8.19372e-13
3.5481e-13
1.1423e-13
2.31868e-13
5.41632e-13
9.87509e-13
1.52935e-12
1.04103e-12
4.06335e-13
1.07775e-12
4.86582e-13
1.63352e-12
1.61388e-12
3.34196e-13
7.43156e-13
1.82617e-12
3.24584e-13
2.93065e-13
3.90212e-13
3.11781e-13
6.64981e-13
6.41226e-13
2.00386e-13
7.65573e-13
1.17032e-13
6.11622e-13
3.91159e-13
4.56117e-13
1.50449e-12
6.23999e-13
5.12853e-13
5.46284e-13
5.9623e-13
1.11573e-12
5.2962e-13
3.75187e-13
4.82241e-13
6.4558e-13
4.44164e-13
1.81711e-13
7.10881e-13
6.01851e-13
4.35861e-13
1.81051e-13
5.45903e-13
4.49939e-13
6.7259e-13
1.51184e-13
2.77464e-13
3.88451e-13
1.91019e-13
1.43428e-13
3.92665e-13
1.74258e-13
2.5536e-13
8.37815e-13
3.04045e-13
5.3848e-13
1.39184e-13
2.51107e-13
1.76923e-13
7.20411e-13
2.96806e-13
6.13974e-13
1.03297e-13
2.36528e-13
5.33482e-13
3.01989e-13
3.06694e-13
1.30565e-12
2.2339e-13
6.31793e-13
4.07927e-13
2.56201e-13
2.60747e-13
1.83997e-13
3.23308e-13
6.23751e-13
7.1967e-13
6.54141e-13
1.54736e-13
5.74272e-14
1.0237e-12
3.81206e-13
7.33783e-13
3.73692e-13
2.38013e-13
6.11238e-13
1.55152e-13
3.93341e-14
9.23812e-13
1.28416e-13
3.08926e-13
7.22777e-14
2.08895e-13
4.30956e-13
5.97298e-13
6.95317e-13
1.58835e-13
4.67248e-13
4.37025e-13
4.07949e-13
5.3448e-13
4.62242e-13
5.87684e-13
1.09033e-13
5.92846e-13
2.12826e-13
4.10649e-13
5.73131e-13
2.34408e-13
2.66529e-13
2.79177e-13
2.54968e-13
3.67157e-13
3.34032e-13
5.73465e-13
1.58978e-13
4.07228e-13
3.47962e-13
4.4607e-13
1.62208e-13
4.26997e-13
1.31506e-14
4.44201e-13
1.32792e-13
1.28785e-13
2.12695e-13
4.13434e-13
9.11277e-13
3.32576e-13
3.4211e-13
2.33724e-13
5.09434e-14
3.40645e-13
6.66243e-13
4.67381e-13
1.52566e-13
1.78298e-13
2.29321e-13
1.06274e-13
3.44106e-13
1.2191e-13
1.40447e-13
2.02358e-13
3.50521e-13
1.58495e-13
1.04877e-13
4.05886e-13
3.36826e-13
1.18903e-13
3.71457e-13
1.6634e-13
6.5616e-13
1.54553e-13
2.4445e-13
1.86973e-13
3.52421e-13
2.32787e-13
3.97619e-13
1.44009e-13
3.1315e-13
8.06116e-14
2.95032e-13
3.56013e-13
5.0427e-13
5.78261e-13
3.44268e-13
5.40442e-13
2.99026e-13
1.31232e-13
2.89624e-13
3.69928e-13
1.16351e-13
4.91446e-13
2.88819e-13
4.93522e-13
5.06264e-13
5.96157e-13
8.09382e-14
4.91621e-13
6.1828e-14
1.07617e-13
1.07843e-13
2.9087e-13
2.00945e-13
1.15555e-13
4.11937e-13
5.56397e-13
1.80162e-13
3.92083e-13
6.45235e-13
2.48302e-13
1.18765e-13
2.03614e-13
5.20139e-13
5.6269e-13
1.52203e-13
4.57231e-13
3.15854e-13
7.62971e-13
3.74855e-13
