n=32
J=0.707107
eta=1.11392
mu=0.0860759
beta-optimal=0
max-overlap=0
0.00304226
0.00384679
0.00180019
0.00304808
0.00152803
0.00226076
0.00145399
0.00264857
0.000376309
0.00268403
0.00225666
0.00295986
0.00201626
0.00113098
0.00246749
0.000167007
0.000348367
0.00139426
0.00116266
0.00232947
0.00125768
0.00184493
0.000803732
0.00185774
0.00176367
0.000872431
0.00108362
0.00101145
0.000186453
0.00143788
0.000613259
0.00271221
0.000277826
0.00126228
0.00126833
0.00130322
0.00206635
0.00197462
0.000404885
0.000752481
0.00178135
0.00074127
0.000781247
0.00197234
0.00056843
0.000984318
0.000440035
0.000226615
0.00145025
0.00019206
0.000431385
0.000221801
6.91537e-05
0.000123426
0.00014195
4.81306e-06
0.00036129
0.000938767
0.000165348
0.000205337
0.00156225
0.000180234
6.41436e-05
0.000656099
0.000705524
0.00101463
0.000529655
0.000266821
0.000233276
0.000669729
0.000923363
0.000142311
6.60046e-05
0.00033947
0.000135986
0.000751545
0.000750175
0.00154572
0.000556452
0.000642623
9.56981e-05
0.000297956
0.000536799
0.00018235
0.000118624
7.1861e-05
8.96381e-05
0.000262544
0.000493052
0.000612821
2.30206e-05
0.000879651
0.000663531
0.00037684
0.000528851
0.000390891
0.000448244
0.000376483
0.000169069
0.000840975
0.000208227
0.000396803
0.000316768
0.000239014
0.000191097
7.24379e-05
0.000164204
0.000269257
0.000631521
0.000730574
0.000176185
0.000183689
0.000259948
0.000362387
0.000793434
0.000159991
8.42196e-05
0.000678478
4.0384e-05
0.000385106
0.00023074
0.000566876
0.000266631
0.000311797
0.000871627
0.000499436
0.000612962
0.000364775
0.000238137
0.000477027
0.000692215
0.000789781
0.000133785
0.000546698
0.000214872
6.9013e-05
8.76372e-05
0.000309366
0.000741411
0.00046877
0.000318085
0.000815642
8.15567e-05
0.000288492
3.97886e-06
0.00053118
0.000431872
0.000270434
0.00023191
2.88655e-05
1.50379e-05
4.07551e-05
4.4092e-05
0.00018122
6.42016e-05
8.99954e-05
0.000636829
0.000312405
0.000422424
0.000438153
6.54471e-05
1.71418e-05
0.000135605
0.000168676
0.00024112
0.000246833
7.72015e-05
6.94272e-05
0.000537176
0.000105339
0.000219543
2.98674e-05
5.52814e-05
0.000238925
0.00041998
9.56823e-05
2.58753e-05
5.55533e-05
0.000105022
0.000716795
0.000328668
0.000281829
7.6379e-05
0.000254654
0.000489159
3.80677e-06
0.000187838
0.000186626
0.000170546
0.000195936
0.000391995
6.60117e-05
9.05417e-05
0.000326822
2.33353e-05
3.68478e-05
0.000276239
0.000342894
0.000598017
0.000312112
6.57613e-05
0.000154686
8.61853e-05
0.000245244
0.000233659
0.000187285
0.000379149
0.00028761
1.90916e-05
0.000161116
0.000194922
9.54507e-06
0.000182503
0.00016879
0.000620546
0.000116141
1.07013e-05
0.000149434
0.000286029
0.000438095
0.000282315
0.000444212
0.000218361
0.000464302
0.000381829
0.000235615
6.62806e-05
0.000113943
0.00020553
0.000257684
0.000279017
0.00037547
0.000142736
3.76427e-06
8.81333e-05
6.38378e-05
0.00024695
0.000166436
2.91588e-05
0.000122086
0.000305647
0.000238351
0.000122637
0.000399227
8.01481e-05
9.10153e-05
0.000253718
8.31171e-05
0.000228499
0.000152528
5.32764e-05
0.000141967
3.52702e-05
0.000137639
8.39552e-05
4.55011e-05
