n=32
J=0.707107
eta=1.03797
mu=0.0556962
beta-optimal=0
max-overlap=0
0.00539881
0.00472119
0.00840591
0.000673093
0.00472145
0.00188242
0.00376869
0.00249943
0.00192405
0.0014749
0.0021269
0.00615985
0.000353255
0.000486042
0.00212979
0.000130858
7.80263e-05
0.000727247
0.00291118
0.000636073
0.0020451
0.000524374
0.00103296
0.000288154
0.00157229
0.00049588
0.000436081
0.0021588
2.10707e-05
0.000257678
0.00160739
0.0014054
0.000947672
3.25789e-05
0.00105944
0.000575002
0.0010087
0.000744245
0.000424057
0.00166619
0.000495357
0.000207409
0.000548512
0.000466123
5.76964e-05
9.55738e-05
0.00116689
0.000677318
0.000984255
0.000619812
0.000488398
0.000778617
0.00146648
0.000360707
0.00080113
0.000725492
0.000493942
0.000445787
0.000245475
4.09187e-06
0.000782761
0.000502605
0.00121766
0.000103872
0.000807517
0.000108044
3.75112e-05
0.00080178
0.00101762
7.68614e-05
0.000218582
1.88232e-05
0.000373529
0.00118247
0.000637324
0.000184725
0.000120741
6.84321e-05
0.00192995
0.000122265
0.00116517
0.000131434
0.000340656
0.000335047
0.000307543
0.000320063
0.0004661
0.00126463
7.70286e-05
0.000428381
0.000140898
0.000337446
0.000229531
0.000198688
0.000287838
0.000275996
0.000567354
0.000219448
5.51615e-05
0.000306713
0.000175013
5.00267e-05
0.000857512
0.000128291
5.09914e-05
0.000126782
8.6376e-05
0.000348985
0.000193237
0.000466674
3.23224e-05
0.000154171
0.000572762
0.000709184
0.000196462
0.000543746
0.000379863
0.000749838
3.35664e-05
0.000741161
0.000408343
0.000479486
0.000312688
0.000335788
0.000278185
0.000215899
0.000425103
2.50665e-05
0.00010683
0.000216346
0.000144656
0.000423576
0.000193035
0.00022018
0.000239087
9.19307e-05
0.000317295
0.000357796
0.000281478
4.57982e-05
0.000102023
0.000468318
4.29162e-05
0.000283185
0.000100071
6.83266e-05
9.45669e-05
0.000219857
0.000240547
0.000192184
0.000174737
0.000331491
0.0001422
0.000105117
0.000201303
5.21822e-05
7.56821e-05
8.89846e-05
0.000292508
6.15221e-05
9.62724e-05
0.000484859
0.000214384
0.000108937
7.97995e-05
0.000160097
0.000127542
0.000237516
0.000316641
0.000216805
0.00011257
0.000173166
0.000206332
3.30611e-05
0.00035927
0.000329155
0.000132387
1.40634e-06
8.22803e-05
0.00038637
0.000194121
0.000217425
0.000191833
0.000138994
0.000181522
4.98084e-05
0.000169151
0.000211837
0.000211822
0.000106591
9.86495e-05
1.48766e-05
0.000544607
0.000151199
0.000148138
3.75975e-05
0.000163674
3.98468e-05
0.000180129
0.000291556
7.53743e-06
1.33829e-05
7.0685e-05
0.000178561
0.000135176
0.000147984
0.000326925
4.02726e-05
0.00021316
2.60407e-05
0.00023935
0.000390011
9.8883e-05
0.000260436
4.63808e-05
5.17973e-05
6.65605e-05
0.000353159
4.26241e-05
0.000264363
0.000112617
0.000102865
0.000171889
5.4567e-05
9.75214e-05
2.31767e-05
0.000180103
8.74876e-05
0.00013059
4.27e-05
0.000270484
6.52908e-05
2.61682e-05
3.96601e-05
2.76514e-06
7.24357e-05
0.000152899
0.000209123
0.00010025
0.000309714
1.41246e-05
0.000154253
0.000181188
1.73608e-05
0.000120872
0.000353154
0.000365037
2.82551e-05
0.000334701
0.000173643
8.38254e-05
3.93e-05
0.000136819
0.000130666
4.05925e-05
1.42861e-05
