n=32
J=0.707107
eta=1.26582
mu=0.0962025
beta-optimal=0
max-overlap=0
3.83143e-12
4.76014e-12
1.29514e-12
1.65872e-12
1.83385e-12
1.92517e-12
2.4396e-12
1.60713e-12
1.59214e-12
2.7606e-12
2.96064e-12
2.27733e-12
3.58533e-13
1.28724e-12
4.38953e-12
8.78615e-13
4.29359e-12
5.80661e-13
3.67341e-12
2.10517e-12
3.63536e-12
6.52838e-13
2.96404e-12
1.91077e-12
2.00412e-12
3.17745e-12
1.0558e-12
1.8283e-12
1.88693e-12
6.99917e-13
8.81746e-13
2.72726e-12
1.98861e-12
9.2647e-13
4.95511e-13
5.73714e-13
1.46695e-12
1.3393e-12
1.12624e-12
1.2009e-12
1.07411e-12
3.04804e-13
7.85536e-13
7.3838e-13
1.60461e-13
1.72505e-12
1.07823e-12
1.52719e-12
4.73382e-13
4.42096e-13
2.11118e-12
1.08276e-12
5.21826e-13
2.6301e-12
7.69859e-13
8.98056e-13
1.09388e-12
3.57703e-13
5.14784e-13
6.22596e-13
2.02836e-12
2.02351e-13
2.12565e-13
1.21322e-12
4.73332e-13
2.30373e-12
2.64251e-13
8.42582e-14
2.6169e-13
2.02697e-12
9.66103e-13
9.28842e-13
2.90827e-13
1.07752e-12
1.32448e-12
1.13758e-13
1.55465e-13
1.02598e-12
5.07692e-13
5.99254e-13
8.84169e-13
3.45426e-13
1.34464e-12
9.27582e-13
1.15712e-12
1.22052e-12
1.37388e-12
1.28378e-12
4.24934e-13
8.00134e-14
5.64037e-13
9.82932e-13
3.6602e-13
2.15685e-13
9.95637e-13
1.13311e-12
1.29883e-13
5.83611e-13
1.31335e-12
1.18772e-12
1.08775e-12
1.21615e-12
2.82243e-13
1.32149e-13
5.60207e-13
1.65423e-13
2.16572e-13
1.39599e-13
3.72642e-13
7.19964e-14
2.06626e-13
3.95197e-13
8.26001e-14
5.25638e-13
2.01608e-13
7.06111e-13
6.85682e-13
6.82209e-13
9.57616e-14
3.40141e-13
2.17493e-13
4.43721e-13
4.78697e-13
1.10355e-12
2.0179e-13
3.8536e-13
3.70684e-13
7.07735e-13
3.07709e-13
4.67887e-13
4.20623e-13
7.34296e-13
3.46438e-13
3.31766e-13
3.34056e-13
7.74706e-14
8.50539e-13
5.00262e-13
1.23226e-12
4.63761e-13
6.42378e-13
1.8049e-13
5.15189e-13
1.66145e-13
2.7697e-13
3.86508e-13
3.6397e-13
3.99776e-13
3.75945e-13
4.11545e-13
7.87755e-13
5.44202e-13
2.88114e-13
1.77346e-13
2.47706e-13
4.76947e-13
5.74847e-14
1.27565e-12
3.18689e-13
3.43964e-13
4.47108e-13
6.79581e-13
1.11447e-13
5.94305e-13
1.01413e-13
3.04793e-13
3.60203e-13
2.9371e-13
5.80981e-13
7.94931e-13
4.07148e-13
2.59157e-13
3.32331e-13
5.14711e-13
2.46557e-13
4.72362e-13
3.0999e-13
2.3385e-13
4.41354e-13
4.20434e-13
1.56346e-13
2.98168e-13
2.9707e-13
1.015e-12
5.03244e-13
4.30391e-13
3.29035e-13
2.44959e-13
7.14677e-14
4.52434e-13
7.05941e-13
3.33296e-13
3.58189e-13
1.53582e-13
1.79016e-13
9.31947e-14
3.91895e-13
1.23797e-13
2.31629e-13
6.04802e-13
3.6007e-13
1.93445e-13
2.56474e-13
1.73365e-13
5.26285e-13
2.72209e-13
3.71064e-13
4.50455e-13
5.81611e-14
1.18589e-13
2.41804e-13
2.52514e-13
2.44428e-13
1.76029e-14
4.87322e-13
1.68228e-13
4.72347e-13
2.75355e-13
4.50354e-13
1.94618e-13
2.3234e-13
4.12015e-13
6.62248e-13
6.23647e-13
2.18103e-13
3.8758e-13
3.22382e-13
2.51076e-13
3.8963e-13
1.07292e-13
3.55891e-13
1.36372e-13
8.20051e-13
1.58732e-13
2.81067e-13
2.58194e-13
3.88514e-13
1.42929e-13
1.50953e-13
3.76042e-13
8.11914e-13
6.54516e-14
6.86009e-13
6.78849e-14
1.89769e-13
5.03171e-13
1.48346e-13
1.54895e-13
3.1123e-13
2.02052e-13
6.6582e-13
1.3059e-13
2.1332e-13
3.32233e-13
5.76978e-13
2.57842e-13
