n=32
J=0.707107
eta=1.08861
mu=0.0506329
beta-optimal=0
max-overlap=0
1.49808e-11
1.32746e-11
9.40237e-12
2.53468e-11
1.3393e-11
1.05912e-11
8.32802e-12
4.81807e-12
2.00707e-11
9.43939e-12
1.16117e-11
1.16145e-12
1.58341e-11
1.40964e-11
1.16493e-11
1.65214e-11
1.41809e-12
7.39382e-12
3.15877e-12
7.8191e-12
5.50245e-12
8.89135e-12
8.435e-12
8.55557e-12
1.80741e-12
5.34094e-12
7.09594e-12
3.53939e-12
2.59734e-12
3.16785e-12
6.856e-13
3.07711e-12
1.28883e-12
3.55312e-12
2.82115e-12
6.39192e-13
1.82729e-12
4.64977e-12
1.43386e-12
4.04295e-13
5.08767e-12
7.49335e-13
9.5434e-13
1.16814e-12
1.03342e-12
1.70972e-13
5.54129e-12
1.79184e-12
6.90118e-13
2.80382e-12
2.02425e-12
2.1036e-12
1.28252e-12
3.81821e-12
3.83596e-12
4.73254e-12
1.19152e-12
1.51317e-12
1.71038e-12
2.67025e-12
2.19462e-12
2.31729e-12
1.1191e-12
8.08644e-13
8.42449e-12
2.53206e-12
1.93789e-13
2.28437e-12
5.01758e-12
2.9524e-12
3.82126e-12
1.85919e-13
1.35162e-12
3.10751e-12
4.1494e-12
2.32398e-12
1.585e-12
1.10554e-12
1.65485e-12
6.25953e-13
3.1287e-12
1.01131e-12
1.87116e-12
7.65775e-13
1.0136e-12
1.79103e-12
1.31753e-12
9.24793e-13
9.94567e-13
3.25234e-12
5.89661e-13
1.08422e-12
8.51885e-13
2.9958e-12
1.04703e-12
4.4946e-13
2.36564e-13
3.44591e-12
1.22264e-12
1.0071e-12
3.50049e-13
1.92552e-12
1.48442e-12
1.92226e-12
3.56197e-13
7.46678e-13
3.23517e-12
1.32291e-12
3.88717e-13
1.00931e-12
1.09e-12
5.79654e-13
7.92786e-13
5.1205e-13
3.79319e-12
8.43271e-13
6.12865e-13
1.93831e-12
2.85247e-13
1.51751e-12
4.95505e-13
6.06048e-13
2.4938e-12
1.11382e-12
1.1723e-12
1.09416e-12
1.02849e-12
1.17595e-12
4.9419e-13
6.48866e-13
3.06219e-12
2.23552e-12
5.55312e-13
3.03584e-13
1.86089e-12
5.584e-13
3.85802e-13
4.29352e-13
9.82464e-13
1.53694e-12
6.58957e-13
1.70958e-12
1.12218e-12
6.99804e-13
1.15068e-12
9.51022e-13
3.27066e-13
1.55636e-12
3.8553e-13
1.33174e-12
8.9959e-13
1.47976e-12
8.3437e-13
2.17135e-13
6.58214e-13
3.94184e-13
7.54262e-13
6.26277e-13
4.52861e-13
9.27475e-13
1.15119e-12
5.2976e-13
7.85703e-13
8.14413e-13
7.98037e-13
1.6311e-12
5.56865e-13
4.36511e-13
6.31482e-13
9.08547e-13
6.57523e-13
1.10799e-12
1.43048e-12
6.07871e-13
5.77665e-13
6.26239e-13
6.05495e-13
2.31962e-13
9.67931e-13
1.13243e-12
7.01316e-13
1.26718e-12
1.73329e-12
5.60633e-13
8.10599e-13
4.01427e-13
3.98912e-13
1.10224e-12
1.25908e-12
1.56004e-12
1.06234e-12
1.84995e-13
5.86872e-13
9.35987e-13
2.37459e-12
7.36704e-14
7.2776e-13
3.81715e-13
7.53558e-13
2.26282e-13
5.55314e-13
4.65534e-13
4.18206e-13
2.47367e-13
1.44589e-13
3.40934e-13
6.34268e-14
1.15885e-12
8.93561e-13
4.63691e-13
9.71984e-13
5.23492e-13
2.40526e-13
7.11717e-13
1.19245e-12
1.98005e-13
1.75788e-13
5.45374e-13
7.27952e-13
4.36987e-13
7.20669e-13
1.38345e-12
8.06107e-13
4.25457e-13
5.78508e-13
9.8205e-13
5.03106e-13
1.41764e-13
6.99478e-13
2.96841e-13
1.24598e-12
1.50698e-12
2.04221e-12
6.18065e-13
8.49531e-13
9.63815e-13
7.90424e-13
3.69875e-13
1.8493e-12
1.01069e-12
4.18705e-13
4.4567e-13
9.28988e-13
1.35404e-12
4.34298e-13
4.52316e-13
1.36172e-12
9.8715e-13
1.21074e-12
3.52867e-13
4.92412e-13
5.64291e-13
5.71624e-13
5.57161e-13
6.70674e-13
1.74875e-12
