n=32
J=0.707107
eta=1.18987
mu=0.0556962
beta-optimal=0
max-overlap=0
4.99464e-12
6.04603e-12
1.84548e-11
1.25684e-11
4.10972e-12
4.33696e-12
5.66064e-12
6.40642e-12
8.45947e-12
1.00471e-11
2.94282e-12
1.12669e-12
4.19528e-12
1.59097e-12
2.9634e-12
1.19154e-12
8.60232e-12
2.02871e-12
2.27503e-12
1.47793e-12
2.35227e-12
1.39e-12
7.69082e-14
8.29713e-12
1.29051e-12
1.59503e-12
3.60038e-12
2.05087e-12
6.81522e-12
1.55172e-12
4.2052e-12
1.29195e-12
2.19094e-12
1.12112e-12
3.58944e-12
8.3631e-13
1.28314e-12
1.05672e-12
4.90727e-13
1.37061e-12
1.63437e-12
1.18943e-12
3.28688e-12
1.09035e-12
4.19425e-13
2.13328e-12
4.91253e-12
1.56859e-12
1.63545e-12
8.45274e-13
1.1323e-12
1.99701e-12
8.36289e-13
3.49854e-12
3.05984e-12
2.92264e-13
1.4092e-12
1.92486e-12
2.45339e-12
9.19761e-13
3.57702e-12
1.73775e-12
1.3956e-12
1.45124e-12
9.68675e-13
3.40557e-13
8.11565e-13
5.31473e-13
1.81725e-12
5.76515e-13
2.55664e-12
5.14306e-13
3.40258e-13
2.16467e-12
1.7346e-12
1.5874e-12
2.14769e-12
3.79772e-13
5.14406e-12
1.44258e-12
2.5652e-12
8.81919e-13
1.06121e-12
9.84794e-13
1.09009e-12
1.48914e-12
1.48786e-12
1.04413e-12
1.78424e-12
8.90991e-13
3.29265e-13
2.96289e-12
2.22847e-13
1.48383e-12
3.155e-13
3.77459e-13
4.04304e-13
2.7728e-12
7.32177e-13
1.10733e-12
3.14093e-12
2.91673e-13
4.24927e-13
1.10662e-12
4.71522e-13
3.93741e-13
1.6918e-12
1.27076e-13
1.68937e-12
7.21032e-13
1.33866e-12
2.02285e-12
1.47704e-12
1.22489e-13
1.10823e-12
5.52993e-13
4.62941e-13
4.11201e-13
2.70731e-13
1.33066e-12
8.87734e-13
3.97035e-13
4.0659e-13
7.7199e-13
4.56422e-13
2.8753e-13
1.51336e-12
5.66408e-13
2.79906e-13
6.12499e-13
1.56354e-12
1.14725e-12
4.98407e-13
2.42921e-13
2.32625e-13
7.5476e-13
5.28669e-13
7.35516e-13
2.37555e-13
2.78108e-13
2.14981e-12
9.5863e-13
5.52239e-13
4.4707e-13
1.08254e-12
1.24806e-12
3.56969e-13
4.22556e-13
2.75542e-13
6.7523e-13
9.44067e-13
6.02751e-13
9.52017e-13
8.06112e-13
1.33082e-12
6.75083e-13
6.50406e-13
1.23297e-12
7.86921e-13
9.45467e-13
6.73915e-13
5.069e-13
7.58424e-13
1.93706e-12
5.15488e-13
3.30018e-13
5.12015e-13
6.75744e-13
6.52228e-13
1.47937e-12
5.7824e-13
5.57384e-13
1.70617e-13
3.58664e-13
2.34639e-13
4.75268e-13
3.06106e-13
9.21799e-13
4.25033e-13
1.26169e-12
9.94754e-14
4.06273e-13
2.07481e-12
5.48465e-13
8.81178e-13
3.54496e-13
1.73831e-12
5.19718e-13
1.17602e-12
2.61685e-13
4.94493e-13
1.14946e-12
6.42524e-14
7.87919e-13
9.54762e-13
1.66777e-12
1.12481e-12
4.49529e-13
3.93211e-13
2.63765e-13
6.32178e-13
4.56926e-13
1.85723e-13
8.25479e-13
5.54848e-13
9.68235e-13
3.78644e-13
2.52421e-13
1.4421e-13
2.55304e-13
1.18565e-12
6.57435e-13
5.13645e-13
4.23416e-13
7.65013e-13
1.82509e-13
2.32e-13
1.0054e-12
4.18577e-13
3.03453e-13
8.89227e-13
6.40989e-13
1.00795e-12
3.08795e-13
4.42424e-13
4.24206e-13
1.38468e-13
8.47021e-13
1.6757e-13
2.89324e-13
1.66824e-13
3.10051e-13
1.65629e-13
4.91067e-13
1.93626e-13
9.08843e-13
2.20893e-13
9.18764e-13
6.56055e-13
2.26964e-13
3.03483e-13
1.29374e-13
4.13976e-13
4.83842e-13
4.89753e-13
4.52168e-13
2.35987e-13
4.97762e-13
2.33702e-13
1.45427e-12
6.23797e-13
6.25073e-13
6.26682e-13
8.52687e-13
6.75725e-13
6.87292e-13
