n=32
J=0.707107
eta=1.21519
mu=0.0607595
beta-optimal=0
max-overlap=0
2.21996e-12
5.85651e-12
1.78086e-11
8.36683e-12
4.95215e-12
4.32027e-12
2.54667e-12
3.97933e-12
8.43055e-12
1.14821e-11
3.76746e-12
1.21023e-12
6.40415e-12
2.06735e-12
4.61848e-12
1.42278e-12
7.14922e-12
1.34852e-12
2.04271e-12
1.21356e-12
1.20854e-12
6.97786e-13
9.58697e-13
4.29408e-12
1.15152e-12
9.40291e-13
3.27599e-12
2.57242e-12
5.73827e-12
1.38244e-12
3.19497e-12
1.78958e-12
2.03102e-12
1.36072e-12
1.70884e-12
5.06118e-13
2.42869e-12
5.74711e-13
6.7529e-13
2.55575e-12
1.69598e-12
2.02216e-12
2.46859e-13
2.53998e-12
1.17697e-12
2.43894e-12
5.27506e-12
1.25887e-12
2.78498e-12
1.25519e-12
1.40447e-12
1.3233e-12
8.92001e-13
2.70378e-12
2.85068e-12
2.87465e-13
7.47147e-13
1.98893e-12
1.4121e-12
5.77815e-13
4.04368e-12
1.57276e-12
7.26039e-13
9.69707e-13
1.00319e-12
5.30271e-13
4.14699e-13
7.46803e-13
1.62368e-12
3.59749e-13
1.82358e-12
2.81297e-13
7.07859e-13
2.13661e-12
1.56901e-12
1.8518e-12
1.64402e-12
1.19359e-13
4.68325e-12
1.28713e-12
2.39848e-12
6.44223e-13
1.03622e-12
1.07702e-12
6.97453e-13
1.72478e-12
9.94545e-13
1.18914e-12
1.81392e-12
4.13224e-13
3.05463e-13
2.83635e-12
6.45229e-13
1.61216e-12
4.70602e-13
2.31065e-13
6.20829e-13
2.25021e-12
5.76521e-13
8.78706e-13
3.25663e-12
5.31351e-13
3.66132e-13
1.10471e-12
3.29683e-13
1.60335e-13
1.5819e-12
7.10816e-13
1.54491e-12
6.26903e-13
1.03297e-12
1.75847e-12
1.42636e-12
9.38089e-14
9.96179e-13
5.06134e-13
4.81774e-13
1.56919e-13
5.26248e-13
8.06299e-13
9.75403e-13
5.71737e-13
3.01493e-13
8.66337e-13
2.59815e-13
2.18536e-13
1.41369e-12
3.8773e-13
9.62475e-14
6.31234e-13
1.17148e-12
9.48364e-13
1.90481e-13
3.84286e-13
2.84588e-13
5.97704e-13
5.24089e-13
2.47527e-13
2.23113e-13
5.19138e-13
1.94545e-12
8.98643e-13
4.08666e-13
6.01505e-13
1.05712e-12
8.17985e-13
4.47857e-13
4.00928e-13
3.97144e-13
5.51319e-13
8.84495e-13
8.20436e-13
7.25684e-13
4.62529e-13
1.30725e-12
8.1019e-13
7.15106e-13
8.46233e-13
1.60726e-13
6.99086e-13
7.00358e-13
4.69193e-13
6.38935e-13
9.23522e-13
2.41096e-13
2.25713e-13
9.7197e-13
3.75892e-13
6.88716e-13
1.13234e-12
5.04583e-13
4.30146e-13
3.75219e-13
5.46751e-13
1.27278e-13
7.38235e-13
4.08772e-13
8.4697e-13
2.76222e-13
1.13176e-12
1.08872e-13
2.3371e-13
2.09534e-12
6.41069e-13
9.54394e-13
3.35889e-13
1.88211e-12
2.85461e-13
1.18458e-12
1.42287e-13
3.78545e-13
9.7241e-13
3.12064e-13
8.55458e-13
1.04127e-12
1.46853e-12
1.21084e-12
3.95214e-13
3.1793e-13
1.54457e-13
7.19708e-13
3.10719e-13
1.50467e-13
8.78567e-13
5.58626e-13
7.69421e-13
3.924e-13
1.27099e-13
2.03844e-13
3.3594e-13
1.306e-12
2.82198e-13
4.38876e-13
2.17419e-13
9.63705e-13
1.7797e-13
1.2587e-13
1.07229e-12
5.47906e-13
1.61775e-13
1.13827e-12
6.57826e-13
1.20136e-12
2.33716e-13
5.6192e-13
3.67721e-13
3.3322e-13
7.29818e-13
1.52805e-13
3.97814e-13
1.7352e-13
7.21475e-14
2.90825e-13
3.64366e-13
1.56226e-13
1.00395e-12
3.61765e-13
9.00293e-13
6.36065e-13
1.88701e-13
6.66686e-13
1.19317e-13
2.48166e-13
3.89152e-13
2.42053e-13
3.36857e-13
2.40252e-13
9.74298e-14
2.13164e-13
1.65185e-12
2.28575e-13
3.26529e-13
1.79465e-13
2.44339e-13
8.42919e-13
6.72584e-13
