n=32
J=0.707107
eta=1.13924
mu=0.0708861
beta-optimal=0
max-overlap=0
7.48586e-12
1.16894e-11
1.20866e-11
8.57558e-12
7.44298e-12
1.92459e-11
1.2182e-11
7.18567e-12
1.11824e-11
2.24585e-12
9.29329e-12
8.47414e-12
8.42332e-12
9.37876e-13
2.23705e-11
1.09427e-11
1.21614e-12
7.76057e-12
5.72239e-12
6.42333e-12
3.73998e-12
5.41096e-12
4.0811e-12
2.15048e-12
8.3002e-12
4.97197e-13
4.42273e-12
8.4134e-12
3.76466e-12
5.06671e-13
2.23553e-12
4.12012e-12
5.22241e-12
7.9078e-12
2.66145e-12
4.17009e-12
9.90537e-13
3.74441e-12
3.90213e-12
1.05993e-12
6.24029e-12
1.63285e-12
3.7186e-12
1.7563e-12
3.39509e-12
2.11809e-12
3.7771e-12
2.29889e-12
2.79005e-12
1.00405e-12
2.18026e-12
8.29969e-13
9.00347e-13
6.35122e-12
3.98055e-13
2.73705e-12
2.30314e-12
1.99667e-12
1.7164e-12
3.55662e-12
2.24122e-12
1.68761e-12
1.07844e-12
7.93217e-13
3.96968e-13
4.09445e-12
4.70214e-12
1.76671e-12
2.39504e-12
3.8616e-12
7.71198e-14
3.20983e-13
6.11236e-13
5.70928e-13
4.29555e-13
2.11808e-12
4.24248e-13
1.08373e-12
1.07554e-12
1.44067e-12
1.10327e-12
7.80353e-14
1.05919e-12
2.87663e-12
6.75777e-13
1.22614e-12
1.84651e-12
1.13986e-12
1.34384e-12
1.73212e-12
7.78168e-13
1.09147e-12
2.00516e-12
1.46436e-12
1.15087e-12
1.28222e-12
7.93221e-13
1.30195e-13
3.15251e-12
1.68038e-12
4.02856e-13
2.77637e-13
8.73867e-13
2.69901e-12
3.90889e-13
5.44156e-13
4.58853e-13
9.07666e-13
5.7245e-13
1.90606e-12
5.18304e-13
1.50392e-12
2.0619e-13
8.56348e-13
7.58575e-13
2.84861e-12
1.06103e-12
1.6895e-13
4.97671e-13
1.46463e-12
2.29217e-12
1.24003e-12
1.86612e-13
1.83389e-12
1.02553e-12
1.00596e-12
1.64535e-12
8.91978e-14
9.56842e-13
4.39577e-13
1.17367e-12
1.42326e-12
2.37154e-12
1.75499e-12
7.94313e-13
1.00682e-12
1.7426e-12
1.40273e-12
1.77739e-12
9.50289e-14
6.45496e-13
2.01128e-12
1.24408e-13
2.48341e-13
3.52904e-13
3.22211e-13
6.43471e-13
5.05188e-13
9.12571e-13
3.17539e-13
1.09763e-12
2.33361e-12
1.01483e-12
1.20052e-12
6.34112e-13
5.72005e-13
1.50922e-12
5.18506e-13
1.27755e-12
1.564e-13
6.48495e-13
4.44821e-13
1.37763e-12
2.90438e-13
7.33991e-13
9.44309e-13
6.74778e-13
8.49468e-14
3.92317e-13
4.44125e-13
1.42175e-12
7.91892e-13
5.50437e-13
4.12941e-13
1.05188e-12
6.78612e-13
1.38486e-12
2.79027e-13
2.1768e-13
1.04288e-12
4.68607e-13
1.07433e-12
7.47322e-13
1.96082e-12
9.635e-14
1.0001e-12
7.24196e-13
4.48427e-13
1.46611e-13
1.19182e-12
1.08756e-12
4.2142e-13
7.77838e-13
1.24968e-12
3.03906e-13
5.79116e-13
3.77891e-13
1.19558e-13
1.2306e-12
1.10832e-12
4.66419e-13
2.65103e-13
2.33373e-13
8.55318e-13
8.65844e-13
5.02049e-13
8.62452e-13
8.91424e-13
3.82826e-13
9.80342e-14
3.00971e-13
3.25613e-13
5.16504e-13
7.87948e-13
1.07864e-12
1.10824e-12
8.07373e-13
5.88894e-13
3.62915e-13
1.11387e-13
1.23909e-12
5.67321e-13
6.86578e-13
9.72511e-13
4.98461e-14
9.1794e-13
3.19756e-13
5.40122e-13
8.53166e-13
5.1686e-13
2.95698e-13
1.78418e-13
1.63368e-12
7.00042e-13
3.44497e-13
9.93911e-13
1.17131e-12
8.28849e-14
9.00975e-13
1.36612e-12
8.68233e-14
7.3131e-13
4.98668e-13
9.76018e-13
2.1193e-13
5.78421e-13
1.46084e-12
4.21852e-13
3.38869e-13
3.70407e-13
7.79953e-13
1.07281e-12
9.6861e-13
9.0221e-13
2.56443e-13
5.32432e-13
