n=32
J=0.707107
eta=1
mu=0.0683544
beta-optimal=0
max-overlap=0
0.406134
0.323182
0.300262
0.272106
0.234913
0.227735
0.168622
0.164533
0.164985
0.151764
0.124592
0.122585
0.137509
0.116524
0.117774
0.120207
0.122266
0.0995537
0.0949548
0.0844023
0.0727565
0.0782752
0.0677451
0.0663595
0.0614541
0.0703801
0.072631
0.0644504
0.0571839
0.0503782
0.0575675
0.0566906
0.0521508
0.0451241
0.0427507
0.0437208
0.0451519
0.0414337
0.0434021
0.0441317
0.0392454
0.0383308
0.0408438
0.0386057
0.0346201
0.0367575
0.0339022
0.0296731
0.0342364
0.0296755
0.036331
0.0284596
0.0307014
0.0275117
0.0276858
0.0290994
0.0258441
0.0261605
0.0283466
0.0297203
0.0222615
0.0253218
0.0239781
0.0258216
0.0264877
0.027868
0.0206357
0.02243
0.0216843
0.0202267
0.020606
0.0214466
0.018976
0.0229088
0.0183857
0.0205117
0.0189947
0.0180752
0.0180408
0.0175227
0.0178371
0.0182015
0.0160971
0.0151915
0.0150017
0.0154134
0.0177338
0.0171252
0.0144809
0.0151071
0.0138175
0.0145301
0.0141264
0.0148992
0.0139744
0.0135826
0.0124062
0.0124216
0.0126848
0.014307
0.012839
0.0119418
0.0129693
0.0122181
0.0117299
0.0116958
0.0131631
0.0129394
0.0103324
0.011133
0.0115426
0.00927064
0.0100517
0.0107276
0.0114246
0.0100546
0.0107519
0.0098109
0.0106057
0.00953101
0.0117705
0.0114266
0.00937452
0.009674
0.00990406
0.00920359
0.00846683
0.00925306
0.00899186
0.00915112
0.00881941
0.00853314
0.00814999
0.00847087
0.00813873
0.00798023
0.00794677
0.00793902
0.0079758
0.0076212
0.00740792
0.00725968
0.00737884
0.00777259
0.00727132
0.00665883
0.00668992
0.00779028
0.00663501
0.00725617
0.00760011
0.00651887
0.00664809
0.00652896
0.00719473
0.00616356
0.00616985
0.00581256
0.00700776
0.00576908
0.00564936
0.00629813
0.00644295
0.0058895
0.0057614
0.00601567
0.00599227
0.00616163
0.00538041
0.0050665
0.00609043
0.00566425
0.00553047
0.00590017
0.00526435
0.00522724
0.00553068
0.00525939
0.00544165
0.00508024
0.00493913
0.00507358
0.00483754
0.00498369
0.00481856
0.00488057
0.0046146
0.00473595
0.00463307
0.0045027
0.00434298
0.00476904
0.00463206
0.00446462
0.00444794
0.00428269
0.0046076
0.00426735
0.00436566
0.0048916
0.00433025
0.00408035
0.00398446
0.00452627
0.00410221
0.00374438
0.00414252
0.00394982
0.00398283
0.0036259
0.00382536
0.00359256
0.00340539
0.00370497
0.00348406
0.00339247
0.00353069
0.00340402
0.0034357
0.00358451
0.00340109
0.0032499
0.00328127
0.00325971
0.00310125
0.00331692
0.00317608
0.00336872
0.0032041
0.003018
0.00296652
0.00295297
0.00313236
0.00297065
0.0031876
0.0030961
0.00298837
0.0027323
0.00275933
0.00267296
0.0028797
0.00289214
0.00268552
0.00273749
0.00261939
0.00259946
0.00268599
0.00244025
0.00236156
0.00246162
0.00225358
0.00223719
0.00215215
0.00215833
0.0023773
0.00203472
