n=32
J=0.707107
eta=1.01266
mu=0.0278481
beta-optimal=0
max-overlap=0
1.61356e-10
4.83435e-11
1.98251e-10
7.24287e-11
1.01879e-10
9.55337e-11
5.7848e-11
9.61034e-11
3.96245e-12
3.98075e-11
3.71177e-11
2.36655e-11
3.60267e-11
3.89108e-11
3.13282e-11
5.15054e-11
3.66799e-11
2.24315e-11
2.36273e-11
8.02842e-12
2.69463e-11
1.98479e-11
2.25465e-11
2.33293e-11
1.51936e-11
9.15111e-12
1.41058e-11
1.15671e-11
7.18424e-13
1.65464e-11
7.48905e-12
2.51198e-11
3.87071e-12
6.19321e-12
1.19318e-11
2.44821e-11
1.63024e-12
8.72012e-12
6.29151e-12
1.12081e-11
8.54527e-12
2.9184e-12
2.69761e-12
1.07376e-11
6.16957e-12
1.30452e-11
8.22953e-12
8.40113e-12
9.23265e-12
9.51126e-12
7.22081e-12
2.67189e-12
1.3983e-11
2.19008e-12
6.39129e-12
7.37705e-12
1.21319e-11
7.51061e-12
3.51546e-12
6.73522e-12
2.21911e-12
4.69478e-12
4.80649e-12
6.18591e-12
6.46962e-12
1.09934e-12
6.24885e-12
1.84583e-12
3.06172e-12
1.4504e-11
2.91608e-12
6.5085e-12
3.50243e-12
6.6998e-12
5.11866e-12
2.78993e-12
1.12172e-11
2.73919e-12
3.64222e-12
8.39778e-12
4.93201e-12
9.27972e-12
4.41464e-12
2.78019e-12
2.52581e-12
1.00672e-11
4.70936e-12
4.39797e-12
1.46675e-12
5.25708e-12
3.17284e-12
1.22712e-12
1.59581e-12
2.23608e-12
4.75201e-12
2.53383e-12
9.27404e-12
2.12926e-12
5.74547e-12
3.91584e-12
4.10851e-12
1.45218e-12
2.061e-12
4.1293e-12
3.69134e-12
3.52586e-12
2.34395e-12
6.37644e-13
5.76211e-12
2.42946e-12
2.25908e-12
2.28877e-12
2.61422e-12
3.94028e-12
1.02902e-12
6.02808e-12
2.07225e-12
5.65851e-12
1.41943e-12
5.94908e-12
2.75616e-12
1.68547e-12
1.30174e-12
1.18662e-12
1.83924e-12
2.16088e-12
2.38846e-12
1.02223e-12
1.87287e-12
5.11241e-12
2.49923e-13
1.07917e-12
1.08101e-12
1.81716e-12
8.97862e-13
2.36728e-12
2.72433e-12
9.41659e-13
4.66112e-12
2.93115e-12
2.11324e-12
7.15439e-13
2.55421e-12
9.45251e-13
3.89064e-12
2.66773e-12
5.02786e-12
7.44103e-13
3.42613e-12
3.29307e-12
3.41821e-12
1.97269e-12
2.60037e-12
3.73757e-12
2.35142e-12
4.20207e-12
1.61176e-12
3.22006e-12
1.58467e-12
3.47186e-12
2.27767e-12
1.90993e-12
2.25576e-12
1.73202e-12
1.58772e-12
6.46533e-12
2.19437e-12
1.88653e-12
3.05605e-12
3.46373e-12
1.56784e-12
1.09568e-12
2.3041e-12
1.52729e-12
1.18462e-12
2.21698e-12
2.06499e-12
1.40585e-12
1.89625e-12
2.23008e-12
3.08396e-12
1.13649e-12
2.09326e-12
9.3107e-13
1.31272e-12
3.36192e-12
1.33458e-12
5.47513e-12
1.51632e-12
2.90239e-13
7.93778e-13
1.69875e-12
2.46315e-12
1.98977e-12
1.63297e-12
1.65667e-12
1.4688e-12
1.05952e-12
5.35743e-12
1.93852e-12
1.00572e-12
4.40416e-12
1.16099e-12
1.98826e-12
8.92575e-13
1.87068e-12
3.90754e-12
8.44979e-13
4.53632e-13
1.01458e-12
2.27658e-12
1.76422e-12
1.50928e-12
2.43689e-13
3.3213e-12
1.1039e-12
3.47316e-12
2.76987e-12
2.73128e-12
1.85446e-12
4.96583e-12
2.04966e-12
2.8714e-12
1.18336e-13
3.78472e-12
8.47739e-13
1.92809e-12
7.3452e-13
7.57625e-13
1.48423e-12
1.53865e-12
5.86772e-13
6.54507e-13
2.14357e-12
3.09043e-12
1.75552e-12
1.45401e-12
5.81778e-13
2.48164e-12
1.25395e-12
9.18659e-13
2.03964e-12
4.77696e-12
7.15796e-13
9.55442e-13
2.40562e-12
2.7348e-12
3.79449e-13
1.48892e-12
1.26838e-12
7.73367e-13
2.257e-12
1.98346e-12
1.02755e-12
8.24296e-13
9.41756e-13
