n=32
J=0.707107
eta=1.03797
mu=0.0455696
beta-optimal=0
max-overlap=0
0.0103979
0.00161784
0.0002191
0.00701836
0.00590014
0.00536426
0.00183667
0.00469722
0.00309344
0.00208667
0.00331987
0.0028952
0.00406536
0.00522924
0.00231337
0.0010226
0.00176455
0.0053547
0.000588603
0.00298678
0.00225948
0.00129662
0.000290358
0.00161866
0.000405429
0.00277983
0.000807246
0.000477707
0.0014058
0.000797129
0.00217068
0.00137644
0.000485448
0.00048573
0.00130539
0.000662954
0.00180749
0.000361189
0.000703077
0.000103535
0.000359578
0.00013034
0.000834696
0.000766101
0.000332584
0.000500997
0.000241955
0.000183807
0.00152124
0.000546141
0.000253449
0.000389423
0.000705329
0.000341936
0.000787142
8.34522e-05
0.000594654
0.000343984
0.000537325
0.00073511
0.000330794
0.000442523
0.000228357
6.68406e-05
0.000651934
0.000293239
5.22179e-05
0.000228378
0.000928226
0.000579534
9.36191e-05
0.000452862
0.000399785
0.000594814
0.000653817
0.000972844
6.82695e-06
0.000529463
0.000295154
0.000887048
0.000373974
1.52889e-05
0.000231234
0.000469074
0.000297605
0.000260076
0.000341006
0.000617617
0.000302576
0.000135869
0.000313114
2.45079e-05
4.46628e-05
0.00044623
0.000599951
2.85241e-05
6.51335e-05
0.000382285
0.000146206
0.000382614
0.000109351
1.66365e-05
0.000334294
9.49773e-06
0.000557715
6.29236e-05
0.000213549
0.000107534
4.79365e-05
0.000316319
7.45876e-05
0.000271737
3.9768e-05
6.3054e-05
1.16954e-05
3.26098e-05
4.30852e-05
2.68665e-05
0.000200465
1.90837e-05
9.41311e-06
0.000305342
4.73158e-05
0.000331567
0.000421526
4.99441e-05
0.000134766
0.000187348
9.58697e-05
1.92212e-05
0.000209755
0.000269903
2.33367e-05
4.7177e-05
8.27443e-05
0.000623991
0.000364312
0.000385192
0.000217075
0.000520222
0.00130031
6.80524e-06
0.000300102
0.000216282
0.000113857
6.71006e-05
0.000283939
0.000258732
0.000269236
0.000231603
0.000336294
0.000322187
0.000242431
0.00023359
1.74889e-06
0.000226684
1.17436e-05
0.000128889
0.000105535
0.000409217
0.000155826
0.000300649
0.00015305
2.07448e-05
3.01232e-05
0.000174643
0.000171784
2.77994e-05
6.89007e-05
6.28059e-05
1.46467e-05
0.000124336
0.000163527
9.92394e-05
0.000260153
1.30488e-05
4.571e-06
0.000254463
0.000101866
1.61508e-05
6.14061e-06
1.02326e-05
2.49008e-05
1.91972e-05
0.000106383
0.000165346
0.000123982
3.91846e-05
6.9676e-05
0.000103114
0.000188374
0.000188709
0.000125661
4.92114e-05
0.000142292
0.000167059
0.000344474
0.000161472
0.000130318
6.40503e-05
0.000291078
0.000106325
8.31041e-05
0.000263243
0.000119933
0.000224095
5.02418e-06
0.000133994
9.67925e-05
0.000216874
0.000120292
3.29828e-05
6.21976e-05
0.000118168
0.00019248
0.000135289
0.000382461
0.000104952
9.40174e-05
0.000118597
0.000235483
3.10022e-05
0.000127991
0.000332374
0.000174155
4.73142e-05
7.50492e-05
3.99932e-05
0.000144495
2.63801e-05
5.86002e-06
8.41122e-06
0.00027653
8.29627e-05
0.000114041
0.000106779
2.50619e-05
0.000278123
0.000132816
8.76776e-05
0.000214624
0.00011711
0.000204115
0.00016864
0.000178779
0.000181717
7.606e-05
7.40002e-05
0.00012762
0.000164887
4.99158e-05
6.42176e-05
0.000148041
6.4712e-05
0.000150045
0.000104403
