n=32
J=0.707107
eta=1.03797
mu=0.0835443
beta-optimal=0
max-overlap=0
7.19244e-11
2.8571e-11
3.9806e-11
4.27682e-11
1.73223e-11
8.8552e-12
1.55382e-11
7.21151e-12
3.71287e-11
3.27162e-11
3.36217e-11
1.94414e-11
2.44378e-11
2.25178e-11
1.90086e-11
3.15794e-11
2.6975e-11
1.85172e-11
1.36297e-11
9.57135e-12
9.40845e-12
1.41e-11
1.67203e-11
5.49975e-12
9.0506e-12
2.40573e-11
2.39825e-11
1.51314e-11
1.73094e-11
5.00036e-12
1.77552e-12
9.59187e-12
4.16404e-12
2.14289e-12
1.1731e-11
9.29393e-12
8.30905e-12
1.01063e-11
9.68229e-12
6.8046e-12
2.80422e-12
1.72469e-12
4.40166e-12
9.98481e-12
3.81428e-12
1.54042e-11
5.29113e-12
4.5887e-12
6.13453e-12
7.04725e-12
1.27739e-11
1.06673e-11
5.36937e-12
1.48412e-12
8.63709e-12
4.86155e-12
6.5475e-12
1.12864e-11
9.2266e-12
9.43146e-13
1.11998e-11
6.07366e-12
3.17714e-12
4.7301e-12
1.17512e-12
3.66793e-12
3.06511e-12
6.56883e-12
4.10469e-12
2.90601e-12
5.84063e-12
6.64217e-12
2.95726e-12
7.794e-12
6.07736e-12
9.82866e-13
5.18029e-12
3.69631e-12
4.73874e-12
4.6283e-12
2.83729e-12
2.01236e-13
3.42852e-12
5.51128e-12
4.92481e-12
2.09682e-12
5.60036e-12
6.30278e-12
3.40833e-12
7.0733e-12
3.0173e-12
5.87498e-12
2.6114e-12
2.47863e-12
4.91269e-12
5.49298e-12
1.35407e-12
5.95847e-12
3.25934e-12
2.47158e-12
2.85488e-12
1.62674e-12
5.89901e-12
2.57322e-12
2.44098e-12
3.21634e-12
5.86059e-12
1.39895e-12
4.60817e-12
1.02731e-12
5.25098e-12
1.38181e-12
1.90562e-12
8.51836e-13
7.53293e-13
2.97799e-12
3.42373e-12
2.16671e-12
1.56779e-12
1.69328e-12
2.50304e-12
3.77047e-12
4.92557e-13
2.20707e-12
2.94292e-12
3.00945e-12
1.32242e-12
2.07715e-12
6.79446e-13
1.74981e-12
1.46767e-12
2.50727e-12
2.99056e-12
3.50658e-12
3.42801e-12
9.25937e-13
7.33297e-13
8.12524e-13
3.83472e-12
1.11229e-12
1.66591e-12
2.39986e-12
1.5092e-12
6.96461e-13
3.13814e-12
2.04137e-12
9.50225e-13
3.61739e-12
3.03762e-12
1.08772e-12
2.33577e-12
1.83659e-12
1.50199e-12
2.22974e-12
7.07025e-13
2.5418e-12
1.91553e-13
8.12392e-13
3.67069e-12
1.18364e-12
3.39701e-12
2.57237e-12
2.56569e-12
3.25957e-12
2.69518e-12
2.39956e-12
2.63723e-12
2.82604e-12
1.59921e-12
1.9315e-12
6.18591e-13
1.23839e-12
1.67189e-12
2.16358e-12
1.43376e-12
1.19352e-12
5.0124e-13
1.14211e-12
1.04983e-12
5.20077e-13
1.15486e-12
4.76723e-13
2.38079e-13
1.23797e-12
3.01305e-12
1.92397e-12
8.06314e-13
9.16095e-13
1.88252e-12
4.03404e-13
2.24154e-12
2.65237e-13
6.28793e-13
1.77529e-12
1.01094e-12
2.06334e-12
2.01917e-13
3.31492e-13
1.85155e-12
5.62533e-13
1.73629e-12
8.80655e-13
1.52861e-12
8.23422e-13
5.86122e-13
1.18866e-12
1.1903e-13
6.8177e-13
1.40751e-12
1.10653e-12
1.21761e-12
9.62491e-13
8.25536e-13
8.8525e-13
2.06618e-12
4.68025e-13
1.97054e-12
1.02093e-12
1.15712e-12
5.04889e-13
1.83671e-12
1.52603e-13
1.49732e-12
6.81513e-13
3.17311e-13
1.02139e-12
8.65182e-13
7.4099e-13
3.0474e-13
6.55985e-13
5.38884e-13
5.83733e-13
8.33627e-13
1.49583e-12
6.18128e-13
4.33127e-13
2.00488e-12
9.33696e-13
5.6873e-13
9.44884e-13
1.23983e-12
2.02962e-12
8.19764e-13
3.98134e-13
1.64308e-12
5.81392e-13
1.99018e-13
7.57419e-13
1.19665e-12
2.42203e-13
8.73397e-13
9.59499e-13
3.51471e-13
4.10476e-13
7.0428e-13
6.57644e-13
