n=32
J=0.707107
eta=1.01266
mu=0.0329114
beta-optimal=0
max-overlap=0
1.24855e-10
9.42094e-11
1.21889e-10
7.24293e-11
2.54643e-11
2.16731e-11
6.2176e-11
4.56036e-11
5.54993e-11
5.95795e-11
3.16785e-11
1.155e-11
1.35458e-11
1.74196e-11
5.46853e-11
9.1559e-12
1.37965e-11
2.86266e-11
2.34106e-11
5.58646e-12
7.86347e-12
3.21113e-11
1.71748e-11
9.80867e-12
1.76669e-11
3.31158e-12
2.74692e-11
1.07142e-11
7.97045e-12
1.99453e-11
2.62329e-11
1.95924e-11
1.48597e-11
3.62646e-11
1.97977e-11
1.33614e-11
5.86928e-12
5.99248e-12
6.05228e-12
7.32686e-12
9.38536e-12
1.17782e-11
6.93903e-12
1.55682e-11
5.42721e-12
4.52286e-12
6.94317e-12
1.05082e-12
4.83659e-12
2.32187e-11
1.36446e-11
9.78849e-12
1.03487e-11
4.47081e-12
1.27484e-11
8.71002e-12
6.97617e-12
1.30384e-11
5.82435e-12
3.55121e-12
1.12783e-11
8.22249e-12
1.11881e-11
7.01239e-12
3.69689e-12
1.0628e-12
6.67474e-12
3.76713e-12
9.26825e-12
1.84266e-11
7.30009e-12
4.57946e-12
2.81769e-12
2.34217e-12
6.19828e-12
4.40833e-12
8.17915e-12
7.62867e-12
4.31132e-12
3.84093e-12
1.2288e-11
1.03549e-12
1.34179e-12
8.11499e-12
8.60202e-12
4.98404e-12
2.79675e-12
5.17175e-12
8.26178e-13
2.03118e-12
4.96351e-12
4.64044e-12
7.1565e-12
3.01447e-12
1.10499e-12
2.60679e-12
1.38962e-12
4.96187e-12
4.37483e-12
2.21084e-12
4.04582e-12
2.24842e-12
2.29229e-12
2.78151e-12
5.11626e-12
8.51333e-12
1.86809e-12
3.78333e-12
1.49777e-12
2.50746e-12
1.03628e-11
3.94374e-12
2.1007e-12
7.4617e-12
2.25935e-12
4.14459e-12
1.78555e-12
2.01424e-12
3.21514e-12
2.01184e-12
4.60921e-12
1.38564e-12
1.95003e-12
9.0352e-13
2.21142e-12
4.26412e-12
1.67003e-12
7.02913e-12
2.44932e-12
1.82699e-12
2.19298e-12
7.78456e-12
8.81964e-13
4.18748e-12
2.29972e-12
3.59382e-12
1.41044e-12
1.39137e-12
1.66868e-12
1.74233e-12
2.64572e-12
7.35784e-13
4.08764e-13
4.33087e-12
4.11318e-12
1.33381e-12
2.1407e-12
4.46624e-12
4.01116e-12
9.35007e-13
1.22102e-12
1.76153e-12
3.91773e-12
1.68071e-12
7.67235e-13
4.73667e-12
6.98056e-12
3.01551e-12
3.10394e-12
8.71458e-13
3.13952e-13
2.0168e-12
1.62725e-12
1.23597e-12
2.30733e-12
4.25093e-12
8.5903e-12
2.71266e-12
1.94947e-12
4.37914e-12
1.7472e-12
2.19184e-12
2.97441e-12
3.29633e-12
2.53933e-13
1.36654e-12
2.04946e-12
4.16177e-13
3.47673e-12
1.26222e-12
3.77488e-12
6.26486e-12
1.5046e-12
4.7179e-12
1.77592e-12
2.72713e-12
1.58597e-12
1.53956e-12
1.09031e-12
8.61025e-13
8.98991e-13
3.47618e-13
3.27069e-12
2.07404e-12
5.39058e-13
1.60883e-12
4.97252e-12
6.6416e-13
2.26686e-12
1.05709e-12
2.66482e-12
2.73363e-12
2.50832e-12
3.49313e-13
4.12314e-12
6.21695e-12
1.01929e-12
2.02874e-12
1.94913e-12
3.73102e-12
1.38324e-12
1.71188e-12
3.37922e-12
1.35701e-12
5.34641e-13
1.21396e-12
3.18346e-12
5.3162e-14
2.19636e-12
2.77081e-12
8.13881e-13
7.6345e-13
2.11721e-12
4.16626e-12
2.363e-12
4.56898e-12
8.72859e-13
1.57105e-12
2.24653e-12
2.08121e-12
1.85341e-12
3.49022e-12
5.50535e-12
6.20335e-13
6.82322e-13
1.67702e-12
2.69056e-12
1.63453e-12
9.82112e-13
1.7433e-12
1.32607e-12
2.2787e-12
4.1552e-12
1.26232e-12
1.73176e-13
6.6566e-13
1.17217e-12
3.46198e-12
2.01592e-12
2.87581e-12
6.13341e-13
2.05479e-12
2.02313e-12
3.01407e-12
5.47179e-13
3.35805e-13
