n=32
J=0.707107
eta=1.01266
mu=0.0126582
beta-optimal=0
max-overlap=0
1.1933e-12
8.20247e-11
4.37095e-11
2.99543e-11
2.74223e-11
1.70382e-11
9.58149e-12
1.36277e-11
2.19337e-11
1.18496e-11
7.22356e-12
8.3507e-12
1.56175e-11
6.26557e-12
1.05194e-11
3.75814e-12
8.62481e-12
6.25551e-12
7.12588e-12
3.98137e-12
1.69553e-12
7.1312e-12
6.59866e-12
1.09411e-12
8.14135e-12
3.11488e-12
5.30248e-12
3.17065e-12
8.42285e-12
7.23577e-12
7.29822e-12
3.7833e-12
5.58388e-12
1.5732e-12
2.84197e-12
1.54461e-12
4.75875e-12
4.38957e-12
6.7359e-12
8.46951e-13
4.41518e-12
3.43706e-12
1.89973e-12
1.92209e-12
2.35848e-12
2.56353e-12
5.94063e-13
5.72825e-12
3.26557e-12
1.40378e-12
2.4854e-12
2.23564e-12
2.28463e-12
1.43037e-12
1.36324e-12
4.6831e-12
4.03862e-12
4.29584e-13
1.03532e-12
9.77764e-13
3.7869e-12
2.70978e-12
1.65224e-12
1.72838e-12
2.39355e-12
1.52937e-12
8.36877e-13
2.15497e-12
6.1269e-13
1.41404e-12
5.38837e-13
3.52169e-12
1.2321e-12
2.05669e-12
2.83154e-12
1.27045e-12
1.98911e-12
1.33094e-12
5.18888e-13
2.43882e-12
8.98908e-13
2.0547e-12
8.40444e-13
1.73739e-12
1.12881e-12
2.79645e-12
1.86577e-12
2.29309e-12
4.56565e-13
1.84015e-12
1.01364e-12
9.38916e-13
1.28657e-12
1.85131e-13
1.11965e-12
1.20501e-12
1.52319e-12
1.25647e-12
5.828e-13
7.88999e-13
6.62473e-13
5.68991e-13
4.13278e-13
3.27955e-12
2.79573e-12
3.07841e-12
6.52903e-13
6.80654e-13
1.57971e-12
8.35992e-13
8.75157e-13
4.60073e-13
8.75441e-13
2.24785e-12
1.60302e-13
7.56712e-13
1.68757e-12
8.41739e-13
1.42285e-12
2.512e-13
2.26579e-13
1.00446e-12
1.63178e-12
6.12699e-13
1.6144e-12
2.7819e-13
4.88437e-13
1.22357e-12
3.87716e-13
2.97469e-13
3.9598e-13
1.08122e-12
3.71653e-13
1.23933e-12
6.87294e-13
3.40895e-13
8.5441e-13
3.9099e-13
1.09991e-12
6.32442e-13
1.92445e-12
3.60333e-13
4.42393e-13
1.00611e-12
7.68291e-13
7.7135e-13
9.79467e-13
7.30018e-13
1.89624e-12
5.65214e-13
1.14044e-12
9.98574e-13
2.99533e-13
6.73718e-13
9.3755e-13
4.53118e-13
1.09974e-12
7.16035e-13
9.64012e-13
3.0273e-12
6.54742e-13
5.74659e-13
4.55937e-13
5.95325e-13
2.0951e-13
1.00232e-13
3.7453e-13
1.79577e-12
1.0034e-12
8.57614e-14
1.50685e-12
5.01691e-13
9.57756e-13
2.40453e-13
1.75864e-13
3.09322e-13
6.55797e-13
1.08525e-12
2.93308e-13
1.63721e-12
1.86937e-13
4.56627e-13
1.89947e-12
2.0827e-13
4.08313e-13
6.60785e-13
5.10752e-13
5.77509e-13
1.04809e-12
3.09932e-13
4.11838e-13
2.64229e-13
2.90018e-12
4.60019e-13
2.53424e-13
7.00675e-13
3.52162e-13
1.39172e-12
2.14044e-13
6.33693e-13
1.03596e-12
5.19059e-13
6.07577e-13
1.9305e-13
7.57431e-13
4.44315e-13
2.39778e-13
7.62488e-13
8.36372e-13
4.16822e-13
4.43433e-14
2.9667e-13
6.65568e-13
8.31846e-13
6.68763e-13
7.83049e-13
2.92722e-13
1.21401e-13
3.39932e-13
5.31849e-13
1.00342e-12
1.45382e-12
3.3249e-13
9.95992e-13
5.13607e-13
6.1786e-13
1.33493e-12
3.32493e-13
3.26026e-13
6.74367e-13
3.38024e-13
3.27716e-13
3.37794e-13
2.58697e-13
6.23897e-13
1.82105e-13
5.35546e-13
4.18305e-13
6.27764e-13
1.4399e-12
1.2463e-12
5.70275e-13
1.13551e-12
3.39147e-13
6.97178e-13
4.67866e-13
4.47923e-13
3.47443e-13
6.21499e-13
2.46127e-13
2.30028e-13
6.56089e-13
4.93034e-13
3.31131e-13
3.106e-13
8.69068e-13
