n=32
J=0.707107
eta=1
mu=0.18481
beta-optimal=0
max-overlap=0
0.191925
0.187067
0.18862
0.173369
0.163761
0.160638
0.153075
0.150241
0.151436
0.141608
0.133642
0.136558
0.134107
0.127377
0.12983
0.125044
0.120444
0.120939
0.120082
0.114265
0.112304
0.113572
0.113993
0.111915
0.110288
0.104994
0.100441
0.101922
0.100787
0.0984659
0.0943522
0.0927683
0.0950304
0.0919773
0.0923998
0.0920804
0.0902942
0.0877475
0.0861269
0.0867803
0.0856582
0.0872238
0.0827195
0.0805665
0.0832682
0.0799546
0.0778767
0.0778866
0.0770749
0.0745554
0.074541
0.0719387
0.0718375
0.0706025
0.0691278
0.0711974
0.0703403
0.0683465
0.0659691
0.0671763
0.065747
0.0667746
0.0627871
0.0623397
0.0621104
0.0611457
0.0610055
0.0615125
0.0584744
0.0592902
0.0581758
0.0564876
0.0588379
0.0573158
0.0563833
0.05754
0.0552406
0.057493
0.054807
0.0535509
0.0536522
0.0531926
0.0514179
0.050157
0.0518219
0.0488716
0.0505155
0.0498696
0.0496218
0.0478162
0.0487482
0.0488086
0.0476346
0.0474067
0.0466619
0.046649
0.0463368
0.0461159
0.0464276
0.0439709
0.0453395
0.0446972
0.0432127
0.0427072
0.0419711
0.0437595
0.0419409
0.0412519
0.0416554
0.0422932
0.042519
0.0406431
0.0395488
0.0389235
0.0395764
0.0396825
0.0391064
0.0382112
0.039129
0.0386203
0.0385045
0.038877
0.0373523
0.0375246
0.0369758
0.0363152
0.0357572
0.035268
0.0352803
0.0355731
0.0347737
0.0349528
0.03456
0.0340259
0.0341374
0.0344497
0.0327919
0.0331788
0.0338449
0.03285
0.0334017
0.0326789
0.0321133
0.0323974
0.0315015
0.0310567
0.031
0.0309826
0.0318702
0.0303124
0.0298426
0.0300008
0.0311304
0.029873
0.029569
0.0285839
0.0293086
0.0292694
0.0286421
0.0282497
0.0276664
0.0277667
0.0277255
0.0268981
0.0274201
0.0268026
0.0261526
0.026117
0.0269663
0.0252945
0.0259528
0.0254754
0.0253381
0.0250549
0.0248417
0.0248952
0.0245962
0.0246891
0.0240499
0.0245636
0.0243091
0.0243103
0.0236402
0.0240214
0.0240407
0.0235538
0.0237793
0.0227813
0.0232439
0.0228171
0.0220268
0.0227158
0.0222629
0.0216098
0.0218436
0.0216038
0.0211462
0.0218268
0.021347
0.0213679
0.021171
0.0209089
0.020265
0.0201429
0.0205573
0.0198297
0.0197455
0.0202528
0.019565
0.0193968
0.0197477
0.0188442
0.0193214
0.0192672
0.0190278
0.0190364
0.0183852
0.0186288
0.018704
0.0189547
0.0180942
0.0185437
0.0178671
0.0172276
0.0172144
0.0173776
0.0172588
0.0172016
0.0172269
0.016748
0.0172106
0.0165525
0.0167301
0.0166667
0.0167895
0.0161981
0.0161537
0.0158715
0.0153193
0.0157524
0.0153048
0.0154985
0.0151316
0.0151688
0.0147032
0.0149159
0.0144086
0.014705
0.0142905
0.0144421
0.0144548
0.0136657
0.0136232
0.0135899
0.0131417
0.0130666
