n=32
J=0.707107
eta=1
mu=0.0227848
beta-optimal=0
max-overlap=0
0.810882
0.282371
0.145118
0.111483
0.0912365
0.0572338
0.0517954
0.0701576
0.0387343
0.0277332
0.0528273
0.0568625
0.0405071
0.0288814
0.0212143
0.0170273
0.0134153
0.0237169
0.0166609
0.0135048
0.0253512
0.0128322
0.0177003
0.0168524
0.0124003
0.0114328
0.0188257
0.0092267
0.0112579
0.00978366
0.0107611
0.0119803
0.00765933
0.015141
0.00697687
0.00778056
0.00764819
0.00636897
0.00660127
0.0072086
0.00556824
0.00704924
0.00502458
0.0060491
0.00425876
0.00496389
0.00439961
0.00354309
0.00431397
0.00453283
0.00358343
0.00342053
0.00672074
0.00313207
0.00361639
0.00751096
0.00444021
0.00307674
0.0028447
0.0038894
0.00320237
0.00269879
0.00487822
0.00313035
0.00330529
0.00307499
0.00202799
0.00457003
0.00259079
0.00235237
0.0023937
0.00368525
0.00288218
0.00275459
0.00215187
0.00223744
0.00201133
0.00255794
0.00283316
0.00197342
0.00342152
0.00193669
0.00204714
0.00221357
0.00166092
0.00176269
0.00172619
0.00144796
0.0018455
0.00127211
0.00183197
0.00137622
0.00170603
0.00136586
0.00170564
0.00180828
0.00116667
0.0021096
0.00151854
0.00133658
0.00174507
0.00115304
0.00148161
0.00135578
0.0013778
0.0013071
0.0011543
0.00110593
0.00116904
0.00121344
0.00177127
0.000983904
0.00117398
0.00097578
0.0014403
0.000940983
0.000994375
0.000940559
0.0014596
0.0013283
0.000954009
0.000991084
0.000944119
0.00100709
0.00132117
0.00110166
0.000964242
0.000854402
0.000851684
0.000811204
0.000857983
0.00110399
0.000760668
0.000671517
0.00133816
0.000626325
0.000799747
0.00103797
0.000773202
0.000665753
0.00108459
0.000921323
0.000819562
0.000677453
0.000787205
0.000520456
0.000552189
0.000734602
0.000866293
0.000519478
0.000753353
0.000760817
0.000610412
0.00067948
0.000778682
0.000698858
0.000694658
0.000742237
0.000674619
0.000588927
0.000521308
0.000581327
0.000566579
0.000682856
0.000548346
0.000805235
0.000464334
0.000494117
0.000438181
0.000475719
0.000625151
0.000413298
0.00067411
0.000554175
0.000432377
0.000498973
0.000503318
0.000390169
0.000531026
0.000400802
0.000402215
0.000438426
0.000539438
0.000434407
0.000349759
0.000350175
0.000385924
0.000346961
0.000548072
0.000382419
0.000612062
0.000426393
0.000345644
0.000416986
0.000435122
0.000319931
0.000392191
0.00033926
0.000353176
0.000510276
0.000282297
0.000325164
0.000488124
0.000348457
0.000312045
0.000309435
0.000404957
0.000415722
0.000427786
0.000347971
0.000473925
0.000343075
0.000326177
0.000336133
0.000380216
0.000323802
0.000310157
0.000216231
0.000350826
0.000269056
0.00033147
0.00037481
0.000284276
0.000292911
0.000343886
0.000301582
0.000301155
0.000240497
0.00031834
0.000311788
0.000250765
0.000307764
0.00028128
0.00026609
0.000288091
0.000208112
0.000253396
0.000323968
0.000199769
0.000246004
0.000279622
0.000234591
0.000241398
0.000296487
0.000218533
0.000210467
0.000299301
0.000142756
0.000162416
0.000192408
0.000172008
0.00020819
0.000187086
0.000222334
0.000155056
0.000173198
