n=32
J=0.707107
eta=1.34177
mu=0.0658228
beta-optimal=0
max-overlap=0
0.000802771
0.00214972
0.000386805
0.00184543
7.50531e-05
0.000962138
0.000890537
0.000275471
0.0013801
0.000874584
0.00100272
0.000736585
0.000384125
0.00100769
0.00212554
0.000565274
0.00448619
0.000948533
0.000106003
0.000770218
0.000777401
0.00037974
0.000388065
0.000393853
0.00024804
0.00010081
0.000621276
0.00122629
5.64857e-05
0.00092379
0.000939036
0.000741948
7.13087e-05
0.000325975
0.000578264
2.40652e-05
0.000478029
0.000425667
0.000907189
0.000626609
0.000244914
0.000745362
0.00033531
0.000855748
0.00021232
0.000453569
0.000680163
0.000881647
3.28078e-05
6.37724e-05
0.000673892
0.000547277
0.000243777
0.000369052
0.000673574
0.000163542
0.000459283
0.000999993
0.000990954
0.000798904
0.000250154
0.000785618
0.0006674
0.000164961
0.000641392
0.000229082
0.000399456
2.97067e-05
0.000264585
0.000159801
0.000209604
0.000515188
4.01813e-06
0.000439366
0.000625579
0.000420356
0.000670765
0.000208952
0.000263645
0.00106678
0.000165271
0.000115756
8.43987e-05
0.000456312
2.02249e-05
0.000170559
0.000458959
0.000131685
0.000377062
0.000309815
0.000303988
0.000349341
7.58711e-05
0.000288629
0.000198251
0.000449173
0.000349555
7.9809e-05
0.00037085
0.000255935
0.000235845
0.000390373
0.00016867
0.000174576
0.000596752
0.000173787
0.000483854
0.000138351
2.48089e-05
0.000484975
0.000269199
0.000485261
0.000262772
9.54629e-05
8.11702e-05
0.000122962
0.000281587
0.000176802
0.000127985
8.79432e-05
0.000354904
9.93805e-05
0.000253834
0.000379147
5.81235e-05
0.000161357
2.5139e-05
3.40827e-05
0.000310278
0.000263951
0.00041538
0.000216892
0.000295341
1.11356e-05
0.000343551
5.1672e-05
7.49176e-05
0.000551327
0.000218231
0.000537291
1.49994e-05
5.81561e-05
0.000558216
4.20862e-05
9.17411e-05
0.000365715
0.000865198
0.00045404
3.06673e-05
0.000467632
6.17337e-06
0.000153132
0.00017518
0.000209078
0.000289299
0.000382033
0.000267755
0.000301754
0.000319017
0.000580205
0.000383965
9.85e-05
0.000745134
0.000203758
0.000166865
0.000264369
0.000391422
7.522e-05
0.00014467
0.000878475
0.00012047
0.000289084
0.000190376
0.00026666
7.96363e-06
0.000232558
0.000121606
0.000147898
4.42913e-05
0.000338093
0.000133247
0.000208075
4.56462e-05
0.000250949
4.90993e-06
5.93253e-05
0.000180406
0.000136479
3.4994e-06
0.000127329
0.000183849
0.000284372
0.000127555
0.000236508
0.00011304
0.000132684
0.000467642
0.000263197
0.000831313
0.00033528
1.70818e-05
0.000116506
9.24764e-05
0.000358013
0.000109602
0.000246579
0.000189892
0.000254065
8.9679e-05
7.27227e-05
0.000113461
0.000440029
0.000126912
2.80561e-05
0.000180743
0.00015523
0.000129073
2.48027e-05
0.000139203
5.01508e-05
1.84451e-05
5.99741e-05
0.000113326
7.1088e-05
0.000698696
3.9491e-05
0.000232501
0.000298991
6.88123e-05
8.03168e-05
0.000469055
0.0001355
0.000339134
9.77897e-05
9.10086e-05
8.64132e-06
0.000204541
6.98802e-05
5.44951e-05
0.000354954
0.000317395
0.000248605
5.955e-05
0.000115052
0.00033775
0.000271253
0.000336477
4.15033e-05
0.000404259
0.000547711
0.000215751
0.000307179
5.76998e-05
0.000438095
0.000325791
0.000259406
