n=32
J=0.707107
eta=2
mu=0.141772
beta-optimal=0
max-overlap=0
2.04916e-12
1.85144e-12
8.76986e-13
1.73604e-12
9.5404e-13
8.27576e-13
1.14093e-12
2.11476e-12
9.80961e-13
3.39675e-12
1.57475e-12
3.79056e-14
1.01632e-12
3.51934e-13
2.30697e-12
9.96622e-13
2.89206e-12
1.69349e-12
1.16828e-12
8.38325e-13
1.74165e-12
7.23549e-13
3.73429e-13
5.31048e-13
1.42553e-12
6.63689e-13
9.20868e-13
6.94918e-13
1.32828e-12
1.10879e-12
1.51078e-12
8.25391e-13
2.14765e-12
2.84123e-13
5.07623e-13
2.04162e-13
2.4389e-12
1.12709e-12
4.47855e-13
1.05361e-12
1.10813e-12
1.41789e-13
1.45417e-13
8.40512e-13
3.18256e-13
9.68302e-13
1.84233e-12
2.26907e-13
7.00112e-13
3.0073e-13
6.40678e-13
3.43563e-13
7.12285e-14
1.71999e-13
8.3796e-13
8.4009e-13
1.39778e-13
3.91424e-13
4.61782e-13
5.34917e-13
1.75521e-12
4.61838e-13
4.86889e-13
2.89696e-13
1.0399e-12
5.73663e-13
3.76404e-13
6.15974e-13
5.40996e-13
7.70756e-13
1.14323e-12
3.42683e-14
5.69504e-13
6.47229e-13
9.81427e-14
7.37453e-13
9.73638e-13
1.74112e-13
9.53784e-13
5.42213e-13
9.8688e-13
8.88907e-13
4.23436e-13
5.16873e-13
2.57002e-13
4.2261e-13
6.34758e-13
7.2659e-13
8.68123e-13
4.1084e-13
3.94516e-13
8.03341e-13
8.67043e-13
7.96458e-13
3.95017e-13
3.68753e-13
2.16319e-13
2.25172e-13
1.79671e-13
2.71906e-13
6.34242e-13
7.92619e-13
2.32735e-13
5.59213e-13
1.32545e-13
1.95013e-13
9.39831e-13
1.65895e-13
7.04068e-13
1.10804e-13
3.49151e-13
7.85401e-13
6.68858e-13
2.71553e-13
6.14738e-13
1.93381e-13
1.59504e-13
1.94572e-13
2.17485e-13
4.66945e-13
2.43075e-13
3.39407e-13
1.00376e-12
6.05072e-13
2.43057e-13
7.09225e-13
7.29661e-13
5.05896e-13
1.33841e-13
3.85809e-13
5.4194e-13
3.00586e-13
1.90729e-13
3.70268e-13
7.08891e-13
3.55567e-13
1.5794e-13
2.55852e-14
1.00384e-13
6.12437e-13
2.58445e-13
3.31471e-13
4.34489e-13
2.56009e-13
2.15476e-13
5.49503e-13
2.27656e-13
1.70506e-13
3.57384e-13
2.18934e-13
5.34591e-13
4.32744e-13
6.43851e-13
1.74847e-13
5.6174e-13
4.60284e-13
3.22857e-13
1.54064e-13
1.6386e-13
1.07525e-12
1.42927e-13
2.07498e-13
3.86033e-13
6.92927e-13
2.47799e-14
4.25808e-13
2.29554e-13
3.73916e-14
4.78365e-13
5.14613e-13
2.63052e-13
2.29523e-13
1.58069e-13
3.61147e-13
3.32953e-14
4.95451e-13
1.90334e-13
3.25453e-13
4.47549e-13
1.02566e-13
8.16872e-14
4.27269e-13
3.8751e-13
1.69958e-13
4.30894e-13
5.56575e-13
6.2171e-13
5.37644e-13
9.26715e-13
3.73637e-13
2.9072e-13
1.27421e-13
5.10971e-13
5.01706e-13
6.72958e-13
3.54935e-13
2.55517e-13
2.40584e-13
7.35847e-13
3.10196e-13
2.25738e-13
7.55219e-14
2.03893e-13
2.19808e-13
8.01818e-13
2.01721e-13
4.38053e-13
1.21142e-13
1.25868e-13
2.7223e-13
6.61338e-13
1.75657e-13
2.59774e-13
3.74685e-13
4.78336e-13
2.29218e-13
3.53394e-14
6.13584e-13
4.86752e-13
8.98976e-14
7.77728e-14
3.93474e-13
1.83421e-13
3.57901e-13
3.90584e-13
1.77655e-13
2.28034e-13
2.84604e-13
5.86141e-13
6.29941e-13
3.8933e-13
5.54347e-13
4.06192e-13
2.26597e-13
2.43215e-13
4.04454e-13
3.06964e-13
5.13107e-14
3.94867e-13
2.71659e-13
2.88221e-13
1.21944e-13
1.92104e-13
7.73981e-14
2.24001e-13
2.33202e-13
9.55522e-14
1.6579e-13
7.14914e-13
1.23044e-12
3.28521e-13
5.58062e-13
4.68194e-13
4.52326e-13
1.52077e-13
5.40761e-13
