n=32
J=0.707107
eta=2
mu=0.00506329
beta-optimal=0
max-overlap=0
3.02176e-13
2.39387e-13
3.12123e-13
2.61543e-12
1.21674e-12
1.085e-12
9.73694e-14
1.7201e-13
5.73388e-14
1.67022e-13
5.62076e-14
6.81291e-14
4.21506e-14
6.96359e-14
1.07383e-13
2.43931e-14
1.19699e-14
3.70963e-14
3.7077e-14
3.78321e-14
6.47825e-15
1.75217e-14
1.58023e-14
1.81444e-14
3.02917e-14
8.69334e-15
1.49236e-14
2.86213e-14
1.12032e-14
7.21058e-14
4.00766e-14
1.32018e-14
4.22027e-14
5.06325e-14
1.56711e-14
1.44914e-14
1.5182e-14
1.47333e-14
1.45292e-14
3.33962e-14
2.58968e-14
1.73232e-14
1.3386e-14
2.33243e-14
5.97743e-15
4.36318e-14
4.56834e-14
1.61926e-14
7.48683e-15
4.60191e-14
5.51659e-14
1.00174e-14
1.52717e-14
2.8248e-14
1.15166e-14
1.14127e-14
8.32797e-14
1.02018e-14
1.88683e-14
2.41862e-14
1.30754e-14
5.41234e-14
1.44866e-14
3.40522e-14
2.41606e-14
1.42393e-14
1.51751e-14
7.95595e-14
1.74643e-14
6.09229e-14
3.622e-14
6.03044e-14
2.41935e-13
3.94683e-13
3.90098e-13
2.14216e-13
2.94998e-13
3.66679e-13
7.50874e-13
1.13121e-12
1.26818e-12
1.21471e-12
2.42878e-14
8.55898e-13
1.2451e-13
9.57632e-14
5.49857e-13
3.42881e-13
5.29225e-14
1.30847e-13
4.93724e-14
1.31745e-13
4.0425e-14
4.25249e-14
2.12288e-14
2.0651e-14
1.68515e-14
5.21395e-14
1.13033e-14
2.24798e-14
1.1443e-14
6.95129e-15
2.77866e-14
2.2563e-14
3.28468e-14
1.73402e-14
3.17879e-14
1.71615e-14
7.23289e-15
1.61287e-14
1.25582e-14
6.65377e-14
2.10336e-14
1.90162e-14
4.58712e-15
7.06483e-15
1.78136e-14
1.12882e-14
1.67956e-14
1.53491e-14
2.34239e-14
1.63216e-14
1.00289e-14
1.84508e-14
2.87855e-15
7.69462e-15
6.90704e-15
4.37618e-15
1.28437e-14
4.08823e-15
7.09651e-15
1.38016e-14
3.34489e-14
1.30268e-14
3.97689e-15
3.56163e-14
2.62373e-14
6.50849e-15
1.82249e-14
8.30984e-15
2.47132e-14
1.12605e-14
2.79741e-14
1.22047e-14
3.83102e-15
1.81765e-14
3.33431e-14
8.81888e-15
1.0094e-14
1.14138e-14
1.02782e-14
3.6812e-15
3.22644e-14
1.47023e-14
2.32165e-15
3.04152e-14
3.47086e-15
2.32915e-14
1.35681e-14
1.66085e-14
5.42861e-15
1.29871e-14
6.67421e-15
9.77245e-15
6.40317e-15
9.08149e-15
8.83228e-15
2.30364e-14
1.71215e-14
1.46817e-14
1.62208e-14
4.9979e-14
1.80349e-14
4.14219e-14
7.0854e-14
1.24066e-13
2.07537e-13
1.34296e-13
5.35279e-13
1.27506e-13
6.76039e-13
4.24297e-13
4.54087e-13
7.68047e-13
2.3002e-13
1.07098e-12
4.95861e-13
2.25516e-13
6.00591e-13
2.47977e-13
2.72275e-13
9.65083e-14
2.64785e-14
2.66788e-14
2.84098e-14
2.99205e-14
2.64778e-14
7.96824e-15
3.90405e-14
3.49538e-14
1.68065e-14
8.04678e-15
8.62148e-15
1.27494e-14
6.59437e-15
1.23202e-14
3.13967e-14
9.52316e-15
2.55764e-14
1.18763e-14
2.0778e-14
2.92047e-15
2.19333e-14
8.1244e-15
9.75985e-15
1.29343e-14
1.11112e-14
5.80733e-15
9.97218e-15
4.45969e-14
1.75068e-14
8.75128e-15
6.62158e-15
4.11525e-15
4.19613e-15
1.11695e-13
7.05151e-16
6.76765e-15
3.28639e-14
2.8601e-15
2.09657e-14
7.31512e-15
3.82473e-15
9.05197e-15
2.39272e-14
1.33139e-14
6.80435e-15
8.15843e-15
1.25767e-14
1.38151e-14
3.30339e-14
1.19355e-14
1.08328e-14
2.93025e-14
1.9077e-14
2.04212e-14
2.72877e-14
2.48412e-14
2.74419e-14
2.53358e-14
1.50984e-14
1.34951e-13
3.20067e-13
6.2719e-14
1.01422e-12
5.75468e-13
