n=32
J=0.707107
eta=2
mu=0.126582
beta-optimal=0
max-overlap=0
0.000535477
0.00153086
0.000200492
0.00177438
0.00115778
0.000241388
0.000812897
0.000211827
0.00119182
0.0010288
4.02493e-05
0.000228167
0.00057637
0.000477489
0.00179674
0.000975653
0.00269227
0.000447747
0.000558698
0.0016131
0.000192098
0.000648787
1.32864e-05
3.33074e-05
0.000261392
3.54667e-06
0.000434323
0.00107516
0.00038831
0.00101853
0.000656638
0.000915558
0.00024557
0.00026451
0.000387951
2.45522e-05
0.000639119
0.000454246
0.00103191
0.000376887
0.000121902
0.00105146
0.000548912
0.000951309
0.000273764
0.000192163
0.000455473
0.000977021
5.92045e-05
0.000224464
0.000565626
0.000687791
0.000130255
0.000180735
0.000572948
0.000401744
0.000715964
0.00108008
0.00129919
0.00109782
2.05835e-05
0.00118571
0.000650169
6.46468e-05
0.00100184
0.000457762
0.000438265
0.000467086
0.000272084
5.25851e-05
0.000145676
0.000610382
6.8576e-05
0.000357815
0.000631351
0.000603976
0.000653393
0.000333476
0.000310669
0.00131597
0.000115625
0.000460803
0.00023031
0.000204714
0.000325857
4.21297e-05
0.000923468
0.000300948
0.000564873
3.38855e-06
0.000353969
0.00032424
4.72163e-05
0.000536135
0.000504669
0.000683769
0.000327148
0.000174512
0.000245829
2.75109e-07
0.000291434
0.000282274
0.000147501
6.50307e-05
0.000845933
0.000214893
0.00066655
0.000306163
0.000298342
0.000351329
0.000119338
0.000691149
0.000187723
1.58717e-05
0.000200006
1.89136e-05
0.000264602
0.000312219
0.000154522
2.17034e-05
0.000403712
0.000204335
0.00038644
0.000591625
0.000170056
0.000248805
3.52668e-05
0.000132734
0.000553477
0.000488299
0.000428866
3.89675e-05
0.000288024
1.15725e-05
0.000311834
0.000197692
0.000168747
0.000471743
0.000275622
0.000838331
0.000486087
0.000141447
0.00059737
0.000108752
2.04776e-05
0.00034727
0.00107628
0.000830285
1.85905e-05
0.000717266
0.000120802
0.000319228
0.000322338
6.79317e-05
0.000458237
0.000791239
0.000482785
0.000324019
0.000319556
0.000851726
0.000524659
6.94212e-05
0.000900399
0.000173107
0.000208516
0.00018057
0.000500408
0.000240246
0.000279039
0.00100997
5.53271e-05
0.000300914
0.000243544
0.000337044
4.80186e-05
0.000217255
0.00027117
0.000289259
0.000296195
0.000332946
0.0001541
0.000394202
0.000227983
0.000190616
0.000107434
0.000237543
0.000177566
0.000207327
3.08132e-05
0.000275011
0.000434645
0.000445077
0.000410741
0.000412499
0.000153375
0.000180547
0.000877316
0.000470728
0.000945591
0.00058535
1.62597e-05
2.58928e-05
0.000114658
0.00048139
6.68574e-05
0.000648281
0.000257265
0.000223411
4.89067e-05
0.000225202
0.000259788
0.000724902
6.1099e-05
0.000253945
0.000273134
0.000268881
0.000230749
0.00013845
0.000238695
7.15177e-05
0.00024325
7.53864e-06
0.000288978
0.000261101
0.000907485
6.6824e-05
0.000273564
0.000383756
3.30458e-05
5.29459e-05
0.000863724
0.000172162
0.00070555
0.000190655
5.28331e-05
0.000118176
9.9149e-05
0.000209594
0.000407228
0.000663967
0.000537587
0.000390152
0.000199098
5.00781e-05
0.000605999
0.000410267
0.000666642
5.39941e-05
0.000583439
0.00073998
0.000511873
0.000333488
9.9055e-05
0.000499524
0.000571782
0.000303768
