n=32
J=0.707107
eta=2
mu=0.00759494
beta-optimal=0
max-overlap=0
3.23227e-13
2.49372e-13
3.02822e-13
2.2845e-12
1.07345e-12
9.88366e-13
1.05037e-13
2.08204e-13
8.57623e-14
2.2267e-13
7.29863e-14
8.85771e-14
5.36164e-14
9.15041e-14
1.40606e-13
3.46157e-14
1.5603e-14
4.98328e-14
4.64874e-14
5.02441e-14
1.01267e-14
2.21202e-14
1.97905e-14
2.39511e-14
4.18933e-14
1.0933e-14
2.11527e-14
3.91402e-14
1.71263e-14
9.25416e-14
5.19579e-14
1.81443e-14
5.40141e-14
6.61269e-14
1.96367e-14
2.03465e-14
1.91066e-14
1.71522e-14
1.90968e-14
4.2699e-14
3.28293e-14
2.30043e-14
1.90765e-14
2.90032e-14
7.88023e-15
5.68858e-14
6.0054e-14
1.95086e-14
1.17414e-14
6.02482e-14
7.20817e-14
1.44125e-14
1.90227e-14
3.78012e-14
1.50589e-14
1.6387e-14
1.06845e-13
1.25206e-14
2.41817e-14
3.07326e-14
1.69721e-14
7.34579e-14
2.1428e-14
4.43737e-14
3.04322e-14
1.80934e-14
2.04225e-14
1.05091e-13
2.01734e-14
6.72198e-14
3.51623e-14
5.26419e-14
2.06316e-13
3.29818e-13
3.51556e-13
1.77344e-13
2.6346e-13
3.14058e-13
6.56946e-13
1.01179e-12
1.07656e-12
1.04913e-12
9.42571e-15
7.57247e-13
1.05495e-13
7.6834e-14
4.86026e-13
3.1447e-13
3.05032e-14
1.20296e-13
4.82371e-14
1.36005e-13
3.43917e-14
5.25046e-14
2.83326e-14
2.65033e-14
2.18564e-14
6.8448e-14
1.48478e-14
2.95543e-14
1.4351e-14
1.07624e-14
3.64372e-14
2.95041e-14
4.22766e-14
2.4373e-14
4.36198e-14
2.4466e-14
1.08793e-14
2.06033e-14
1.82877e-14
8.70152e-14
2.70876e-14
2.54666e-14
5.66959e-15
1.21914e-14
2.33981e-14
1.48872e-14
2.18965e-14
2.00255e-14
3.07312e-14
2.02505e-14
1.28508e-14
2.26603e-14
2.80016e-15
1.18377e-14
9.31124e-15
6.88626e-15
1.75911e-14
6.76957e-15
8.7597e-15
1.80475e-14
4.35712e-14
1.68785e-14
5.75474e-15
4.82605e-14
3.34489e-14
8.95246e-15
2.52746e-14
1.14887e-14
3.17816e-14
1.65743e-14
3.67406e-14
1.5109e-14
5.36563e-15
2.42495e-14
4.36033e-14
1.20951e-14
1.2501e-14
1.41348e-14
1.35929e-14
7.05905e-15
4.18519e-14
1.89004e-14
3.47879e-15
3.93119e-14
5.67886e-15
3.19887e-14
1.78683e-14
2.18728e-14
7.64997e-15
1.7833e-14
9.7534e-15
1.29852e-14
7.98961e-15
1.11294e-14
1.04426e-14
2.98379e-14
2.30514e-14
1.91489e-14
2.40749e-14
5.69563e-14
1.92164e-14
3.70809e-14
5.68141e-14
1.12603e-13
2.01718e-13
1.11467e-13
4.63106e-13
1.18348e-13
5.88049e-13
3.78054e-13
3.81998e-13
6.60946e-13
2.07019e-13
9.15319e-13
4.40209e-13
2.14935e-13
5.28763e-13
2.07176e-13
2.41136e-13
8.19757e-14
2.45783e-14
2.70722e-14
2.58164e-14
3.29644e-14
3.18548e-14
8.53573e-15
5.23974e-14
4.54863e-14
2.22529e-14
1.01709e-14
1.19885e-14
1.63884e-14
7.62353e-15
1.64939e-14
4.0772e-14
1.45153e-14
3.46861e-14
1.5645e-14
2.96064e-14
3.47687e-15
2.82009e-14
1.20515e-14
1.27932e-14
1.64268e-14
1.48999e-14
7.60804e-15
1.20248e-14
5.8089e-14
2.23835e-14
1.20413e-14
8.86458e-15
6.21575e-15
5.99951e-15
1.44445e-13
1.61321e-15
8.63856e-15
4.23477e-14
4.15163e-15
2.74369e-14
7.53211e-15
5.27524e-15
1.23273e-14
3.10696e-14
1.75599e-14
9.12694e-15
1.07465e-14
1.56634e-14
1.82094e-14
4.19232e-14
1.61346e-14
1.39709e-14
3.6939e-14
2.56656e-14
2.56006e-14
3.80909e-14
3.35827e-14
3.49771e-14
2.95663e-14
1.00728e-14
1.23934e-13
2.77777e-13
5.99101e-14
8.64024e-13
4.95213e-13
