n=32
J=0.707107
eta=1
mu=0.0151899
beta-optimal=0
max-overlap=0
-0.550793
-0.543641
-0.531858
-0.529622
-0.520318
-0.516993
-0.497745
-0.48869
-0.485497
-0.485012
-0.478908
-0.475068
-0.469706
-0.468993
-0.468559
-0.457184
-0.455821
-0.446097
-0.441581
-0.435974
-0.421789
-0.417966
-0.40865
-0.406253
-0.403912
-0.399308
-0.394444
-0.390215
-0.389553
-0.381161
-0.37996
-0.371185
-0.366285
-0.36476
-0.3552
-0.350169
-0.34077
-0.329255
-0.32917
-0.326072
-0.32563
-0.324632
-0.321256
-0.315445
-0.310661
-0.309445
-0.305255
-0.294507
-0.292909
-0.291462
-0.290123
-0.286729
-0.277433
-0.276872
-0.275071
-0.266364
-0.257794
-0.257329
-0.254526
-0.253226
-0.242774
-0.242202
-0.238536
-0.237477
-0.23015
-0.229358
-0.223676
-0.221766
-0.21808
-0.212416
-0.211194
-0.207986
-0.205725
-0.20553
-0.195767
-0.195103
-0.190922
-0.189756
-0.18076
-0.176462
-0.176255
-0.167261
-0.16573
-0.161613
-0.15809
-0.153675
-0.150022
-0.149873
-0.144049
-0.142549
-0.139055
-0.132087
-0.131104
-0.12803
-0.126989
-0.122747
-0.120054
-0.117566
-0.113997
-0.112208
-0.107364
-0.100387
-0.0986364
-0.0965435
-0.09082
-0.0898846
-0.0896585
-0.082117
-0.0747641
-0.070277
-0.0664153
-0.0613649
-0.0597859
-0.0586215
-0.0530506
-0.0472364
-0.0392864
-0.0384648
-0.0358515
-0.0311757
-0.0293742
-0.0266992
-0.0184851
-0.0179149
-0.014201
-0.0139899
-0.00631066
-0.005982
-0.00094673
0.00148988
0.00947539
0.0104622
0.0159875
0.0176275
0.0239884
0.0275102
0.0323937
0.0343503
0.0379355
0.039261
0.0439519
0.0503069
0.0516591
0.0616063
0.0623173
0.065483
0.0693841
0.0699926
0.072293
0.0740255
0.083195
0.083309
0.0873847
0.0908562
0.0950637
0.0994897
0.100627
0.104548
0.109863
0.117362
0.123245
0.127483
0.129789
0.130998
0.131558
0.133907
0.140858
0.144754
0.147017
0.151179
0.152442
0.162746
0.166236
0.171873
0.172202
0.178326
0.180121
0.181129
0.183958
0.193133
0.194402
0.197664
0.199378
0.204958
0.205405
0.208468
0.213987
0.215223
0.2189
0.221342
0.226016
0.231217
0.234958
0.236064
0.244294
0.247188
0.248096
0.25144
0.254649
0.257548
0.266482
0.274764
0.275751
0.287382
0.290531
0.293613
0.295148
0.300949
0.307946
0.313007
0.317965
0.3181
0.326439
0.327395
0.331443
0.332459
0.33575
0.340168
0.344929
0.351078
0.354416
0.361139
0.364359
0.36519
0.370112
0.37203
0.376097
0.377102
0.38666
0.397496
0.399815
0.409856
0.410878
0.412195
0.413776
0.418923
0.432575
0.433995
0.44021
0.445942
0.446537
0.451553
0.454253
0.474317
0.479633
0.485913
0.490356
0.494474
0.499478
0.503817
0.51995
0.522909
0.528466
0.534573
0.551686
0.585677
