n=32
J=0.707107
eta=1
mu=0.00759494
beta-optimal=0
max-overlap=0
-0.5353
-0.521045
-0.503146
-0.499325
-0.494079
-0.489735
-0.473164
-0.470839
-0.460935
-0.45813
-0.449156
-0.447238
-0.443326
-0.439863
-0.434245
-0.431028
-0.429812
-0.417789
-0.408146
-0.406536
-0.400799
-0.399266
-0.395334
-0.388648
-0.383051
-0.379293
-0.370733
-0.364585
-0.364333
-0.360467
-0.35762
-0.351118
-0.34927
-0.348133
-0.345491
-0.339027
-0.335868
-0.334304
-0.327783
-0.319925
-0.319019
-0.31216
-0.307229
-0.302122
-0.295426
-0.291358
-0.288382
-0.287322
-0.283399
-0.279926
-0.276201
-0.274064
-0.270019
-0.268054
-0.26507
-0.257509
-0.25234
-0.251412
-0.249783
-0.247746
-0.247225
-0.241241
-0.235954
-0.233817
-0.231094
-0.227419
-0.224739
-0.223078
-0.218341
-0.212069
-0.208806
-0.206887
-0.202677
-0.20042
-0.199529
-0.193243
-0.186763
-0.183495
-0.182892
-0.174715
-0.17186
-0.171288
-0.164579
-0.158671
-0.158121
-0.158054
-0.148875
-0.14633
-0.143024
-0.142858
-0.138032
-0.135014
-0.127757
-0.126443
-0.124185
-0.119108
-0.114671
-0.113288
-0.108742
-0.102024
-0.100695
-0.097599
-0.0937696
-0.0842543
-0.0807357
-0.0786812
-0.0770506
-0.0723652
-0.0694051
-0.0676867
-0.0648786
-0.0625311
-0.0584726
-0.0574227
-0.0460842
-0.0447601
-0.0379437
-0.0362698
-0.0348576
-0.0270864
-0.0242326
-0.0239086
-0.0177688
-0.0169138
-0.0121785
-0.011458
-0.0108057
-0.0045746
-0.00297164
-0.000252311
0.0050745
0.00659099
0.00759336
0.0127703
0.0183879
0.0217332
0.0313106
0.0318335
0.0363275
0.0365816
0.0383487
0.0430575
0.0453725
0.0469819
0.054676
0.0562323
0.0578033
0.0626233
0.0671744
0.06777
0.0689741
0.0778546
0.0807105
0.0826792
0.0853331
0.0874232
0.0931304
0.0977089
0.101675
0.101879
0.105789
0.113103
0.116733
0.12476
0.125878
0.127519
0.128018
0.133555
0.135263
0.13664
0.145085
0.146123
0.146623
0.149864
0.159596
0.163004
0.163993
0.172918
0.175093
0.180373
0.181977
0.183828
0.190001
0.191969
0.192613
0.202641
0.208201
0.208448
0.213994
0.215971
0.221107
0.229637
0.230019
0.234671
0.235983
0.237275
0.24192
0.248764
0.249001
0.255432
0.257654
0.259149
0.265032
0.269185
0.275907
0.286441
0.286455
0.286698
0.294216
0.302609
0.304353
0.306087
0.308794
0.314927
0.315517
0.31772
0.323656
0.326905
0.338071
0.344695
0.345527
0.350209
0.351711
0.361833
0.365068
0.366507
0.368723
0.37028
0.3765
0.379933
0.388788
0.388801
0.392468
0.409981
0.410867
0.411303
0.423385
0.424479
0.428002
0.432782
0.434039
0.444197
0.449567
0.451062
0.460763
0.465389
0.481327
0.492707
0.502587
0.505038
0.51508
0.516631
0.520479
0.527721
0.536561
0.548015
