n=32
J=0.707107
eta=1
mu=0.0405063
beta-optimal=0
max-overlap=0
-0.543559
-0.537562
-0.532461
-0.53084
-0.507878
-0.496326
-0.496016
-0.487915
-0.483422
-0.478016
-0.466774
-0.465279
-0.456967
-0.45548
-0.44083
-0.438561
-0.437643
-0.433258
-0.42957
-0.419361
-0.415702
-0.413895
-0.396042
-0.394647
-0.383951
-0.383342
-0.379913
-0.378385
-0.371554
-0.369221
-0.364127
-0.359994
-0.352389
-0.348963
-0.343209
-0.340645
-0.340148
-0.337721
-0.328679
-0.321791
-0.319335
-0.317906
-0.316986
-0.307516
-0.305513
-0.303283
-0.301844
-0.299243
-0.291374
-0.288546
-0.286128
-0.284416
-0.276983
-0.271666
-0.268841
-0.264427
-0.261742
-0.257749
-0.255212
-0.25102
-0.245182
-0.241317
-0.240551
-0.236162
-0.23045
-0.229948
-0.226384
-0.221452
-0.213838
-0.213429
-0.207149
-0.202012
-0.200797
-0.19158
-0.190565
-0.187407
-0.182586
-0.181868
-0.1776
-0.170302
-0.170167
-0.162458
-0.157728
-0.157594
-0.1538
-0.152838
-0.147121
-0.143904
-0.138736
-0.137792
-0.131705
-0.129655
-0.122925
-0.122682
-0.117875
-0.115315
-0.107417
-0.106437
-0.105923
-0.100676
-0.0996257
-0.0924693
-0.0910151
-0.0877589
-0.0854194
-0.0835499
-0.0804632
-0.0748754
-0.0697512
-0.0696369
-0.0661512
-0.0605912
-0.0600864
-0.0496478
-0.0478148
-0.0452268
-0.0388305
-0.0348604
-0.0339991
-0.0303883
-0.0222054
-0.0217748
-0.0182617
-0.0158559
-0.0132318
-0.0095213
-0.00481551
-0.00262633
0.00163773
0.00218784
0.00988599
0.0118855
0.0147692
0.01634
0.021259
0.0236613
0.0290566
0.0328293
0.0363606
0.0412677
0.0428898
0.0467814
0.0485571
0.0516734
0.0564469
0.0604069
0.0606933
0.063183
0.0644149
0.0741519
0.0791778
0.0810045
0.0853883
0.0857508
0.0874784
0.0935252
0.0962
0.0968718
0.103697
0.110509
0.117358
0.11802
0.121695
0.121848
0.12821
0.131729
0.136568
0.137474
0.142446
0.144843
0.145567
0.155159
0.156621
0.161836
0.16634
0.169467
0.174634
0.176658
0.177982
0.18041
0.183921
0.18982
0.192166
0.197111
0.198077
0.207131
0.212614
0.215785
0.222414
0.222417
0.228088
0.230161
0.232184
0.238225
0.242589
0.246467
0.251204
0.253102
0.256507
0.257126
0.26089
0.261565
0.271311
0.272234
0.281924
0.283971
0.284637
0.294275
0.294453
0.298389
0.300607
0.302281
0.309405
0.312409
0.312769
0.317712
0.32145
0.329489
0.33654
0.342581
0.34653
0.352732
0.354012
0.360743
0.368102
0.371001
0.373887
0.379747
0.383501
0.392274
0.392351
0.400496
0.402124
0.410055
0.410951
0.415441
0.418697
0.423881
0.435755
0.440639
0.452908
0.454844
0.458215
0.46262
0.464113
0.476506
0.477192
0.483242
0.488329
0.497993
0.50988
0.512531
0.513847
0.525825
0.535149
0.568629
