n=16
J=0.707107
eta=0.121212
mu=0.1
beta-optimal=0
max-overlap=0
-0.106108
-0.106108
-0.108445
-0.108445
-0.108802
-0.108802
-0.112203
-0.112203
-0.120522
-0.120522
-0.121267
-0.121267
-0.123336
-0.123336
-0.1317
-0.1317
-0.133919
-0.133919
-0.13587
-0.13587
-0.136369
-0.136369
-0.139569
-0.139569
-0.142394
-0.142394
-0.147362
-0.147362
-0.147657
-0.147657
-0.153949
-0.153949
-0.161328
-0.161328
-0.163498
-0.163498
-0.164243
-0.164243
-0.167376
-0.167376
-0.168582
-0.168582
-0.170585
-0.170585
-0.172604
-0.172604
-0.174038
-0.174038
-0.175767
-0.175767
-0.182442
-0.182442
-0.185313
-0.185313
-0.188865
-0.188865
-0.190216
-0.190216
-0.200036
-0.200036
-0.204717
-0.204717
-0.204989
-0.204989
-0.210859
-0.210859
-0.212439
-0.212439
-0.214504
-0.214504
-0.217704
-0.217704
-0.223582
-0.223582
-0.225042
-0.225042
-0.225741
-0.225741
-0.227594
-0.227594
-0.229581
-0.229581
-0.233103
-0.233103
-0.236912
-0.236912
-0.237261
-0.237261
-0.239894
-0.239894
-0.254382
-0.254382
-0.255682
-0.255682
-0.259606
-0.259606
-0.26479
-0.26479
-0.273206
-0.273206
-0.275928
-0.275928
-0.276101
-0.276101
-0.277555
-0.277555
-0.283758
-0.283758
-0.287366
-0.287366
-0.300293
-0.300293
-0.304268
-0.304268
-0.307882
-0.307882
-0.310498
-0.310498
-0.314645
-0.314645
-0.318085
-0.318085
-0.318496
-0.318496
-0.326613
-0.326613
-0.326664
-0.326664
-0.329714
-0.329714
-0.331755
-0.331755
-0.33615
-0.33615
-0.34887
-0.34887
-0.354102
-0.354102
-0.358083
-0.358083
-0.362499
-0.362499
-0.367062
-0.367062
-0.37085
-0.37085
-0.374509
-0.374509
-0.374557
-0.374557
-0.38615
-0.38615
-0.395291
-0.395291
-0.396191
-0.396191
-0.4017
-0.4017
-0.413652
-0.413652
-0.416873
-0.416873
-0.422878
-0.422878
-0.427008
-0.427008
-0.428323
-0.428323
-0.428914
-0.428914
-0.432809
-0.432809
-0.438461
-0.438461
-0.443952
-0.443952
-0.449686
-0.449686
-0.458448
-0.458448
-0.464589
-0.464589
-0.478153
-0.478153
-0.478542
-0.478542
-0.482626
-0.482626
-0.501432
-0.501432
-0.504646
-0.504646
-0.538817
-0.538817
-0.54838
-0.54838
-0.568446
-0.568446
-0.625937
-0.625937
