n=16
J=0.707107
eta=0.989899
mu=0.2
beta-optimal=0
max-overlap=0
-0.166743
-0.166743
-0.171466
-0.171466
-0.173905
-0.173905
-0.177758
-0.177758
-0.179537
-0.179537
-0.19313
-0.19313
-0.194226
-0.194226
-0.201323
-0.201323
-0.209077
-0.209077
-0.213013
-0.213013
-0.222996
-0.222996
-0.225711
-0.225711
-0.227693
-0.227693
-0.228996
-0.228996
-0.234209
-0.234209
-0.238335
-0.238335
-0.238664
-0.238664
-0.240207
-0.240207
-0.252643
-0.252643
-0.255688
-0.255688
-0.259318
-0.259318
-0.260356
-0.260356
-0.270783
-0.270783
-0.281919
-0.281919
-0.283167
-0.283167
-0.290046
-0.290046
-0.293161
-0.293161
-0.300625
-0.300625
-0.305198
-0.305198
-0.311178
-0.311178
-0.316847
-0.316847
-0.323503
-0.323503
-0.330375
-0.330375
-0.332123
-0.332123
-0.342014
-0.342014
-0.346646
-0.346646
-0.353141
-0.353141
-0.35477
-0.35477
-0.359873
-0.359873
-0.361142
-0.361142
-0.36369
-0.36369
-0.37549
-0.37549
-0.378308
-0.378308
-0.383524
-0.383524
-0.391449
-0.391449
-0.40209
-0.40209
-0.403963
-0.403963
-0.412228
-0.412228
-0.41846
-0.41846
-0.426341
-0.426341
-0.431781
-0.431781
-0.432022
-0.432022
-0.441542
-0.441542
-0.450418
-0.450418
-0.460702
-0.460702
-0.473329
-0.473329
-0.477845
-0.477845
-0.478822
-0.478822
-0.484207
-0.484207
-0.496386
-0.496386
-0.499965
-0.499965
-0.500283
-0.500283
-0.506519
-0.506519
-0.511052
-0.511052
-0.512247
-0.512247
-0.524025
-0.524025
-0.525961
-0.525961
-0.532322
-0.532322
-0.532909
-0.532909
-0.541049
-0.541049
-0.553189
-0.553189
-0.556496
-0.556496
-0.57192
-0.57192
-0.572021
-0.572021
-0.577526
-0.577526
-0.577906
-0.577906
-0.607892
-0.607892
-0.614511
-0.614511
-0.632196
-0.632196
-0.633982
-0.633982
-0.634952
-0.634952
-0.644564
-0.644564
-0.648704
-0.648704
-0.655403
-0.655403
-0.695282
-0.695282
-0.700674
-0.700674
-0.712881
-0.712881
-0.715734
-0.715734
-0.721345
-0.721345
-0.728443
-0.728443
-0.752484
-0.752484
-0.753502
-0.753502
-0.754031
-0.754031
-0.779123
-0.779123
-0.78153
-0.78153
-0.783931
-0.783931
-0.785274
-0.785274
-0.794404
-0.794404
-0.797515
-0.797515
-0.932124
-0.932124
