n=16
J=0.707107
eta=0.444444
mu=0.2
beta-optimal=0
max-overlap=0
-0.132457
-0.132457
-0.139152
-0.139152
-0.141623
-0.141623
-0.163342
-0.163342
-0.165463
-0.165463
-0.166226
-0.166226
-0.168755
-0.168755
-0.17697
-0.17697
-0.182237
-0.182237
-0.190091
-0.190091
-0.194471
-0.194471
-0.200749
-0.200749
-0.201111
-0.201111
-0.202486
-0.202486
-0.207728
-0.207728
-0.214527
-0.214527
-0.218049
-0.218049
-0.221092
-0.221092
-0.223652
-0.223652
-0.227133
-0.227133
-0.230317
-0.230317
-0.230812
-0.230812
-0.234209
-0.234209
-0.237527
-0.237527
-0.238229
-0.238229
-0.241625
-0.241625
-0.25316
-0.25316
-0.257234
-0.257234
-0.265565
-0.265565
-0.268018
-0.268018
-0.268959
-0.268959
-0.274587
-0.274587
-0.279838
-0.279838
-0.28536
-0.28536
-0.291689
-0.291689
-0.295085
-0.295085
-0.303524
-0.303524
-0.311763
-0.311763
-0.314793
-0.314793
-0.317683
-0.317683
-0.318507
-0.318507
-0.31879
-0.31879
-0.326643
-0.326643
-0.328994
-0.328994
-0.332889
-0.332889
-0.337124
-0.337124
-0.342014
-0.342014
-0.344485
-0.344485
-0.354111
-0.354111
-0.356318
-0.356318
-0.366125
-0.366125
-0.367163
-0.367163
-0.383844
-0.383844
-0.386349
-0.386349
-0.387635
-0.387635
-0.402989
-0.402989
-0.412444
-0.412444
-0.41846
-0.41846
-0.419422
-0.419422
-0.420635
-0.420635
-0.428785
-0.428785
-0.43355
-0.43355
-0.433955
-0.433955
-0.451651
-0.451651
-0.457153
-0.457153
-0.465918
-0.465918
-0.467398
-0.467398
-0.473409
-0.473409
-0.47375
-0.47375
-0.478103
-0.478103
-0.478822
-0.478822
-0.492743
-0.492743
-0.493277
-0.493277
-0.50383
-0.50383
-0.504967
-0.504967
-0.510847
-0.510847
-0.523708
-0.523708
-0.529943
-0.529943
-0.540825
-0.540825
-0.548513
-0.548513
-0.557885
-0.557885
-0.574181
-0.574181
-0.594675
-0.594675
-0.606669
-0.606669
-0.629181
-0.629181
-0.632249
-0.632249
-0.641258
-0.641258
-0.646341
-0.646341
-0.662742
-0.662742
-0.668322
-0.668322
-0.674207
-0.674207
-0.677872
-0.677872
-0.693505
-0.693505
-0.697155
-0.697155
-0.698565
-0.698565
-0.702687
-0.702687
-0.716848
-0.716848
-0.719646
-0.719646
-0.738674
-0.738674
-0.932124
-0.932124
