n=16
J=0.707107
eta=0.565657
mu=0.1
beta-optimal=0
max-overlap=0
-0.126908
-0.126908
-0.130561
-0.130561
-0.131436
-0.131436
-0.132435
-0.132435
-0.133919
-0.133919
-0.138769
-0.138769
-0.145904
-0.145904
-0.148624
-0.148624
-0.151031
-0.151031
-0.154089
-0.154089
-0.154604
-0.154604
-0.159872
-0.159872
-0.164346
-0.164346
-0.166343
-0.166343
-0.167376
-0.167376
-0.167895
-0.167895
-0.171246
-0.171246
-0.172626
-0.172626
-0.178556
-0.178556
-0.180851
-0.180851
-0.181147
-0.181147
-0.189295
-0.189295
-0.190869
-0.190869
-0.193574
-0.193574
-0.196064
-0.196064
-0.197972
-0.197972
-0.214723
-0.214723
-0.215072
-0.215072
-0.222859
-0.222859
-0.223365
-0.223365
-0.226899
-0.226899
-0.227051
-0.227051
-0.227594
-0.227594
-0.234513
-0.234513
-0.239077
-0.239077
-0.240963
-0.240963
-0.244008
-0.244008
-0.249005
-0.249005
-0.249656
-0.249656
-0.253565
-0.253565
-0.26329
-0.26329
-0.266532
-0.266532
-0.266746
-0.266746
-0.271428
-0.271428
-0.275643
-0.275643
-0.276188
-0.276188
-0.277553
-0.277553
-0.287456
-0.287456
-0.29315
-0.29315
-0.297777
-0.297777
-0.298333
-0.298333
-0.307936
-0.307936
-0.30969
-0.30969
-0.310498
-0.310498
-0.318525
-0.318525
-0.318816
-0.318816
-0.324586
-0.324586
-0.326947
-0.326947
-0.334269
-0.334269
-0.338703
-0.338703
-0.342865
-0.342865
-0.352336
-0.352336
-0.357431
-0.357431
-0.35895
-0.35895
-0.365559
-0.365559
-0.376388
-0.376388
-0.378035
-0.378035
-0.379304
-0.379304
-0.387484
-0.387484
-0.394647
-0.394647
-0.401071
-0.401071
-0.405508
-0.405508
-0.408623
-0.408623
-0.413284
-0.413284
-0.417529
-0.417529
-0.428323
-0.428323
-0.435629
-0.435629
-0.438608
-0.438608
-0.440044
-0.440044
-0.443232
-0.443232
-0.457062
-0.457062
-0.462017
-0.462017
-0.46602
-0.46602
-0.476393
-0.476393
-0.477918
-0.477918
-0.478542
-0.478542
-0.479699
-0.479699
-0.490795
-0.490795
-0.493369
-0.493369
-0.49881
-0.49881
-0.500605
-0.500605
-0.502237
-0.502237
-0.509827
-0.509827
-0.515954
-0.515954
-0.516224
-0.516224
-0.517607
-0.517607
-0.541999
-0.541999
-0.549798
-0.549798
-0.573948
-0.573948
-0.625937
-0.625937
