n=16
J=0.707107
eta=0.020202
mu=0.2
beta-optimal=0
max-overlap=0
-0.126101
-0.126101
-0.132457
-0.132457
-0.141805
-0.141805
-0.145874
-0.145874
-0.155615
-0.155615
-0.159951
-0.159951
-0.163533
-0.163533
-0.166226
-0.166226
-0.16835
-0.16835
-0.176285
-0.176285
-0.187029
-0.187029
-0.188001
-0.188001
-0.190422
-0.190422
-0.199037
-0.199037
-0.200944
-0.200944
-0.204189
-0.204189
-0.20544
-0.20544
-0.206236
-0.206236
-0.213126
-0.213126
-0.219082
-0.219082
-0.219961
-0.219961
-0.222793
-0.222793
-0.225325
-0.225325
-0.226523
-0.226523
-0.230213
-0.230213
-0.232448
-0.232448
-0.234209
-0.234209
-0.239248
-0.239248
-0.240273
-0.240273
-0.243493
-0.243493
-0.253686
-0.253686
-0.260289
-0.260289
-0.261701
-0.261701
-0.264861
-0.264861
-0.274263
-0.274263
-0.274691
-0.274691
-0.283636
-0.283636
-0.29823
-0.29823
-0.298477
-0.298477
-0.302857
-0.302857
-0.303693
-0.303693
-0.313826
-0.313826
-0.317031
-0.317031
-0.318176
-0.318176
-0.318728
-0.318728
-0.323981
-0.323981
-0.327736
-0.327736
-0.328709
-0.328709
-0.338329
-0.338329
-0.338905
-0.338905
-0.342014
-0.342014
-0.34905
-0.34905
-0.349277
-0.349277
-0.364461
-0.364461
-0.376537
-0.376537
-0.379556
-0.379556
-0.386792
-0.386792
-0.387431
-0.387431
-0.399557
-0.399557
-0.41013
-0.41013
-0.41846
-0.41846
-0.420125
-0.420125
-0.424223
-0.424223
-0.429308
-0.429308
-0.432436
-0.432436
-0.435359
-0.435359
-0.449314
-0.449314
-0.452989
-0.452989
-0.460368
-0.460368
-0.469188
-0.469188
-0.475304
-0.475304
-0.478167
-0.478167
-0.478822
-0.478822
-0.490922
-0.490922
-0.503725
-0.503725
-0.507313
-0.507313
-0.510702
-0.510702
-0.514581
-0.514581
-0.531854
-0.531854
-0.53791
-0.53791
-0.546967
-0.546967
-0.552117
-0.552117
-0.570321
-0.570321
-0.587107
-0.587107
-0.607171
-0.607171
-0.628394
-0.628394
-0.631195
-0.631195
-0.632098
-0.632098
-0.639687
-0.639687
-0.64059
-0.64059
-0.648545
-0.648545
-0.664605
-0.664605
-0.664715
-0.664715
-0.67007
-0.67007
-0.673751
-0.673751
-0.679203
-0.679203
-0.707763
-0.707763
-0.710942
-0.710942
-0.735149
-0.735149
-0.932124
-0.932124
