n=16
J=0.707107
eta=0.994242
mu=0.2
beta-optimal=0
max-overlap=0
-0.166883
-0.166883
-0.171803
-0.171803
-0.174139
-0.174139
-0.177785
-0.177785
-0.18009
-0.18009
-0.193698
-0.193698
-0.194397
-0.194397
-0.201775
-0.201775
-0.209307
-0.209307
-0.213642
-0.213642
-0.223035
-0.223035
-0.226062
-0.226062
-0.228097
-0.228097
-0.229242
-0.229242
-0.234209
-0.234209
-0.238537
-0.238537
-0.239149
-0.239149
-0.240527
-0.240527
-0.253188
-0.253188
-0.255854
-0.255854
-0.259958
-0.259958
-0.260796
-0.260796
-0.271199
-0.271199
-0.282221
-0.282221
-0.283624
-0.283624
-0.290246
-0.290246
-0.293394
-0.293394
-0.300925
-0.300925
-0.305395
-0.305395
-0.311501
-0.311501
-0.316926
-0.316926
-0.323951
-0.323951
-0.330776
-0.330776
-0.332506
-0.332506
-0.342014
-0.342014
-0.347351
-0.347351
-0.353693
-0.353693
-0.355055
-0.355055
-0.360536
-0.360536
-0.361667
-0.361667
-0.364312
-0.364312
-0.375872
-0.375872
-0.37914
-0.37914
-0.383809
-0.383809
-0.392413
-0.392413
-0.402461
-0.402461
-0.404532
-0.404532
-0.412983
-0.412983
-0.41846
-0.41846
-0.426738
-0.426738
-0.43245
-0.43245
-0.432606
-0.432606
-0.442246
-0.442246
-0.451844
-0.451844
-0.461915
-0.461915
-0.474117
-0.474117
-0.477845
-0.477845
-0.478822
-0.478822
-0.484846
-0.484846
-0.496853
-0.496853
-0.500769
-0.500769
-0.50104
-0.50104
-0.50711
-0.50711
-0.511814
-0.511814
-0.512594
-0.512594
-0.524778
-0.524778
-0.526849
-0.526849
-0.533492
-0.533492
-0.534007
-0.534007
-0.541854
-0.541854
-0.553946
-0.553946
-0.557215
-0.557215
-0.572372
-0.572372
-0.57258
-0.57258
-0.577947
-0.577947
-0.578523
-0.578523
-0.609477
-0.609477
-0.615915
-0.615915
-0.633264
-0.633264
-0.634008
-0.634008
-0.635895
-0.635895
-0.644606
-0.644606
-0.649695
-0.649695
-0.656334
-0.656334
-0.69669
-0.69669
-0.701909
-0.701909
-0.713794
-0.713794
-0.716529
-0.716529
-0.722044
-0.722044
-0.729029
-0.729029
-0.752894
-0.752894
-0.753674
-0.753674
-0.754415
-0.754415
-0.779888
-0.779888
-0.78238
-0.78238
-0.784785
-0.784785
-0.78618
-0.78618
-0.795642
-0.795642
-0.798824
-0.798824
-0.932124
-0.932124
