n=16
J=0.707107
eta=0.282828
mu=0.1
beta-optimal=0
max-overlap=0
-0.110877
-0.110877
-0.116917
-0.116917
-0.118206
-0.118206
-0.122461
-0.122461
-0.125065
-0.125065
-0.127296
-0.127296
-0.133919
-0.133919
-0.134014
-0.134014
-0.136313
-0.136313
-0.139212
-0.139212
-0.142706
-0.142706
-0.14375
-0.14375
-0.151011
-0.151011
-0.153625
-0.153625
-0.158893
-0.158893
-0.160838
-0.160838
-0.163528
-0.163528
-0.167376
-0.167376
-0.168752
-0.168752
-0.170603
-0.170603
-0.171711
-0.171711
-0.17646
-0.17646
-0.181217
-0.181217
-0.182312
-0.182312
-0.183894
-0.183894
-0.187948
-0.187948
-0.19119
-0.19119
-0.196303
-0.196303
-0.19778
-0.19778
-0.199926
-0.199926
-0.205015
-0.205015
-0.210941
-0.210941
-0.211812
-0.211812
-0.212962
-0.212962
-0.216483
-0.216483
-0.217745
-0.217745
-0.219456
-0.219456
-0.223678
-0.223678
-0.227594
-0.227594
-0.229608
-0.229608
-0.231095
-0.231095
-0.241783
-0.241783
-0.242403
-0.242403
-0.244293
-0.244293
-0.256672
-0.256672
-0.25954
-0.25954
-0.262378
-0.262378
-0.270698
-0.270698
-0.270838
-0.270838
-0.275325
-0.275325
-0.280968
-0.280968
-0.284748
-0.284748
-0.286807
-0.286807
-0.293138
-0.293138
-0.293497
-0.293497
-0.302022
-0.302022
-0.303659
-0.303659
-0.310498
-0.310498
-0.314331
-0.314331
-0.315333
-0.315333
-0.323602
-0.323602
-0.326145
-0.326145
-0.327215
-0.327215
-0.328278
-0.328278
-0.33273
-0.33273
-0.334494
-0.334494
-0.340162
-0.340162
-0.358524
-0.358524
-0.363703
-0.363703
-0.366564
-0.366564
-0.369476
-0.369476
-0.371341
-0.371341
-0.383944
-0.383944
-0.385535
-0.385535
-0.387995
-0.387995
-0.392436
-0.392436
-0.396353
-0.396353
-0.404046
-0.404046
-0.412218
-0.412218
-0.415656
-0.415656
-0.428323
-0.428323
-0.428988
-0.428988
-0.434837
-0.434837
-0.43967
-0.43967
-0.44047
-0.44047
-0.449115
-0.449115
-0.452499
-0.452499
-0.455599
-0.455599
-0.463392
-0.463392
-0.473019
-0.473019
-0.4736
-0.4736
-0.478116
-0.478116
-0.478542
-0.478542
-0.490521
-0.490521
-0.504619
-0.504619
-0.507248
-0.507248
-0.53931
-0.53931
-0.548668
-0.548668
-0.569581
-0.569581
-0.625937
-0.625937
