n=16
J=0.707107
eta=0.141414
mu=0.1
beta-optimal=0
max-overlap=0
-0.108248
-0.108248
-0.109164
-0.109164
-0.110764
-0.110764
-0.112226
-0.112226
-0.121252
-0.121252
-0.121905
-0.121905
-0.124791
-0.124791
-0.131488
-0.131488
-0.133919
-0.133919
-0.134836
-0.134836
-0.135498
-0.135498
-0.140559
-0.140559
-0.14353
-0.14353
-0.147537
-0.147537
-0.148159
-0.148159
-0.155255
-0.155255
-0.160643
-0.160643
-0.16349
-0.16349
-0.165253
-0.165253
-0.167376
-0.167376
-0.168741
-0.168741
-0.171391
-0.171391
-0.173938
-0.173938
-0.175797
-0.175797
-0.177082
-0.177082
-0.182797
-0.182797
-0.18464
-0.18464
-0.188959
-0.188959
-0.190455
-0.190455
-0.20067
-0.20067
-0.205335
-0.205335
-0.205682
-0.205682
-0.209858
-0.209858
-0.212898
-0.212898
-0.214117
-0.214117
-0.21833
-0.21833
-0.223882
-0.223882
-0.224365
-0.224365
-0.225029
-0.225029
-0.227594
-0.227594
-0.229194
-0.229194
-0.234288
-0.234288
-0.236661
-0.236661
-0.23912
-0.23912
-0.239666
-0.239666
-0.25323
-0.25323
-0.256523
-0.256523
-0.260693
-0.260693
-0.26742
-0.26742
-0.272792
-0.272792
-0.275442
-0.275442
-0.278076
-0.278076
-0.278828
-0.278828
-0.284245
-0.284245
-0.287855
-0.287855
-0.29953
-0.29953
-0.305163
-0.305163
-0.307699
-0.307699
-0.310498
-0.310498
-0.314842
-0.314842
-0.318685
-0.318685
-0.319089
-0.319089
-0.326522
-0.326522
-0.327041
-0.327041
-0.330556
-0.330556
-0.331105
-0.331105
-0.335311
-0.335311
-0.350506
-0.350506
-0.354868
-0.354868
-0.35868
-0.35868
-0.362536
-0.362536
-0.368607
-0.368607
-0.372735
-0.372735
-0.374196
-0.374196
-0.376182
-0.376182
-0.386222
-0.386222
-0.394988
-0.394988
-0.39762
-0.39762
-0.400947
-0.400947
-0.413449
-0.413449
-0.417929
-0.417929
-0.424725
-0.424725
-0.428193
-0.428193
-0.428323
-0.428323
-0.430665
-0.430665
-0.433813
-0.433813
-0.439042
-0.439042
-0.444954
-0.444954
-0.451052
-0.451052
-0.459823
-0.459823
-0.465353
-0.465353
-0.478149
-0.478149
-0.478542
-0.478542
-0.483288
-0.483288
-0.50169
-0.50169
-0.504854
-0.504854
-0.538854
-0.538854
-0.548403
-0.548403
-0.568537
-0.568537
-0.625937
-0.625937
