n=16
J=0.707107
eta=0.992121
mu=0.2
beta-optimal=0
max-overlap=0
-0.166814
-0.166814
-0.171638
-0.171638
-0.174026
-0.174026
-0.177771
-0.177771
-0.179819
-0.179819
-0.193421
-0.193421
-0.194313
-0.194313
-0.201555
-0.201555
-0.209195
-0.209195
-0.213335
-0.213335
-0.223016
-0.223016
-0.225891
-0.225891
-0.227899
-0.227899
-0.229121
-0.229121
-0.234209
-0.234209
-0.238438
-0.238438
-0.238912
-0.238912
-0.24037
-0.24037
-0.252924
-0.252924
-0.255774
-0.255774
-0.259644
-0.259644
-0.260581
-0.260581
-0.270995
-0.270995
-0.282072
-0.282072
-0.283401
-0.283401
-0.290148
-0.290148
-0.29328
-0.29328
-0.300778
-0.300778
-0.305298
-0.305298
-0.311343
-0.311343
-0.316887
-0.316887
-0.323732
-0.323732
-0.33058
-0.33058
-0.332319
-0.332319
-0.342014
-0.342014
-0.347007
-0.347007
-0.353429
-0.353429
-0.35491
-0.35491
-0.360236
-0.360236
-0.361385
-0.361385
-0.364008
-0.364008
-0.375686
-0.375686
-0.378733
-0.378733
-0.383671
-0.383671
-0.391942
-0.391942
-0.402282
-0.402282
-0.404252
-0.404252
-0.412615
-0.412615
-0.41846
-0.41846
-0.426544
-0.426544
-0.432124
-0.432124
-0.43232
-0.43232
-0.441902
-0.441902
-0.451145
-0.451145
-0.461322
-0.461322
-0.473731
-0.473731
-0.477845
-0.477845
-0.478822
-0.478822
-0.484534
-0.484534
-0.496626
-0.496626
-0.500515
-0.500515
-0.500533
-0.500533
-0.506823
-0.506823
-0.511442
-0.511442
-0.512424
-0.512424
-0.52441
-0.52441
-0.526415
-0.526415
-0.532919
-0.532919
-0.533468
-0.533468
-0.54146
-0.54146
-0.553576
-0.553576
-0.556863
-0.556863
-0.572151
-0.572151
-0.572306
-0.572306
-0.577741
-0.577741
-0.578221
-0.578221
-0.608704
-0.608704
-0.615231
-0.615231
-0.632743
-0.632743
-0.633996
-0.633996
-0.635434
-0.635434
-0.644586
-0.644586
-0.649209
-0.649209
-0.655879
-0.655879
-0.696001
-0.696001
-0.701304
-0.701304
-0.713348
-0.713348
-0.71614
-0.71614
-0.721702
-0.721702
-0.728742
-0.728742
-0.752693
-0.752693
-0.75359
-0.75359
-0.754227
-0.754227
-0.779514
-0.779514
-0.781964
-0.781964
-0.784367
-0.784367
-0.785737
-0.785737
-0.795037
-0.795037
-0.798184
-0.798184
-0.932124
-0.932124
