n=16
J=0.707107
eta=0.242424
mu=0.1
beta-optimal=0
max-overlap=0
-0.109619
-0.109619
-0.113909
-0.113909
-0.119701
-0.119701
-0.122252
-0.122252
-0.122755
-0.122755
-0.127432
-0.127432
-0.128709
-0.128709
-0.133919
-0.133919
-0.134416
-0.134416
-0.136123
-0.136123
-0.137683
-0.137683
-0.141987
-0.141987
-0.147257
-0.147257
-0.153398
-0.153398
-0.15634
-0.15634
-0.157115
-0.157115
-0.163462
-0.163462
-0.166767
-0.166767
-0.167376
-0.167376
-0.168792
-0.168792
-0.170358
-0.170358
-0.175382
-0.175382
-0.17925
-0.17925
-0.181497
-0.181497
-0.183457
-0.183457
-0.184428
-0.184428
-0.187648
-0.187648
-0.193151
-0.193151
-0.196191
-0.196191
-0.200317
-0.200317
-0.204392
-0.204392
-0.209748
-0.209748
-0.211088
-0.211088
-0.213047
-0.213047
-0.215247
-0.215247
-0.216849
-0.216849
-0.217425
-0.217425
-0.224306
-0.224306
-0.227594
-0.227594
-0.229004
-0.229004
-0.230405
-0.230405
-0.237025
-0.237025
-0.240258
-0.240258
-0.24398
-0.24398
-0.251534
-0.251534
-0.25361
-0.25361
-0.261339
-0.261339
-0.267551
-0.267551
-0.270821
-0.270821
-0.273684
-0.273684
-0.279216
-0.279216
-0.282948
-0.282948
-0.286274
-0.286274
-0.291335
-0.291335
-0.291347
-0.291347
-0.298003
-0.298003
-0.30441
-0.30441
-0.310498
-0.310498
-0.31134
-0.31134
-0.314672
-0.314672
-0.322365
-0.322365
-0.324825
-0.324825
-0.328072
-0.328072
-0.329348
-0.329348
-0.329983
-0.329983
-0.331043
-0.331043
-0.336992
-0.336992
-0.35767
-0.35767
-0.360583
-0.360583
-0.363806
-0.363806
-0.365363
-0.365363
-0.371932
-0.371932
-0.379842
-0.379842
-0.382711
-0.382711
-0.385732
-0.385732
-0.387064
-0.387064
-0.395411
-0.395411
-0.40155
-0.40155
-0.407327
-0.407327
-0.414193
-0.414193
-0.425233
-0.425233
-0.428323
-0.428323
-0.433437
-0.433437
-0.435422
-0.435422
-0.436329
-0.436329
-0.444892
-0.444892
-0.446763
-0.446763
-0.451965
-0.451965
-0.459401
-0.459401
-0.468735
-0.468735
-0.47076
-0.47076
-0.478122
-0.478122
-0.478542
-0.478542
-0.488011
-0.488011
-0.503583
-0.503583
-0.506392
-0.506392
-0.539142
-0.539142
-0.548574
-0.548574
-0.569209
-0.569209
-0.625937
-0.625937
