n=16
J=0.707107
eta=0.545455
mu=0.1
beta-optimal=0
max-overlap=0
-0.124979
-0.124979
-0.129262
-0.129262
-0.130354
-0.130354
-0.130428
-0.130428
-0.133919
-0.133919
-0.136054
-0.136054
-0.145535
-0.145535
-0.147403
-0.147403
-0.149897
-0.149897
-0.153872
-0.153872
-0.155263
-0.155263
-0.159689
-0.159689
-0.162931
-0.162931
-0.166637
-0.166637
-0.166679
-0.166679
-0.167376
-0.167376
-0.169643
-0.169643
-0.172873
-0.172873
-0.177617
-0.177617
-0.180204
-0.180204
-0.180306
-0.180306
-0.187452
-0.187452
-0.18895
-0.18895
-0.192539
-0.192539
-0.194786
-0.194786
-0.196585
-0.196585
-0.213719
-0.213719
-0.214433
-0.214433
-0.2203
-0.2203
-0.221591
-0.221591
-0.223889
-0.223889
-0.22544
-0.22544
-0.227594
-0.227594
-0.231282
-0.231282
-0.23621
-0.23621
-0.239085
-0.239085
-0.242131
-0.242131
-0.246006
-0.246006
-0.248869
-0.248869
-0.253083
-0.253083
-0.26247
-0.26247
-0.264608
-0.264608
-0.264782
-0.264782
-0.267441
-0.267441
-0.272858
-0.272858
-0.273809
-0.273809
-0.277592
-0.277592
-0.287149
-0.287149
-0.292409
-0.292409
-0.295738
-0.295738
-0.296401
-0.296401
-0.305576
-0.305576
-0.30715
-0.30715
-0.310498
-0.310498
-0.313783
-0.313783
-0.316252
-0.316252
-0.321528
-0.321528
-0.323337
-0.323337
-0.331059
-0.331059
-0.336297
-0.336297
-0.340253
-0.340253
-0.349272
-0.349272
-0.353951
-0.353951
-0.355806
-0.355806
-0.362023
-0.362023
-0.371807
-0.371807
-0.373136
-0.373136
-0.37745
-0.37745
-0.385825
-0.385825
-0.390082
-0.390082
-0.397858
-0.397858
-0.402552
-0.402552
-0.405622
-0.405622
-0.411023
-0.411023
-0.415348
-0.415348
-0.428323
-0.428323
-0.431704
-0.431704
-0.434991
-0.434991
-0.437363
-0.437363
-0.440637
-0.440637
-0.453441
-0.453441
-0.458413
-0.458413
-0.462771
-0.462771
-0.472988
-0.472988
-0.476287
-0.476287
-0.478021
-0.478021
-0.478542
-0.478542
-0.487809
-0.487809
-0.489664
-0.489664
-0.495254
-0.495254
-0.497433
-0.497433
-0.499759
-0.499759
-0.506901
-0.506901
-0.513985
-0.513985
-0.514943
-0.514943
-0.516574
-0.516574
-0.541666
-0.541666
-0.549686
-0.549686
-0.573526
-0.573526
-0.625937
-0.625937
