n=16
J=0.707107
eta=0.626263
mu=0.1
beta-optimal=0
max-overlap=0
-0.132416
-0.132416
-0.133407
-0.133407
-0.133919
-0.133919
-0.135393
-0.135393
-0.136679
-0.136679
-0.143748
-0.143748
-0.147945
-0.147945
-0.149773
-0.149773
-0.153179
-0.153179
-0.155471
-0.155471
-0.157503
-0.157503
-0.16055
-0.16055
-0.165465
-0.165465
-0.167376
-0.167376
-0.167841
-0.167841
-0.170677
-0.170677
-0.174076
-0.174076
-0.174559
-0.174559
-0.182919
-0.182919
-0.182959
-0.182959
-0.185332
-0.185332
-0.194069
-0.194069
-0.19579
-0.19579
-0.197117
-0.197117
-0.200404
-0.200404
-0.203851
-0.203851
-0.216226
-0.216226
-0.218559
-0.218559
-0.227594
-0.227594
-0.227615
-0.227615
-0.229656
-0.229656
-0.232315
-0.232315
-0.233387
-0.233387
-0.245878
-0.245878
-0.247718
-0.247718
-0.248611
-0.248611
-0.249585
-0.249585
-0.249886
-0.249886
-0.253926
-0.253926
-0.260691
-0.260691
-0.264137
-0.264137
-0.270707
-0.270707
-0.274807
-0.274807
-0.27778
-0.27778
-0.281178
-0.281178
-0.282776
-0.282776
-0.283082
-0.283082
-0.288119
-0.288119
-0.294279
-0.294279
-0.304778
-0.304778
-0.308595
-0.308595
-0.310498
-0.310498
-0.316456
-0.316456
-0.317566
-0.317566
-0.323367
-0.323367
-0.329737
-0.329737
-0.336976
-0.336976
-0.342206
-0.342206
-0.347291
-0.347291
-0.348893
-0.348893
-0.353892
-0.353892
-0.362633
-0.362633
-0.369413
-0.369413
-0.369839
-0.369839
-0.377657
-0.377657
-0.386038
-0.386038
-0.387592
-0.387592
-0.393467
-0.393467
-0.395747
-0.395747
-0.409971
-0.409971
-0.410205
-0.410205
-0.414617
-0.414617
-0.41816
-0.41816
-0.421173
-0.421173
-0.424634
-0.424634
-0.428323
-0.428323
-0.447551
-0.447551
-0.448128
-0.448128
-0.449673
-0.449673
-0.451013
-0.451013
-0.468144
-0.468144
-0.474746
-0.474746
-0.476172
-0.476172
-0.478169
-0.478169
-0.478542
-0.478542
-0.487597
-0.487597
-0.490046
-0.490046
-0.500147
-0.500147
-0.504788
-0.504788
-0.509669
-0.509669
-0.510036
-0.510036
-0.510579
-0.510579
-0.518259
-0.518259
-0.519491
-0.519491
-0.521237
-0.521237
-0.52325
-0.52325
-0.543231
-0.543231
-0.55017
-0.55017
-0.575327
-0.575327
-0.625937
-0.625937
