n=16
J=0.707107
eta=0.585859
mu=0.1
beta-optimal=0
max-overlap=0
-0.129047
-0.129047
-0.131606
-0.131606
-0.132595
-0.132595
-0.133919
-0.133919
-0.134146
-0.134146
-0.14104
-0.14104
-0.14639
-0.14639
-0.149147
-0.149147
-0.152341
-0.152341
-0.154011
-0.154011
-0.155141
-0.155141
-0.159883
-0.159883
-0.165372
-0.165372
-0.166351
-0.166351
-0.167376
-0.167376
-0.168871
-0.168871
-0.17262
-0.17262
-0.172647
-0.172647
-0.179669
-0.179669
-0.18143
-0.18143
-0.182362
-0.182362
-0.191369
-0.191369
-0.192395
-0.192395
-0.194723
-0.194723
-0.197486
-0.197486
-0.199686
-0.199686
-0.215068
-0.215068
-0.216307
-0.216307
-0.224914
-0.224914
-0.225728
-0.225728
-0.227594
-0.227594
-0.2282
-0.2282
-0.229615
-0.229615
-0.238401
-0.238401
-0.24216
-0.24216
-0.242986
-0.242986
-0.245816
-0.245816
-0.248976
-0.248976
-0.251708
-0.251708
-0.256111
-0.256111
-0.262338
-0.262338
-0.268031
-0.268031
-0.270457
-0.270457
-0.275088
-0.275088
-0.276104
-0.276104
-0.278575
-0.278575
-0.279305
-0.279305
-0.287756
-0.287756
-0.293641
-0.293641
-0.29967
-0.29967
-0.301189
-0.301189
-0.310498
-0.310498
-0.310773
-0.310773
-0.312051
-0.312051
-0.320415
-0.320415
-0.324139
-0.324139
-0.326989
-0.326989
-0.331567
-0.331567
-0.338121
-0.338121
-0.341554
-0.341554
-0.346009
-0.346009
-0.355576
-0.355576
-0.361245
-0.361245
-0.362329
-0.362329
-0.369324
-0.369324
-0.380001
-0.380001
-0.381355
-0.381355
-0.384024
-0.384024
-0.389315
-0.389315
-0.399468
-0.399468
-0.404229
-0.404229
-0.40853
-0.40853
-0.411691
-0.411691
-0.415711
-0.415711
-0.419789
-0.419789
-0.428323
-0.428323
-0.439581
-0.439581
-0.442262
-0.442262
-0.442716
-0.442716
-0.445829
-0.445829
-0.460721
-0.460721
-0.465953
-0.465953
-0.469361
-0.469361
-0.477961
-0.477961
-0.478542
-0.478542
-0.47996
-0.47996
-0.483051
-0.483051
-0.493847
-0.493847
-0.497128
-0.497128
-0.502398
-0.502398
-0.503855
-0.503855
-0.504775
-0.504775
-0.512771
-0.512771
-0.516995
-0.516995
-0.518515
-0.518515
-0.518705
-0.518705
-0.542368
-0.542368
-0.549916
-0.549916
-0.574389
-0.574389
-0.625937
-0.625937
