n=16
J=0.707107
eta=0.888889
mu=0.2
beta-optimal=0
max-overlap=0
-0.16462
-0.16462
-0.165055
-0.165055
-0.166226
-0.166226
-0.171382
-0.171382
-0.17887
-0.17887
-0.179461
-0.179461
-0.189663
-0.189663
-0.191534
-0.191534
-0.199954
-0.199954
-0.203161
-0.203161
-0.2175
-0.2175
-0.22042
-0.22042
-0.222529
-0.222529
-0.223773
-0.223773
-0.227166
-0.227166
-0.231029
-0.231029
-0.234209
-0.234209
-0.234417
-0.234417
-0.238266
-0.238266
-0.246794
-0.246794
-0.250231
-0.250231
-0.250734
-0.250734
-0.262371
-0.262371
-0.273282
-0.273282
-0.277504
-0.277504
-0.287132
-0.287132
-0.288169
-0.288169
-0.294462
-0.294462
-0.301752
-0.301752
-0.303082
-0.303082
-0.314036
-0.314036
-0.315538
-0.315538
-0.320163
-0.320163
-0.322463
-0.322463
-0.331007
-0.331007
-0.33901
-0.33901
-0.339224
-0.339224
-0.342014
-0.342014
-0.349071
-0.349071
-0.350936
-0.350936
-0.356215
-0.356215
-0.359932
-0.359932
-0.365371
-0.365371
-0.369846
-0.369846
-0.372743
-0.372743
-0.387858
-0.387858
-0.392991
-0.392991
-0.397546
-0.397546
-0.415638
-0.415638
-0.415895
-0.415895
-0.418459
-0.418459
-0.41846
-0.41846
-0.423742
-0.423742
-0.425379
-0.425379
-0.435546
-0.435546
-0.456636
-0.456636
-0.470263
-0.470263
-0.475106
-0.475106
-0.47788
-0.47788
-0.478822
-0.478822
-0.48178
-0.48178
-0.486167
-0.486167
-0.491054
-0.491054
-0.493244
-0.493244
-0.504441
-0.504441
-0.505303
-0.505303
-0.507237
-0.507237
-0.51101
-0.51101
-0.514096
-0.514096
-0.523552
-0.523552
-0.536884
-0.536884
-0.541158
-0.541158
-0.559525
-0.559525
-0.562425
-0.562425
-0.563594
-0.563594
-0.56864
-0.56864
-0.570755
-0.570755
-0.580722
-0.580722
-0.605519
-0.605519
-0.613047
-0.613047
-0.628337
-0.628337
-0.633445
-0.633445
-0.634579
-0.634579
-0.643678
-0.643678
-0.66595
-0.66595
-0.674528
-0.674528
-0.692832
-0.692832
-0.698677
-0.698677
-0.706329
-0.706329
-0.716079
-0.716079
-0.743508
-0.743508
-0.745592
-0.745592
-0.749764
-0.749764
-0.761748
-0.761748
-0.762535
-0.762535
-0.764441
-0.764441
-0.764876
-0.764876
-0.767082
-0.767082
-0.768598
-0.768598
-0.932124
-0.932124
