n=16
J=0.707107
eta=0.10101
mu=0.1
beta-optimal=0
max-overlap=0
-0.104256
-0.104256
-0.107235
-0.107235
-0.107784
-0.107784
-0.112405
-0.112405
-0.119765
-0.119765
-0.119945
-0.119945
-0.122829
-0.122829
-0.131988
-0.131988
-0.133919
-0.133919
-0.136457
-0.136457
-0.137008
-0.137008
-0.139027
-0.139027
-0.141379
-0.141379
-0.146792
-0.146792
-0.147868
-0.147868
-0.15307
-0.15307
-0.1618
-0.1618
-0.163477
-0.163477
-0.163505
-0.163505
-0.167376
-0.167376
-0.168462
-0.168462
-0.16981
-0.16981
-0.171472
-0.171472
-0.172423
-0.172423
-0.174522
-0.174522
-0.182001
-0.182001
-0.186055
-0.186055
-0.18874
-0.18874
-0.19019
-0.19019
-0.199472
-0.199472
-0.204115
-0.204115
-0.204392
-0.204392
-0.211398
-0.211398
-0.211875
-0.211875
-0.215029
-0.215029
-0.217446
-0.217446
-0.22287
-0.22287
-0.225134
-0.225134
-0.227455
-0.227455
-0.227594
-0.227594
-0.229889
-0.229889
-0.231975
-0.231975
-0.235702
-0.235702
-0.237057
-0.237057
-0.24071
-0.24071
-0.254953
-0.254953
-0.255474
-0.255474
-0.258706
-0.258706
-0.262302
-0.262302
-0.273499
-0.273499
-0.273608
-0.273608
-0.27672
-0.27672
-0.276735
-0.276735
-0.283287
-0.283287
-0.286942
-0.286942
-0.301
-0.301
-0.303502
-0.303502
-0.307816
-0.307816
-0.310498
-0.310498
-0.314324
-0.314324
-0.317962
-0.317962
-0.317969
-0.317969
-0.326235
-0.326235
-0.32683
-0.32683
-0.328978
-0.328978
-0.332409
-0.332409
-0.336908
-0.336908
-0.347383
-0.347383
-0.353473
-0.353473
-0.357638
-0.357638
-0.362364
-0.362364
-0.365867
-0.365867
-0.369051
-0.369051
-0.373152
-0.373152
-0.374801
-0.374801
-0.386022
-0.386022
-0.394957
-0.394957
-0.395675
-0.395675
-0.402656
-0.402656
-0.413932
-0.413932
-0.415967
-0.415967
-0.421159
-0.421159
-0.425989
-0.425989
-0.426818
-0.426818
-0.428323
-0.428323
-0.432259
-0.432259
-0.438123
-0.438123
-0.443094
-0.443094
-0.448437
-0.448437
-0.457247
-0.457247
-0.463938
-0.463938
-0.478157
-0.478157
-0.478542
-0.478542
-0.482063
-0.482063
-0.501213
-0.501213
-0.504471
-0.504471
-0.538785
-0.538785
-0.54836
-0.54836
-0.568369
-0.568369
-0.625937
-0.625937
