n=16
J=0.707107
eta=0.323232
mu=0.2
beta-optimal=0
max-overlap=0
-0.132457
-0.132457
-0.133136
-0.133136
-0.142896
-0.142896
-0.146746
-0.146746
-0.163421
-0.163421
-0.166093
-0.166093
-0.166226
-0.166226
-0.167757
-0.167757
-0.173386
-0.173386
-0.187923
-0.187923
-0.191629
-0.191629
-0.196299
-0.196299
-0.202294
-0.202294
-0.203658
-0.203658
-0.205414
-0.205414
-0.211817
-0.211817
-0.216638
-0.216638
-0.221094
-0.221094
-0.221992
-0.221992
-0.222533
-0.222533
-0.224643
-0.224643
-0.224857
-0.224857
-0.228988
-0.228988
-0.232219
-0.232219
-0.234209
-0.234209
-0.235045
-0.235045
-0.243684
-0.243684
-0.244829
-0.244829
-0.248576
-0.248576
-0.25708
-0.25708
-0.25754
-0.25754
-0.267846
-0.267846
-0.26922
-0.26922
-0.280079
-0.280079
-0.280267
-0.280267
-0.297004
-0.297004
-0.297426
-0.297426
-0.306282
-0.306282
-0.306931
-0.306931
-0.308283
-0.308283
-0.309738
-0.309738
-0.317128
-0.317128
-0.318461
-0.318461
-0.32201
-0.32201
-0.328495
-0.328495
-0.332139
-0.332139
-0.332754
-0.332754
-0.342014
-0.342014
-0.343003
-0.343003
-0.344203
-0.344203
-0.358159
-0.358159
-0.362044
-0.362044
-0.369237
-0.369237
-0.376315
-0.376315
-0.380527
-0.380527
-0.383024
-0.383024
-0.404337
-0.404337
-0.40626
-0.40626
-0.414971
-0.414971
-0.415265
-0.415265
-0.41846
-0.41846
-0.428209
-0.428209
-0.429401
-0.429401
-0.437353
-0.437353
-0.444595
-0.444595
-0.458219
-0.458219
-0.458725
-0.458725
-0.460538
-0.460538
-0.471062
-0.471062
-0.475682
-0.475682
-0.478127
-0.478127
-0.478822
-0.478822
-0.490184
-0.490184
-0.491437
-0.491437
-0.502928
-0.502928
-0.510087
-0.510087
-0.516148
-0.516148
-0.522787
-0.522787
-0.539071
-0.539071
-0.545689
-0.545689
-0.547222
-0.547222
-0.564069
-0.564069
-0.58339
-0.58339
-0.59735
-0.59735
-0.618882
-0.618882
-0.63214
-0.63214
-0.637933
-0.637933
-0.640911
-0.640911
-0.651223
-0.651223
-0.656054
-0.656054
-0.658304
-0.658304
-0.671657
-0.671657
-0.680442
-0.680442
-0.684909
-0.684909
-0.687177
-0.687177
-0.691951
-0.691951
-0.712547
-0.712547
-0.715532
-0.715532
-0.737
-0.737
-0.932124
-0.932124
