n=16
J=0.707107
eta=0.484848
mu=0.2
beta-optimal=0
max-overlap=0
-0.135535
-0.135535
-0.141368
-0.141368
-0.144637
-0.144637
-0.163312
-0.163312
-0.165343
-0.165343
-0.166226
-0.166226
-0.17569
-0.17569
-0.180967
-0.180967
-0.185739
-0.185739
-0.189085
-0.189085
-0.19577
-0.19577
-0.199166
-0.199166
-0.203079
-0.203079
-0.204199
-0.204199
-0.210375
-0.210375
-0.212765
-0.212765
-0.217137
-0.217137
-0.223037
-0.223037
-0.223439
-0.223439
-0.227708
-0.227708
-0.230491
-0.230491
-0.234209
-0.234209
-0.234264
-0.234264
-0.23755
-0.23755
-0.242866
-0.242866
-0.246799
-0.246799
-0.257752
-0.257752
-0.263016
-0.263016
-0.27044
-0.27044
-0.27133
-0.27133
-0.274919
-0.274919
-0.277923
-0.277923
-0.283653
-0.283653
-0.288071
-0.288071
-0.294515
-0.294515
-0.295154
-0.295154
-0.302403
-0.302403
-0.315972
-0.315972
-0.317416
-0.317416
-0.318612
-0.318612
-0.319082
-0.319082
-0.324072
-0.324072
-0.328898
-0.328898
-0.329604
-0.329604
-0.338925
-0.338925
-0.340326
-0.340326
-0.342014
-0.342014
-0.350851
-0.350851
-0.356011
-0.356011
-0.361555
-0.361555
-0.369409
-0.369409
-0.370794
-0.370794
-0.385211
-0.385211
-0.387952
-0.387952
-0.394042
-0.394042
-0.413341
-0.413341
-0.414937
-0.414937
-0.41846
-0.41846
-0.423073
-0.423073
-0.425613
-0.425613
-0.429469
-0.429469
-0.435908
-0.435908
-0.440189
-0.440189
-0.456151
-0.456151
-0.463258
-0.463258
-0.468583
-0.468583
-0.47024
-0.47024
-0.474724
-0.474724
-0.478072
-0.478072
-0.478822
-0.478822
-0.479261
-0.479261
-0.493442
-0.493442
-0.500473
-0.500473
-0.504569
-0.504569
-0.511429
-0.511429
-0.511503
-0.511503
-0.526704
-0.526704
-0.533027
-0.533027
-0.541695
-0.541695
-0.549249
-0.549249
-0.562711
-0.562711
-0.578137
-0.578137
-0.599119
-0.599119
-0.610494
-0.610494
-0.632301
-0.632301
-0.633301
-0.633301
-0.641399
-0.641399
-0.649707
-0.649707
-0.665439
-0.665439
-0.675053
-0.675053
-0.680358
-0.680358
-0.68048
-0.68048
-0.69856
-0.69856
-0.701854
-0.701854
-0.703052
-0.703052
-0.706872
-0.706872
-0.718598
-0.718598
-0.721311
-0.721311
-0.739354
-0.739354
-0.932124
-0.932124
