n=16
J=0.707107
eta=0.525253
mu=0.1
beta-optimal=0
max-overlap=0
-0.123621
-0.123621
-0.127858
-0.127858
-0.127888
-0.127888
-0.129529
-0.129529
-0.133045
-0.133045
-0.133919
-0.133919
-0.145149
-0.145149
-0.145725
-0.145725
-0.148976
-0.148976
-0.154167
-0.154167
-0.15591
-0.15591
-0.158862
-0.158862
-0.161972
-0.161972
-0.164978
-0.164978
-0.166759
-0.166759
-0.167376
-0.167376
-0.168101
-0.168101
-0.173202
-0.173202
-0.176751
-0.176751
-0.179675
-0.179675
-0.179677
-0.179677
-0.185937
-0.185937
-0.187091
-0.187091
-0.191481
-0.191481
-0.193747
-0.193747
-0.19544
-0.19544
-0.21218
-0.21218
-0.214033
-0.214033
-0.21812
-0.21812
-0.219438
-0.219438
-0.221129
-0.221129
-0.223243
-0.223243
-0.227594
-0.227594
-0.228301
-0.228301
-0.233739
-0.233739
-0.237349
-0.237349
-0.240262
-0.240262
-0.24219
-0.24219
-0.248537
-0.248537
-0.253343
-0.253343
-0.258427
-0.258427
-0.262612
-0.262612
-0.263238
-0.263238
-0.265611
-0.265611
-0.269145
-0.269145
-0.271602
-0.271602
-0.278076
-0.278076
-0.286848
-0.286848
-0.291442
-0.291442
-0.293079
-0.293079
-0.295444
-0.295444
-0.303617
-0.303617
-0.304419
-0.304419
-0.309274
-0.309274
-0.310498
-0.310498
-0.313631
-0.313631
-0.317767
-0.317767
-0.320901
-0.320901
-0.328512
-0.328512
-0.334112
-0.334112
-0.338121
-0.338121
-0.346377
-0.346377
-0.350868
-0.350868
-0.352889
-0.352889
-0.358725
-0.358725
-0.36588
-0.36588
-0.369767
-0.369767
-0.375794
-0.375794
-0.384338
-0.384338
-0.385755
-0.385755
-0.394636
-0.394636
-0.399689
-0.399689
-0.402665
-0.402665
-0.408903
-0.408903
-0.413238
-0.413238
-0.42781
-0.42781
-0.428323
-0.428323
-0.43141
-0.43141
-0.434645
-0.434645
-0.438065
-0.438065
-0.44986
-0.44986
-0.455147
-0.455147
-0.459619
-0.459619
-0.46974
-0.46974
-0.473089
-0.473089
-0.477989
-0.477989
-0.478542
-0.478542
-0.484889
-0.484889
-0.486016
-0.486016
-0.491733
-0.491733
-0.494339
-0.494339
-0.497344
-0.497344
-0.504008
-0.504008
-0.511801
-0.511801
-0.513958
-0.513958
-0.515596
-0.515596
-0.541365
-0.541365
-0.54958
-0.54958
-0.573122
-0.573122
-0.625937
-0.625937
