n=16
J=0.707107
eta=0.998485
mu=0.2
beta-optimal=0
max-overlap=0
-0.167022
-0.167022
-0.172135
-0.172135
-0.174362
-0.174362
-0.177818
-0.177818
-0.180636
-0.180636
-0.19425
-0.19425
-0.194571
-0.194571
-0.202213
-0.202213
-0.209528
-0.209528
-0.214259
-0.214259
-0.223074
-0.223074
-0.226406
-0.226406
-0.228501
-0.228501
-0.229484
-0.229484
-0.234209
-0.234209
-0.238738
-0.238738
-0.239619
-0.239619
-0.240844
-0.240844
-0.253703
-0.253703
-0.256009
-0.256009
-0.260592
-0.260592
-0.261229
-0.261229
-0.27161
-0.27161
-0.282527
-0.282527
-0.284072
-0.284072
-0.290449
-0.290449
-0.293623
-0.293623
-0.301222
-0.301222
-0.305593
-0.305593
-0.311816
-0.311816
-0.317006
-0.317006
-0.324391
-0.324391
-0.331164
-0.331164
-0.332879
-0.332879
-0.342014
-0.342014
-0.348039
-0.348039
-0.354179
-0.354179
-0.355392
-0.355392
-0.360999
-0.360999
-0.362374
-0.362374
-0.364922
-0.364922
-0.376243
-0.376243
-0.379955
-0.379955
-0.38408
-0.38408
-0.393355
-0.393355
-0.402809
-0.402809
-0.4051
-0.4051
-0.413718
-0.413718
-0.41846
-0.41846
-0.427125
-0.427125
-0.433096
-0.433096
-0.433183
-0.433183
-0.442936
-0.442936
-0.453251
-0.453251
-0.463104
-0.463104
-0.474894
-0.474894
-0.477844
-0.477844
-0.478822
-0.478822
-0.485474
-0.485474
-0.497305
-0.497305
-0.501239
-0.501239
-0.502089
-0.502089
-0.507673
-0.507673
-0.512559
-0.512559
-0.512936
-0.512936
-0.525512
-0.525512
-0.527719
-0.527719
-0.534649
-0.534649
-0.535099
-0.535099
-0.542645
-0.542645
-0.554689
-0.554689
-0.557923
-0.557923
-0.572817
-0.572817
-0.573127
-0.573127
-0.578361
-0.578361
-0.579129
-0.579129
-0.611017
-0.611017
-0.617278
-0.617278
-0.634034
-0.634034
-0.634298
-0.634298
-0.636819
-0.636819
-0.644648
-0.644648
-0.650677
-0.650677
-0.657247
-0.657247
-0.698075
-0.698075
-0.703123
-0.703123
-0.714689
-0.714689
-0.717311
-0.717311
-0.722731
-0.722731
-0.729607
-0.729607
-0.753295
-0.753295
-0.753844
-0.753844
-0.754791
-0.754791
-0.780637
-0.780637
-0.783212
-0.783212
-0.785621
-0.785621
-0.787067
-0.787067
-0.796855
-0.796855
-0.800106
-0.800106
-0.932124
-0.932124
