n=16
J=0.707107
eta=0.868687
mu=0.1
beta-optimal=0
max-overlap=0
-0.140631
-0.140631
-0.146617
-0.146617
-0.147114
-0.147114
-0.154823
-0.154823
-0.156096
-0.156096
-0.158611
-0.158611
-0.159232
-0.159232
-0.16225
-0.16225
-0.166287
-0.166287
-0.167376
-0.167376
-0.167557
-0.167557
-0.16958
-0.16958
-0.170576
-0.170576
-0.175089
-0.175089
-0.17876
-0.17876
-0.185803
-0.185803
-0.19354
-0.19354
-0.195966
-0.195966
-0.2018
-0.2018
-0.205111
-0.205111
-0.206766
-0.206766
-0.209219
-0.209219
-0.213807
-0.213807
-0.22103
-0.22103
-0.226655
-0.226655
-0.227594
-0.227594
-0.229172
-0.229172
-0.230617
-0.230617
-0.231553
-0.231553
-0.239758
-0.239758
-0.2438
-0.2438
-0.245148
-0.245148
-0.251306
-0.251306
-0.251622
-0.251622
-0.262925
-0.262925
-0.263998
-0.263998
-0.272516
-0.272516
-0.275562
-0.275562
-0.279739
-0.279739
-0.286802
-0.286802
-0.288757
-0.288757
-0.293028
-0.293028
-0.29834
-0.29834
-0.299147
-0.299147
-0.301123
-0.301123
-0.301187
-0.301187
-0.302621
-0.302621
-0.302864
-0.302864
-0.310498
-0.310498
-0.316238
-0.316238
-0.319714
-0.319714
-0.321365
-0.321365
-0.371752
-0.371752
-0.385255
-0.385255
-0.389271
-0.389271
-0.3936
-0.3936
-0.406693
-0.406693
-0.407105
-0.407105
-0.409071
-0.409071
-0.411145
-0.411145
-0.414898
-0.414898
-0.41831
-0.41831
-0.419001
-0.419001
-0.426262
-0.426262
-0.426368
-0.426368
-0.428323
-0.428323
-0.431698
-0.431698
-0.440818
-0.440818
-0.446902
-0.446902
-0.448013
-0.448013
-0.456855
-0.456855
-0.459898
-0.459898
-0.468782
-0.468782
-0.469601
-0.469601
-0.478
-0.478
-0.478542
-0.478542
-0.481459
-0.481459
-0.484481
-0.484481
-0.485274
-0.485274
-0.487763
-0.487763
-0.49603
-0.49603
-0.497517
-0.497517
-0.520932
-0.520932
-0.527754
-0.527754
-0.529515
-0.529515
-0.536896
-0.536896
-0.539361
-0.539361
-0.543585
-0.543585
-0.545431
-0.545431
-0.547325
-0.547325
-0.548586
-0.548586
-0.552626
-0.552626
-0.554406
-0.554406
-0.555479
-0.555479
-0.555601
-0.555601
-0.55742
-0.55742
-0.558254
-0.558254
-0.560257
-0.560257
-0.582761
-0.582761
-0.625937
-0.625937
