n=16
J=0.707107
eta=0.787879
mu=0.1
beta-optimal=0
max-overlap=0
-0.137158
-0.137158
-0.139062
-0.139062
-0.143554
-0.143554
-0.144609
-0.144609
-0.147238
-0.147238
-0.152776
-0.152776
-0.15739
-0.15739
-0.157456
-0.157456
-0.160753
-0.160753
-0.161548
-0.161548
-0.162007
-0.162007
-0.165236
-0.165236
-0.167376
-0.167376
-0.168552
-0.168552
-0.177511
-0.177511
-0.179976
-0.179976
-0.184799
-0.184799
-0.188156
-0.188156
-0.196212
-0.196212
-0.199022
-0.199022
-0.202185
-0.202185
-0.203899
-0.203899
-0.205493
-0.205493
-0.208074
-0.208074
-0.217535
-0.217535
-0.219129
-0.219129
-0.226805
-0.226805
-0.227547
-0.227547
-0.227594
-0.227594
-0.233785
-0.233785
-0.237272
-0.237272
-0.241538
-0.241538
-0.250628
-0.250628
-0.251648
-0.251648
-0.254755
-0.254755
-0.260412
-0.260412
-0.26293
-0.26293
-0.266033
-0.266033
-0.267785
-0.267785
-0.280772
-0.280772
-0.281047
-0.281047
-0.285517
-0.285517
-0.290374
-0.290374
-0.292293
-0.292293
-0.293522
-0.293522
-0.293861
-0.293861
-0.29546
-0.29546
-0.298264
-0.298264
-0.309763
-0.309763
-0.310498
-0.310498
-0.319541
-0.319541
-0.321415
-0.321415
-0.339781
-0.339781
-0.356259
-0.356259
-0.360255
-0.360255
-0.367715
-0.367715
-0.385743
-0.385743
-0.388281
-0.388281
-0.388626
-0.388626
-0.392876
-0.392876
-0.395248
-0.395248
-0.400457
-0.400457
-0.401064
-0.401064
-0.409757
-0.409757
-0.413399
-0.413399
-0.41462
-0.41462
-0.425238
-0.425238
-0.428323
-0.428323
-0.428409
-0.428409
-0.429723
-0.429723
-0.430078
-0.430078
-0.434254
-0.434254
-0.451125
-0.451125
-0.452183
-0.452183
-0.455989
-0.455989
-0.461874
-0.461874
-0.472
-0.472
-0.472714
-0.472714
-0.477884
-0.477884
-0.478542
-0.478542
-0.479858
-0.479858
-0.480791
-0.480791
-0.500484
-0.500484
-0.508549
-0.508549
-0.519173
-0.519173
-0.521479
-0.521479
-0.52513
-0.52513
-0.526623
-0.526623
-0.527986
-0.527986
-0.530526
-0.530526
-0.533664
-0.533664
-0.538159
-0.538159
-0.540403
-0.540403
-0.541572
-0.541572
-0.544043
-0.544043
-0.545669
-0.545669
-0.549256
-0.549256
-0.551538
-0.551538
-0.579909
-0.579909
-0.625937
-0.625937
