n=16
J=0.707107
eta=0.484848
mu=0.1
beta-optimal=0
max-overlap=0
-0.122264
-0.122264
-0.122559
-0.122559
-0.124815
-0.124815
-0.12698
-0.12698
-0.128908
-0.128908
-0.133919
-0.133919
-0.141677
-0.141677
-0.143746
-0.143746
-0.147693
-0.147693
-0.154414
-0.154414
-0.155879
-0.155879
-0.156435
-0.156435
-0.161201
-0.161201
-0.161701
-0.161701
-0.16558
-0.16558
-0.165712
-0.165712
-0.167376
-0.167376
-0.173334
-0.173334
-0.17621
-0.17621
-0.177744
-0.177744
-0.17979
-0.17979
-0.18402
-0.18402
-0.184395
-0.184395
-0.189086
-0.189086
-0.192638
-0.192638
-0.193548
-0.193548
-0.208167
-0.208167
-0.211238
-0.211238
-0.2147
-0.2147
-0.215858
-0.215858
-0.216591
-0.216591
-0.217727
-0.217727
-0.222336
-0.222336
-0.227594
-0.227594
-0.229798
-0.229798
-0.233693
-0.233693
-0.236092
-0.236092
-0.237098
-0.237098
-0.247295
-0.247295
-0.25012
-0.25012
-0.253362
-0.253362
-0.255307
-0.255307
-0.257355
-0.257355
-0.260811
-0.260811
-0.267748
-0.267748
-0.268164
-0.268164
-0.279078
-0.279078
-0.285014
-0.285014
-0.28802
-0.28802
-0.289347
-0.289347
-0.29388
-0.29388
-0.298445
-0.298445
-0.300346
-0.300346
-0.301695
-0.301695
-0.307994
-0.307994
-0.310498
-0.310498
-0.310907
-0.310907
-0.317978
-0.317978
-0.325022
-0.325022
-0.329731
-0.329731
-0.334956
-0.334956
-0.341044
-0.341044
-0.34557
-0.34557
-0.347722
-0.347722
-0.352966
-0.352966
-0.354496
-0.354496
-0.363516
-0.363516
-0.373065
-0.373065
-0.377789
-0.377789
-0.381817
-0.381817
-0.388312
-0.388312
-0.394344
-0.394344
-0.396839
-0.396839
-0.40502
-0.40502
-0.409233
-0.409233
-0.42013
-0.42013
-0.424368
-0.424368
-0.428323
-0.428323
-0.429024
-0.429024
-0.433111
-0.433111
-0.442842
-0.442842
-0.449591
-0.449591
-0.453596
-0.453596
-0.463692
-0.463692
-0.466857
-0.466857
-0.477983
-0.477983
-0.478542
-0.478542
-0.478907
-0.478907
-0.479256
-0.479256
-0.484797
-0.484797
-0.488384
-0.488384
-0.492701
-0.492701
-0.498341
-0.498341
-0.507602
-0.507602
-0.512067
-0.512067
-0.513786
-0.513786
-0.540845
-0.540845
-0.549383
-0.549383
-0.572366
-0.572366
-0.625937
-0.625937
