n=16
J=0.707107
eta=1.09091
mu=0.1
beta-optimal=0
max-overlap=0
-0.159133
-0.159133
-0.162165
-0.162165
-0.162793
-0.162793
-0.16328
-0.16328
-0.165372
-0.165372
-0.167376
-0.167376
-0.170802
-0.170802
-0.175106
-0.175106
-0.182585
-0.182585
-0.184391
-0.184391
-0.189344
-0.189344
-0.191019
-0.191019
-0.194789
-0.194789
-0.196546
-0.196546
-0.199521
-0.199521
-0.202603
-0.202603
-0.213174
-0.213174
-0.215969
-0.215969
-0.2165
-0.2165
-0.222624
-0.222624
-0.226056
-0.226056
-0.226937
-0.226937
-0.227594
-0.227594
-0.234423
-0.234423
-0.238838
-0.238838
-0.24863
-0.24863
-0.249774
-0.249774
-0.254364
-0.254364
-0.257876
-0.257876
-0.2584
-0.2584
-0.260112
-0.260112
-0.269529
-0.269529
-0.269936
-0.269936
-0.274285
-0.274285
-0.281391
-0.281391
-0.285684
-0.285684
-0.30714
-0.30714
-0.310119
-0.310119
-0.310498
-0.310498
-0.310557
-0.310557
-0.31187
-0.31187
-0.313345
-0.313345
-0.317444
-0.317444
-0.322359
-0.322359
-0.322616
-0.322616
-0.327012
-0.327012
-0.327611
-0.327611
-0.330568
-0.330568
-0.335076
-0.335076
-0.338996
-0.338996
-0.344011
-0.344011
-0.345832
-0.345832
-0.428323
-0.428323
-0.443278
-0.443278
-0.448207
-0.448207
-0.449608
-0.449608
-0.453419
-0.453419
-0.454987
-0.454987
-0.456909
-0.456909
-0.456981
-0.456981
-0.458943
-0.458943
-0.459729
-0.459729
-0.465066
-0.465066
-0.467036
-0.467036
-0.470593
-0.470593
-0.473792
-0.473792
-0.476276
-0.476276
-0.478542
-0.478542
-0.480176
-0.480176
-0.481934
-0.481934
-0.519601
-0.519601
-0.519847
-0.519847
-0.521366
-0.521366
-0.523371
-0.523371
-0.525543
-0.525543
-0.526437
-0.526437
-0.535
-0.535
-0.536901
-0.536901
-0.53741
-0.53741
-0.543998
-0.543998
-0.544368
-0.544368
-0.551853
-0.551853
-0.55881
-0.55881
-0.5611
-0.5611
-0.564167
-0.564167
-0.576807
-0.576807
-0.589835
-0.589835
-0.592867
-0.592867
-0.594419
-0.594419
-0.595612
-0.595612
-0.597204
-0.597204
-0.60479
-0.60479
-0.605695
-0.605695
-0.607753
-0.607753
-0.609267
-0.609267
-0.610999
-0.610999
-0.612432
-0.612432
-0.625465
-0.625465
-0.625937
-0.625937
-0.629867
-0.629867
