n=16
J=0.707107
eta=1.11111
mu=0.1
beta-optimal=0
max-overlap=0
-0.1608
-0.1608
-0.163932
-0.163932
-0.164147
-0.164147
-0.165184
-0.165184
-0.166851
-0.166851
-0.167376
-0.167376
-0.172962
-0.172962
-0.176417
-0.176417
-0.184487
-0.184487
-0.185347
-0.185347
-0.190933
-0.190933
-0.191002
-0.191002
-0.196907
-0.196907
-0.198831
-0.198831
-0.201526
-0.201526
-0.205123
-0.205123
-0.214958
-0.214958
-0.217561
-0.217561
-0.218203
-0.218203
-0.223947
-0.223947
-0.227594
-0.227594
-0.228104
-0.228104
-0.228732
-0.228732
-0.236089
-0.236089
-0.240743
-0.240743
-0.250112
-0.250112
-0.250927
-0.250927
-0.258115
-0.258115
-0.259617
-0.259617
-0.260539
-0.260539
-0.262711
-0.262711
-0.271108
-0.271108
-0.273714
-0.273714
-0.277283
-0.277283
-0.286013
-0.286013
-0.290339
-0.290339
-0.309252
-0.309252
-0.310498
-0.310498
-0.311534
-0.311534
-0.311582
-0.311582
-0.313473
-0.313473
-0.314794
-0.314794
-0.319647
-0.319647
-0.324562
-0.324562
-0.325128
-0.325128
-0.329821
-0.329821
-0.331976
-0.331976
-0.333043
-0.333043
-0.338682
-0.338682
-0.343682
-0.343682
-0.350109
-0.350109
-0.352432
-0.352432
-0.428323
-0.428323
-0.444585
-0.444585
-0.449299
-0.449299
-0.452968
-0.452968
-0.456681
-0.456681
-0.458577
-0.458577
-0.460724
-0.460724
-0.461178
-0.461178
-0.462559
-0.462559
-0.46376
-0.46376
-0.468758
-0.468758
-0.472206
-0.472206
-0.478075
-0.478075
-0.478266
-0.478266
-0.478542
-0.478542
-0.483548
-0.483548
-0.484991
-0.484991
-0.487287
-0.487287
-0.523674
-0.523674
-0.524306
-0.524306
-0.52562
-0.52562
-0.527391
-0.527391
-0.532361
-0.532361
-0.533201
-0.533201
-0.536228
-0.536228
-0.541017
-0.541017
-0.541623
-0.541623
-0.548985
-0.548985
-0.549214
-0.549214
-0.55245
-0.55245
-0.565919
-0.565919
-0.566634
-0.566634
-0.56905
-0.56905
-0.579428
-0.579428
-0.593324
-0.593324
-0.594311
-0.594311
-0.600149
-0.600149
-0.601377
-0.601377
-0.603618
-0.603618
-0.609414
-0.609414
-0.612684
-0.612684
-0.614527
-0.614527
-0.616551
-0.616551
-0.618157
-0.618157
-0.61894
-0.61894
-0.625937
-0.625937
-0.633144
-0.633144
-0.638276
-0.638276
