n=16
J=0.707107
eta=1.55556
mu=0.2
beta-optimal=0
max-overlap=0
-0.204941
-0.204941
-0.212617
-0.212617
-0.213932
-0.213932
-0.217043
-0.217043
-0.222305
-0.222305
-0.229168
-0.229168
-0.234209
-0.234209
-0.234462
-0.234462
-0.24266
-0.24266
-0.243882
-0.243882
-0.260654
-0.260654
-0.261691
-0.261691
-0.262487
-0.262487
-0.273031
-0.273031
-0.28407
-0.28407
-0.286615
-0.286615
-0.295567
-0.295567
-0.301485
-0.301485
-0.303284
-0.303284
-0.313364
-0.313364
-0.326561
-0.326561
-0.328096
-0.328096
-0.331035
-0.331035
-0.334439
-0.334439
-0.342014
-0.342014
-0.345582
-0.345582
-0.350222
-0.350222
-0.354889
-0.354889
-0.366931
-0.366931
-0.372189
-0.372189
-0.374066
-0.374066
-0.382067
-0.382067
-0.383138
-0.383138
-0.38933
-0.38933
-0.39326
-0.39326
-0.405497
-0.405497
-0.414939
-0.414939
-0.41846
-0.41846
-0.422797
-0.422797
-0.423583
-0.423583
-0.442615
-0.442615
-0.456196
-0.456196
-0.456482
-0.456482
-0.47736
-0.47736
-0.478822
-0.478822
-0.48303
-0.48303
-0.487987
-0.487987
-0.490149
-0.490149
-0.49676
-0.49676
-0.507864
-0.507864
-0.50889
-0.50889
-0.519787
-0.519787
-0.524305
-0.524305
-0.527623
-0.527623
-0.552219
-0.552219
-0.552865
-0.552865
-0.557316
-0.557316
-0.56355
-0.56355
-0.56926
-0.56926
-0.574486
-0.574486
-0.591568
-0.591568
-0.606324
-0.606324
-0.607286
-0.607286
-0.635777
-0.635777
-0.639497
-0.639497
-0.642361
-0.642361
-0.642933
-0.642933
-0.65182
-0.65182
-0.655517
-0.655517
-0.665274
-0.665274
-0.668357
-0.668357
-0.67303
-0.67303
-0.677916
-0.677916
-0.681995
-0.681995
-0.687857
-0.687857
-0.698695
-0.698695
-0.722548
-0.722548
-0.729107
-0.729107
-0.730598
-0.730598
-0.737969
-0.737969
-0.757759
-0.757759
-0.762342
-0.762342
-0.785159
-0.785159
-0.792935
-0.792935
-0.806703
-0.806703
-0.818009
-0.818009
-0.821813
-0.821813
-0.82904
-0.82904
-0.860864
-0.860864
-0.881292
-0.881292
-0.891773
-0.891773
-0.896557
-0.896557
-0.90951
-0.90951
-0.922009
-0.922009
-0.925371
-0.925371
-0.932124
-0.932124
-0.94374
-0.94374
-0.953512
-0.953512
-0.981476
-0.981476
-1.00545
-1.00545
