n=16
J=0.707107
eta=1.00909
mu=0.2
beta-optimal=0
max-overlap=0
-0.167383
-0.167383
-0.172981
-0.172981
-0.174905
-0.174905
-0.177922
-0.177922
-0.182014
-0.182014
-0.19503
-0.19503
-0.195617
-0.195617
-0.203289
-0.203289
-0.210064
-0.210064
-0.215808
-0.215808
-0.223173
-0.223173
-0.227265
-0.227265
-0.229543
-0.229543
-0.230104
-0.230104
-0.234209
-0.234209
-0.239247
-0.239247
-0.240764
-0.240764
-0.241673
-0.241673
-0.254915
-0.254915
-0.256367
-0.256367
-0.262211
-0.262211
-0.262321
-0.262321
-0.272661
-0.272661
-0.283337
-0.283337
-0.285196
-0.285196
-0.290984
-0.290984
-0.294206
-0.294206
-0.30198
-0.30198
-0.306106
-0.306106
-0.312603
-0.312603
-0.317222
-0.317222
-0.32551
-0.32551
-0.332119
-0.332119
-0.333807
-0.333807
-0.342014
-0.342014
-0.349758
-0.349758
-0.355066
-0.355066
-0.356578
-0.356578
-0.361817
-0.361817
-0.364523
-0.364523
-0.366451
-0.366451
-0.377158
-0.377158
-0.382002
-0.382002
-0.38473
-0.38473
-0.395713
-0.395713
-0.403646
-0.403646
-0.406549
-0.406549
-0.415544
-0.415544
-0.41846
-0.41846
-0.428095
-0.428095
-0.434577
-0.434577
-0.434751
-0.434751
-0.444665
-0.444665
-0.456825
-0.456825
-0.466091
-0.466091
-0.476883
-0.476883
-0.477844
-0.477844
-0.478822
-0.478822
-0.48706
-0.48706
-0.498426
-0.498426
-0.502388
-0.502388
-0.504706
-0.504706
-0.509024
-0.509024
-0.513799
-0.513799
-0.514426
-0.514426
-0.52734
-0.52734
-0.529907
-0.529907
-0.537602
-0.537602
-0.537914
-0.537914
-0.544645
-0.544645
-0.556563
-0.556563
-0.559711
-0.559711
-0.573946
-0.573946
-0.574507
-0.574507
-0.579411
-0.579411
-0.580657
-0.580657
-0.61483
-0.61483
-0.620647
-0.620647
-0.6341
-0.6341
-0.636851
-0.636851
-0.639143
-0.639143
-0.644752
-0.644752
-0.653189
-0.653189
-0.659545
-0.659545
-0.701575
-0.701575
-0.706189
-0.706189
-0.716946
-0.716946
-0.719295
-0.719295
-0.724465
-0.724465
-0.731081
-0.731081
-0.754272
-0.754272
-0.754307
-0.754307
-0.755738
-0.755738
-0.782519
-0.782519
-0.785303
-0.785303
-0.787724
-0.787724
-0.789294
-0.789294
-0.799903
-0.799903
-0.803333
-0.803333
-0.932124
-0.932124
