n=16
J=0.707107
eta=1.02606
mu=0.1
beta-optimal=0
max-overlap=0
-0.152966
-0.152966
-0.155864
-0.155864
-0.158212
-0.158212
-0.15866
-0.15866
-0.162087
-0.162087
-0.165927
-0.165927
-0.167376
-0.167376
-0.171871
-0.171871
-0.174786
-0.174786
-0.181742
-0.181742
-0.183391
-0.183391
-0.187253
-0.187253
-0.188844
-0.188844
-0.190194
-0.190194
-0.192987
-0.192987
-0.194001
-0.194001
-0.208837
-0.208837
-0.20943
-0.20943
-0.212041
-0.212041
-0.215485
-0.215485
-0.219328
-0.219328
-0.224509
-0.224509
-0.227594
-0.227594
-0.228668
-0.228668
-0.234641
-0.234641
-0.242609
-0.242609
-0.242829
-0.242829
-0.244512
-0.244512
-0.251606
-0.251606
-0.252741
-0.252741
-0.254366
-0.254366
-0.259544
-0.259544
-0.264407
-0.264407
-0.266858
-0.266858
-0.270108
-0.270108
-0.271954
-0.271954
-0.300008
-0.300008
-0.302217
-0.302217
-0.305201
-0.305201
-0.308962
-0.308962
-0.309336
-0.309336
-0.31002
-0.31002
-0.310498
-0.310498
-0.310954
-0.310954
-0.315399
-0.315399
-0.317732
-0.317732
-0.318964
-0.318964
-0.322094
-0.322094
-0.323589
-0.323589
-0.327049
-0.327049
-0.327282
-0.327282
-0.329494
-0.329494
-0.428323
-0.428323
-0.438264
-0.438264
-0.438401
-0.438401
-0.44055
-0.44055
-0.442006
-0.442006
-0.442526
-0.442526
-0.443821
-0.443821
-0.444855
-0.444855
-0.445163
-0.445163
-0.446271
-0.446271
-0.446644
-0.446644
-0.448044
-0.448044
-0.450325
-0.450325
-0.451102
-0.451102
-0.460206
-0.460206
-0.462287
-0.462287
-0.478542
-0.478542
-0.47914
-0.47914
-0.501551
-0.501551
-0.501866
-0.501866
-0.505017
-0.505017
-0.506194
-0.506194
-0.509599
-0.509599
-0.511961
-0.511961
-0.521909
-0.521909
-0.522289
-0.522289
-0.527272
-0.527272
-0.527757
-0.527757
-0.533486
-0.533486
-0.535326
-0.535326
-0.536183
-0.536183
-0.549189
-0.549189
-0.557936
-0.557936
-0.569056
-0.569056
-0.576146
-0.576146
-0.576371
-0.576371
-0.578227
-0.578227
-0.57846
-0.57846
-0.580432
-0.580432
-0.582669
-0.582669
-0.589668
-0.589668
-0.590496
-0.590496
-0.592113
-0.592113
-0.59414
-0.59414
-0.594927
-0.594927
-0.601484
-0.601484
-0.6039
-0.6039
-0.625937
-0.625937
