n=16
J=0.707107
eta=1.00061
mu=0.1
beta-optimal=0
max-overlap=0
-0.152739
-0.152739
-0.152955
-0.152955
-0.156542
-0.156542
-0.157282
-0.157282
-0.161203
-0.161203
-0.164523
-0.164523
-0.167376
-0.167376
-0.170832
-0.170832
-0.171584
-0.171584
-0.180223
-0.180223
-0.180992
-0.180992
-0.184042
-0.184042
-0.185764
-0.185764
-0.188003
-0.188003
-0.190808
-0.190808
-0.191642
-0.191642
-0.206496
-0.206496
-0.208085
-0.208085
-0.210149
-0.210149
-0.212257
-0.212257
-0.216698
-0.216698
-0.224237
-0.224237
-0.226125
-0.226125
-0.227594
-0.227594
-0.232816
-0.232816
-0.239065
-0.239065
-0.240229
-0.240229
-0.242148
-0.242148
-0.248214
-0.248214
-0.251223
-0.251223
-0.253327
-0.253327
-0.255574
-0.255574
-0.261037
-0.261037
-0.264458
-0.264458
-0.267957
-0.267957
-0.268362
-0.268362
-0.296728
-0.296728
-0.298783
-0.298783
-0.301403
-0.301403
-0.305361
-0.305361
-0.306754
-0.306754
-0.307561
-0.307561
-0.307954
-0.307954
-0.310498
-0.310498
-0.312414
-0.312414
-0.314773
-0.314773
-0.316157
-0.316157
-0.318571
-0.318571
-0.318775
-0.318775
-0.322939
-0.322939
-0.323763
-0.323763
-0.326555
-0.326555
-0.428323
-0.428323
-0.432137
-0.432137
-0.433033
-0.433033
-0.434279
-0.434279
-0.434496
-0.434496
-0.437493
-0.437493
-0.438077
-0.438077
-0.438572
-0.438572
-0.438941
-0.438941
-0.44014
-0.44014
-0.44222
-0.44222
-0.443045
-0.443045
-0.443306
-0.443306
-0.44658
-0.44658
-0.453909
-0.453909
-0.457898
-0.457898
-0.478542
-0.478542
-0.478793
-0.478793
-0.492487
-0.492487
-0.492538
-0.492538
-0.499078
-0.499078
-0.500001
-0.500001
-0.505326
-0.505326
-0.507577
-0.507577
-0.513385
-0.513385
-0.514505
-0.514505
-0.520764
-0.520764
-0.521215
-0.521215
-0.526534
-0.526534
-0.528667
-0.528667
-0.532947
-0.532947
-0.547639
-0.547639
-0.556297
-0.556297
-0.566277
-0.566277
-0.566784
-0.566784
-0.56803
-0.56803
-0.571506
-0.571506
-0.572381
-0.572381
-0.573896
-0.573896
-0.576468
-0.576468
-0.585035
-0.585035
-0.585998
-0.585998
-0.587972
-0.587972
-0.588331
-0.588331
-0.588406
-0.588406
-0.592446
-0.592446
-0.594176
-0.594176
-0.625937
-0.625937
