n=16
J=0.707107
eta=1.18727
mu=0.2
beta-optimal=0
max-overlap=0
-0.174225
-0.174225
-0.182689
-0.182689
-0.186402
-0.186402
-0.192291
-0.192291
-0.204023
-0.204023
-0.205718
-0.205718
-0.215
-0.215
-0.217219
-0.217219
-0.217689
-0.217689
-0.225407
-0.225407
-0.234209
-0.234209
-0.237011
-0.237011
-0.242014
-0.242014
-0.246752
-0.246752
-0.248365
-0.248365
-0.251501
-0.251501
-0.257104
-0.257104
-0.258678
-0.258678
-0.261639
-0.261639
-0.269702
-0.269702
-0.282564
-0.282564
-0.285047
-0.285047
-0.294987
-0.294987
-0.301254
-0.301254
-0.303015
-0.303015
-0.306292
-0.306292
-0.308715
-0.308715
-0.318831
-0.318831
-0.319794
-0.319794
-0.326064
-0.326064
-0.326943
-0.326943
-0.342014
-0.342014
-0.344535
-0.344535
-0.345359
-0.345359
-0.353127
-0.353127
-0.364739
-0.364739
-0.37298
-0.37298
-0.3837
-0.3837
-0.385112
-0.385112
-0.389418
-0.389418
-0.39424
-0.39424
-0.396206
-0.396206
-0.404425
-0.404425
-0.417838
-0.417838
-0.41846
-0.41846
-0.418848
-0.418848
-0.431419
-0.431419
-0.434965
-0.434965
-0.443894
-0.443894
-0.448859
-0.448859
-0.45914
-0.45914
-0.461089
-0.461089
-0.475204
-0.475204
-0.478147
-0.478147
-0.478822
-0.478822
-0.504876
-0.504876
-0.512709
-0.512709
-0.516193
-0.516193
-0.518511
-0.518511
-0.522306
-0.522306
-0.526295
-0.526295
-0.530038
-0.530038
-0.535649
-0.535649
-0.542483
-0.542483
-0.550217
-0.550217
-0.557422
-0.557422
-0.56868
-0.56868
-0.582521
-0.582521
-0.589633
-0.589633
-0.589908
-0.589908
-0.595676
-0.595676
-0.596462
-0.596462
-0.597468
-0.597468
-0.60032
-0.60032
-0.600833
-0.600833
-0.609602
-0.609602
-0.635499
-0.635499
-0.646862
-0.646862
-0.664661
-0.664661
-0.665059
-0.665059
-0.678862
-0.678862
-0.680262
-0.680262
-0.704123
-0.704123
-0.706378
-0.706378
-0.751307
-0.751307
-0.754919
-0.754919
-0.756598
-0.756598
-0.760625
-0.760625
-0.762656
-0.762656
-0.771795
-0.771795
-0.7727
-0.7727
-0.773763
-0.773763
-0.775689
-0.775689
-0.815952
-0.815952
-0.82245
-0.82245
-0.825743
-0.825743
-0.828813
-0.828813
-0.854269
-0.854269
-0.861636
-0.861636
-0.932124
-0.932124
