n=16
J=0.707107
eta=1.12364
mu=0.2
beta-optimal=0
max-overlap=0
-0.171616
-0.171616
-0.180539
-0.180539
-0.181746
-0.181746
-0.184126
-0.184126
-0.196546
-0.196546
-0.201747
-0.201747
-0.208824
-0.208824
-0.213269
-0.213269
-0.214821
-0.214821
-0.224452
-0.224452
-0.231332
-0.231332
-0.234209
-0.234209
-0.236683
-0.236683
-0.238964
-0.238964
-0.242949
-0.242949
-0.245275
-0.245275
-0.25082
-0.25082
-0.25424
-0.25424
-0.258096
-0.258096
-0.264705
-0.264705
-0.275085
-0.275085
-0.278099
-0.278099
-0.286504
-0.286504
-0.295405
-0.295405
-0.296388
-0.296388
-0.30007
-0.30007
-0.301616
-0.301616
-0.312349
-0.312349
-0.313381
-0.313381
-0.321348
-0.321348
-0.32158
-0.32158
-0.338343
-0.338343
-0.341133
-0.341133
-0.342014
-0.342014
-0.344701
-0.344701
-0.360959
-0.360959
-0.365933
-0.365933
-0.374199
-0.374199
-0.374364
-0.374364
-0.382986
-0.382986
-0.387087
-0.387087
-0.390001
-0.390001
-0.390555
-0.390555
-0.404828
-0.404828
-0.412894
-0.412894
-0.41846
-0.41846
-0.421135
-0.421135
-0.422398
-0.422398
-0.434382
-0.434382
-0.439745
-0.439745
-0.450151
-0.450151
-0.451843
-0.451843
-0.463974
-0.463974
-0.477882
-0.477882
-0.478822
-0.478822
-0.492624
-0.492624
-0.497783
-0.497783
-0.503377
-0.503377
-0.509306
-0.509306
-0.511473
-0.511473
-0.513679
-0.513679
-0.520524
-0.520524
-0.524236
-0.524236
-0.530809
-0.530809
-0.536358
-0.536358
-0.546478
-0.546478
-0.554525
-0.554525
-0.568185
-0.568185
-0.572193
-0.572193
-0.573098
-0.573098
-0.578439
-0.578439
-0.581057
-0.581057
-0.587638
-0.587638
-0.590596
-0.590596
-0.592043
-0.592043
-0.598531
-0.598531
-0.634927
-0.634927
-0.646022
-0.646022
-0.650271
-0.650271
-0.651704
-0.651704
-0.663733
-0.663733
-0.665351
-0.665351
-0.685177
-0.685177
-0.687185
-0.687185
-0.738463
-0.738463
-0.739477
-0.739477
-0.742212
-0.742212
-0.744301
-0.744301
-0.748352
-0.748352
-0.753208
-0.753208
-0.759408
-0.759408
-0.765923
-0.765923
-0.766749
-0.766749
-0.803611
-0.803611
-0.808785
-0.808785
-0.811535
-0.811535
-0.814234
-0.814234
-0.834209
-0.834209
-0.839942
-0.839942
-0.932124
-0.932124
