n=16
J=0.707107
eta=1.09091
mu=0.2
beta-optimal=0
max-overlap=0
-0.17038
-0.17038
-0.179503
-0.179503
-0.179596
-0.179596
-0.18048
-0.18048
-0.192535
-0.192535
-0.19962
-0.19962
-0.205371
-0.205371
-0.210717
-0.210717
-0.213585
-0.213585
-0.22404
-0.22404
-0.227424
-0.227424
-0.233964
-0.233964
-0.234209
-0.234209
-0.23583
-0.23583
-0.238849
-0.238849
-0.243467
-0.243467
-0.247843
-0.247843
-0.250465
-0.250465
-0.257886
-0.257886
-0.262177
-0.262177
-0.271286
-0.271286
-0.274175
-0.274175
-0.282123
-0.282123
-0.291509
-0.291509
-0.293527
-0.293527
-0.29675
-0.29675
-0.299284
-0.299284
-0.308916
-0.308916
-0.310985
-0.310985
-0.318752
-0.318752
-0.319891
-0.319891
-0.334705
-0.334705
-0.338783
-0.338783
-0.341207
-0.341207
-0.342014
-0.342014
-0.359221
-0.359221
-0.361994
-0.361994
-0.369167
-0.369167
-0.36947
-0.36947
-0.378417
-0.378417
-0.382621
-0.382621
-0.384
-0.384
-0.388964
-0.388964
-0.398203
-0.398203
-0.410091
-0.410091
-0.413916
-0.413916
-0.417857
-0.417857
-0.41846
-0.41846
-0.429136
-0.429136
-0.436036
-0.436036
-0.445641
-0.445641
-0.447036
-0.447036
-0.458318
-0.458318
-0.477859
-0.477859
-0.478822
-0.478822
-0.484683
-0.484683
-0.488021
-0.488021
-0.495835
-0.495835
-0.500994
-0.500994
-0.507168
-0.507168
-0.510479
-0.510479
-0.517563
-0.517563
-0.520967
-0.520967
-0.524044
-0.524044
-0.529523
-0.529523
-0.541089
-0.541089
-0.547335
-0.547335
-0.56112
-0.56112
-0.562023
-0.562023
-0.562632
-0.562632
-0.571823
-0.571823
-0.574479
-0.574479
-0.58343
-0.58343
-0.585737
-0.585737
-0.588182
-0.588182
-0.593159
-0.593159
-0.634667
-0.634667
-0.641453
-0.641453
-0.643973
-0.643973
-0.645631
-0.645631
-0.655944
-0.655944
-0.657653
-0.657653
-0.675354
-0.675354
-0.678537
-0.678537
-0.729388
-0.729388
-0.730107
-0.730107
-0.735595
-0.735595
-0.73617
-0.73617
-0.739337
-0.739337
-0.745037
-0.745037
-0.757808
-0.757808
-0.762493
-0.762493
-0.763434
-0.763434
-0.797439
-0.797439
-0.801919
-0.801919
-0.804513
-0.804513
-0.806939
-0.806939
-0.824161
-0.824161
-0.829159
-0.829159
-0.932124
-0.932124
