n=16
J=0.707107
eta=1.17172
mu=0.1
beta-optimal=0
max-overlap=0
-0.164464
-0.164464
-0.167376
-0.167376
-0.167832
-0.167832
-0.168813
-0.168813
-0.171592
-0.171592
-0.172285
-0.172285
-0.181266
-0.181266
-0.181882
-0.181882
-0.187446
-0.187446
-0.189484
-0.189484
-0.190676
-0.190676
-0.196661
-0.196661
-0.202775
-0.202775
-0.205008
-0.205008
-0.206948
-0.206948
-0.211656
-0.211656
-0.219738
-0.219738
-0.221614
-0.221614
-0.224888
-0.224888
-0.227594
-0.227594
-0.227855
-0.227855
-0.234298
-0.234298
-0.234365
-0.234365
-0.241049
-0.241049
-0.248692
-0.248692
-0.253113
-0.253113
-0.253956
-0.253956
-0.265233
-0.265233
-0.266859
-0.266859
-0.268719
-0.268719
-0.273254
-0.273254
-0.277757
-0.277757
-0.286099
-0.286099
-0.288097
-0.288097
-0.300905
-0.300905
-0.304238
-0.304238
-0.310498
-0.310498
-0.314069
-0.314069
-0.314176
-0.314176
-0.315657
-0.315657
-0.319373
-0.319373
-0.321244
-0.321244
-0.326744
-0.326744
-0.331842
-0.331842
-0.332456
-0.332456
-0.3383
-0.3383
-0.341195
-0.341195
-0.34594
-0.34594
-0.350503
-0.350503
-0.359086
-0.359086
-0.369217
-0.369217
-0.373941
-0.373941
-0.428323
-0.428323
-0.448543
-0.448543
-0.452555
-0.452555
-0.462749
-0.462749
-0.465028
-0.465028
-0.468463
-0.468463
-0.472162
-0.472162
-0.472671
-0.472671
-0.472707
-0.472707
-0.476468
-0.476468
-0.47675
-0.47675
-0.478542
-0.478542
-0.485044
-0.485044
-0.489006
-0.489006
-0.500156
-0.500156
-0.500636
-0.500636
-0.506244
-0.506244
-0.509511
-0.509511
-0.533831
-0.533831
-0.536258
-0.536258
-0.537619
-0.537619
-0.539492
-0.539492
-0.541457
-0.541457
-0.552518
-0.552518
-0.553082
-0.553082
-0.554044
-0.554044
-0.554759
-0.554759
-0.555692
-0.555692
-0.563046
-0.563046
-0.563965
-0.563965
-0.575546
-0.575546
-0.585165
-0.585165
-0.58796
-0.58796
-0.590889
-0.590889
-0.59807
-0.59807
-0.604711
-0.604711
-0.61887
-0.61887
-0.619995
-0.619995
-0.62387
-0.62387
-0.625852
-0.625852
-0.625937
-0.625937
-0.627823
-0.627823
-0.633849
-0.633849
-0.636313
-0.636313
-0.642382
-0.642382
-0.649696
-0.649696
-0.656647
-0.656647
-0.664378
-0.664378
