n=16
J=0.707107
eta=1.61616
mu=0.1
beta-optimal=0
max-overlap=0
-0.186755
-0.186755
-0.194424
-0.194424
-0.197187
-0.197187
-0.20119
-0.20119
-0.204853
-0.204853
-0.209522
-0.209522
-0.213633
-0.213633
-0.217571
-0.217571
-0.224941
-0.224941
-0.227594
-0.227594
-0.231905
-0.231905
-0.2334
-0.2334
-0.243175
-0.243175
-0.246043
-0.246043
-0.250684
-0.250684
-0.250884
-0.250884
-0.255497
-0.255497
-0.26611
-0.26611
-0.267232
-0.267232
-0.272875
-0.272875
-0.279116
-0.279116
-0.284735
-0.284735
-0.286328
-0.286328
-0.292276
-0.292276
-0.298403
-0.298403
-0.305712
-0.305712
-0.309707
-0.309707
-0.310498
-0.310498
-0.330393
-0.330393
-0.332409
-0.332409
-0.333427
-0.333427
-0.347007
-0.347007
-0.352312
-0.352312
-0.354373
-0.354373
-0.358008
-0.358008
-0.373452
-0.373452
-0.374326
-0.374326
-0.376164
-0.376164
-0.389165
-0.389165
-0.393038
-0.393038
-0.394282
-0.394282
-0.39795
-0.39795
-0.420831
-0.420831
-0.427966
-0.427966
-0.428323
-0.428323
-0.435862
-0.435862
-0.443251
-0.443251
-0.452045
-0.452045
-0.460885
-0.460885
-0.471749
-0.471749
-0.474073
-0.474073
-0.478334
-0.478334
-0.478542
-0.478542
-0.490082
-0.490082
-0.497273
-0.497273
-0.507737
-0.507737
-0.526932
-0.526932
-0.527921
-0.527921
-0.533874
-0.533874
-0.534641
-0.534641
-0.541574
-0.541574
-0.546599
-0.546599
-0.554456
-0.554456
-0.556502
-0.556502
-0.565365
-0.565365
-0.579587
-0.579587
-0.581995
-0.581995
-0.595577
-0.595577
-0.597707
-0.597707
-0.606447
-0.606447
-0.614963
-0.614963
-0.616722
-0.616722
-0.625937
-0.625937
-0.630506
-0.630506
-0.636158
-0.636158
-0.638524
-0.638524
-0.644267
-0.644267
-0.646328
-0.646328
-0.653001
-0.653001
-0.654701
-0.654701
-0.66353
-0.66353
-0.666099
-0.666099
-0.67734
-0.67734
-0.692175
-0.692175
-0.698177
-0.698177
-0.704649
-0.704649
-0.70649
-0.70649
-0.715515
-0.715515
-0.734013
-0.734013
-0.749038
-0.749038
-0.775584
-0.775584
-0.778488
-0.778488
-0.785921
-0.785921
-0.808024
-0.808024
-0.809133
-0.809133
-0.827143
-0.827143
-0.842162
-0.842162
-0.884778
-0.884778
-0.888363
-0.888363
-0.906742
-0.906742
