n=16
J=0.707107
eta=1.02818
mu=0.1
beta-optimal=0
max-overlap=0
-0.153173
-0.153173
-0.156097
-0.156097
-0.158355
-0.158355
-0.158781
-0.158781
-0.16217
-0.16217
-0.166052
-0.166052
-0.167376
-0.167376
-0.171962
-0.171962
-0.175058
-0.175058
-0.181819
-0.181819
-0.183625
-0.183625
-0.187514
-0.187514
-0.189099
-0.189099
-0.190303
-0.190303
-0.193156
-0.193156
-0.194275
-0.194275
-0.208999
-0.208999
-0.209585
-0.209585
-0.212196
-0.212196
-0.21576
-0.21576
-0.21955
-0.21955
-0.224532
-0.224532
-0.227594
-0.227594
-0.228871
-0.228871
-0.234774
-0.234774
-0.242942
-0.242942
-0.24304
-0.24304
-0.244707
-0.244707
-0.251897
-0.251897
-0.252878
-0.252878
-0.254461
-0.254461
-0.25987
-0.25987
-0.264649
-0.264649
-0.267048
-0.267048
-0.270323
-0.270323
-0.272348
-0.272348
-0.300258
-0.300258
-0.302494
-0.302494
-0.305475
-0.305475
-0.309107
-0.309107
-0.309466
-0.309466
-0.310244
-0.310244
-0.310498
-0.310498
-0.311396
-0.311396
-0.315646
-0.315646
-0.317962
-0.317962
-0.319215
-0.319215
-0.322386
-0.322386
-0.323993
-0.323993
-0.327474
-0.327474
-0.327596
-0.327596
-0.329834
-0.329834
-0.428323
-0.428323
-0.438625
-0.438625
-0.438662
-0.438662
-0.441035
-0.441035
-0.442572
-0.442572
-0.442999
-0.442999
-0.444245
-0.444245
-0.445081
-0.445081
-0.445669
-0.445669
-0.446931
-0.446931
-0.447072
-0.447072
-0.44883
-0.44883
-0.450947
-0.450947
-0.451543
-0.451543
-0.460636
-0.460636
-0.462774
-0.462774
-0.478542
-0.478542
-0.479176
-0.479176
-0.502288
-0.502288
-0.502639
-0.502639
-0.505513
-0.505513
-0.506728
-0.506728
-0.509961
-0.509961
-0.512328
-0.512328
-0.52252
-0.52252
-0.522866
-0.522866
-0.527823
-0.527823
-0.528323
-0.528323
-0.533531
-0.533531
-0.536095
-0.536095
-0.536876
-0.536876
-0.549304
-0.549304
-0.558094
-0.558094
-0.569294
-0.569294
-0.576766
-0.576766
-0.577106
-0.577106
-0.578707
-0.578707
-0.579009
-0.579009
-0.581094
-0.581094
-0.583314
-0.583314
-0.589777
-0.589777
-0.590953
-0.590953
-0.592623
-0.592623
-0.594665
-0.594665
-0.595482
-0.595482
-0.602249
-0.602249
-0.604723
-0.604723
-0.625937
-0.625937
