n=16
J=0.707107
eta=1.03242
mu=0.2
beta-optimal=0
max-overlap=0
-0.168216
-0.168216
-0.174926
-0.174926
-0.176097
-0.176097
-0.178262
-0.178262
-0.185067
-0.185067
-0.196166
-0.196166
-0.198553
-0.198553
-0.205565
-0.205565
-0.211168
-0.211168
-0.219229
-0.219229
-0.223399
-0.223399
-0.229161
-0.229161
-0.23154
-0.23154
-0.231991
-0.231991
-0.234209
-0.234209
-0.240406
-0.240406
-0.24296
-0.24296
-0.24387
-0.24387
-0.25701
-0.25701
-0.257272
-0.257272
-0.264782
-0.264782
-0.265842
-0.265842
-0.275098
-0.275098
-0.285341
-0.285341
-0.28767
-0.28767
-0.292319
-0.292319
-0.295541
-0.295541
-0.303746
-0.303746
-0.307332
-0.307332
-0.314333
-0.314333
-0.31779
-0.31779
-0.328046
-0.328046
-0.334146
-0.334146
-0.335842
-0.335842
-0.342014
-0.342014
-0.353495
-0.353495
-0.356321
-0.356321
-0.359969
-0.359969
-0.363517
-0.363517
-0.369591
-0.369591
-0.369843
-0.369843
-0.379126
-0.379126
-0.386047
-0.386047
-0.386556
-0.386556
-0.400911
-0.400911
-0.405434
-0.405434
-0.409777
-0.409777
-0.41846
-0.41846
-0.419499
-0.419499
-0.430249
-0.430249
-0.437713
-0.437713
-0.4383
-0.4383
-0.448497
-0.448497
-0.464898
-0.464898
-0.472644
-0.472644
-0.477845
-0.477845
-0.478822
-0.478822
-0.48155
-0.48155
-0.490644
-0.490644
-0.500874
-0.500874
-0.504808
-0.504808
-0.510421
-0.510421
-0.511741
-0.511741
-0.515744
-0.515744
-0.518566
-0.518566
-0.531325
-0.531325
-0.534782
-0.534782
-0.544309
-0.544309
-0.544512
-0.544512
-0.549156
-0.549156
-0.56077
-0.56077
-0.563741
-0.563741
-0.576509
-0.576509
-0.577596
-0.577596
-0.58179
-0.58179
-0.584091
-0.584091
-0.622991
-0.622991
-0.62783
-0.62783
-0.63425
-0.63425
-0.642333
-0.642333
-0.644321
-0.644321
-0.644989
-0.644989
-0.659023
-0.659023
-0.664698
-0.664698
-0.709446
-0.709446
-0.713061
-0.713061
-0.722015
-0.722015
-0.723824
-0.723824
-0.72837
-0.72837
-0.734505
-0.734505
-0.755236
-0.755236
-0.756574
-0.756574
-0.75786
-0.75786
-0.7867
-0.7867
-0.789956
-0.789956
-0.792407
-0.792407
-0.794241
-0.794241
-0.80669
-0.80669
-0.810532
-0.810532
-0.932124
-0.932124
