n=16
J=0.707107
eta=1.19152
mu=0.2
beta-optimal=0
max-overlap=0
-0.174415
-0.174415
-0.182849
-0.182849
-0.186712
-0.186712
-0.192862
-0.192862
-0.204506
-0.204506
-0.205962
-0.205962
-0.2154
-0.2154
-0.217382
-0.217382
-0.217966
-0.217966
-0.22548
-0.22548
-0.234209
-0.234209
-0.237326
-0.237326
-0.242371
-0.242371
-0.247316
-0.247316
-0.248601
-0.248601
-0.252008
-0.252008
-0.257539
-0.257539
-0.258774
-0.258774
-0.262135
-0.262135
-0.270048
-0.270048
-0.283059
-0.283059
-0.285505
-0.285505
-0.295531
-0.295531
-0.301562
-0.301562
-0.303514
-0.303514
-0.306603
-0.306603
-0.30939
-0.30939
-0.319239
-0.319239
-0.320298
-0.320298
-0.326419
-0.326419
-0.327356
-0.327356
-0.342014
-0.342014
-0.344911
-0.344911
-0.345631
-0.345631
-0.353751
-0.353751
-0.365016
-0.365016
-0.373455
-0.373455
-0.384246
-0.384246
-0.385881
-0.385881
-0.389753
-0.389753
-0.394559
-0.394559
-0.396936
-0.396936
-0.405387
-0.405387
-0.41846
-0.41846
-0.418709
-0.418709
-0.419272
-0.419272
-0.432034
-0.432034
-0.435876
-0.435876
-0.444491
-0.444491
-0.449572
-0.449572
-0.459751
-0.459751
-0.461703
-0.461703
-0.475896
-0.475896
-0.478245
-0.478245
-0.478822
-0.478822
-0.505655
-0.505655
-0.513437
-0.513437
-0.516798
-0.516798
-0.519082
-0.519082
-0.523118
-0.523118
-0.526715
-0.526715
-0.530998
-0.530998
-0.537074
-0.537074
-0.543228
-0.543228
-0.551095
-0.551095
-0.558211
-0.558211
-0.569626
-0.569626
-0.5835
-0.5835
-0.590603
-0.590603
-0.590812
-0.590812
-0.597019
-0.597019
-0.597211
-0.597211
-0.598692
-0.598692
-0.600945
-0.600945
-0.601558
-0.601558
-0.61037
-0.61037
-0.635541
-0.635541
-0.646922
-0.646922
-0.66549
-0.66549
-0.665944
-0.665944
-0.679861
-0.679861
-0.681228
-0.681228
-0.705372
-0.705372
-0.707719
-0.707719
-0.752003
-0.752003
-0.755934
-0.755934
-0.757699
-0.757699
-0.761585
-0.761585
-0.763053
-0.763053
-0.773156
-0.773156
-0.773499
-0.773499
-0.774259
-0.774259
-0.77737
-0.77737
-0.816791
-0.816791
-0.823375
-0.823375
-0.826718
-0.826718
-0.829804
-0.829804
-0.85563
-0.85563
-0.863116
-0.863116
-0.932124
-0.932124
