n=16
J=0.707107
eta=1.05364
mu=0.1
beta-optimal=0
max-overlap=0
-0.155637
-0.155637
-0.158746
-0.158746
-0.160158
-0.160158
-0.160319
-0.160319
-0.163276
-0.163276
-0.167376
-0.167376
-0.167695
-0.167695
-0.173113
-0.173113
-0.178291
-0.178291
-0.182781
-0.182781
-0.186197
-0.186197
-0.190477
-0.190477
-0.191059
-0.191059
-0.192148
-0.192148
-0.195626
-0.195626
-0.197648
-0.197648
-0.21057
-0.21057
-0.211993
-0.211993
-0.214045
-0.214045
-0.218982
-0.218982
-0.222212
-0.222212
-0.224972
-0.224972
-0.227594
-0.227594
-0.231217
-0.231217
-0.236274
-0.236274
-0.245479
-0.245479
-0.246972
-0.246972
-0.247308
-0.247308
-0.254691
-0.254691
-0.255359
-0.255359
-0.255745
-0.255745
-0.263771
-0.263771
-0.266958
-0.266958
-0.269563
-0.269563
-0.273905
-0.273905
-0.277459
-0.277459
-0.303132
-0.303132
-0.305735
-0.305735
-0.308131
-0.308131
-0.310498
-0.310498
-0.310601
-0.310601
-0.310763
-0.310763
-0.313177
-0.313177
-0.316645
-0.316645
-0.31847
-0.31847
-0.320898
-0.320898
-0.322373
-0.322373
-0.325864
-0.325864
-0.328602
-0.328602
-0.331565
-0.331565
-0.333484
-0.333484
-0.335185
-0.335185
-0.428323
-0.428323
-0.440747
-0.440747
-0.443242
-0.443242
-0.446084
-0.446084
-0.446535
-0.446535
-0.447832
-0.447832
-0.449315
-0.449315
-0.449735
-0.449735
-0.451462
-0.451462
-0.452681
-0.452681
-0.454751
-0.454751
-0.457359
-0.457359
-0.458225
-0.458225
-0.460059
-0.460059
-0.465287
-0.465287
-0.46963
-0.46963
-0.478542
-0.478542
-0.479727
-0.479727
-0.510485
-0.510485
-0.51119
-0.51119
-0.512135
-0.512135
-0.513722
-0.513722
-0.514422
-0.514422
-0.516787
-0.516787
-0.528916
-0.528916
-0.529221
-0.529221
-0.534068
-0.534068
-0.534446
-0.534446
-0.535105
-0.535105
-0.545264
-0.545264
-0.546223
-0.546223
-0.550514
-0.550514
-0.560244
-0.560244
-0.572232
-0.572232
-0.58318
-0.58318
-0.584076
-0.584076
-0.584947
-0.584947
-0.586281
-0.586281
-0.590224
-0.590224
-0.591106
-0.591106
-0.59269
-0.59269
-0.596484
-0.596484
-0.598744
-0.598744
-0.601111
-0.601111
-0.602227
-0.602227
-0.611543
-0.611543
-0.614746
-0.614746
-0.625937
-0.625937
