n=16
J=0.707107
eta=1.04515
mu=0.1
beta-optimal=0
max-overlap=0
-0.154818
-0.154818
-0.157894
-0.157894
-0.159534
-0.159534
-0.159791
-0.159791
-0.162883
-0.162883
-0.167114
-0.167114
-0.167376
-0.167376
-0.172715
-0.172715
-0.177225
-0.177225
-0.182448
-0.182448
-0.18539
-0.18539
-0.189549
-0.189549
-0.190861
-0.190861
-0.191133
-0.191133
-0.194746
-0.194746
-0.196511
-0.196511
-0.210067
-0.210067
-0.211132
-0.211132
-0.213435
-0.213435
-0.217938
-0.217938
-0.221326
-0.221326
-0.224779
-0.224779
-0.227594
-0.227594
-0.230452
-0.230452
-0.23578
-0.23578
-0.244688
-0.244688
-0.245788
-0.245788
-0.246238
-0.246238
-0.25405
-0.25405
-0.254218
-0.254218
-0.255284
-0.255284
-0.262463
-0.262463
-0.266296
-0.266296
-0.268666
-0.268666
-0.272519
-0.272519
-0.275691
-0.275691
-0.302193
-0.302193
-0.30467
-0.30467
-0.307369
-0.307369
-0.310209
-0.310209
-0.310285
-0.310285
-0.310498
-0.310498
-0.312175
-0.312175
-0.314942
-0.314942
-0.317559
-0.317559
-0.319848
-0.319848
-0.321297
-0.321297
-0.324718
-0.324718
-0.32711
-0.32711
-0.330171
-0.330171
-0.33132
-0.33132
-0.333169
-0.333169
-0.428323
-0.428323
-0.440111
-0.440111
-0.441747
-0.441747
-0.444773
-0.444773
-0.445504
-0.445504
-0.446143
-0.446143
-0.447617
-0.447617
-0.447967
-0.447967
-0.449701
-0.449701
-0.450774
-0.450774
-0.452176
-0.452176
-0.454724
-0.454724
-0.455871
-0.455871
-0.456559
-0.456559
-0.463729
-0.463729
-0.467223
-0.467223
-0.478542
-0.478542
-0.479512
-0.479512
-0.507931
-0.507931
-0.508702
-0.508702
-0.509585
-0.509585
-0.511239
-0.511239
-0.512898
-0.512898
-0.515287
-0.515287
-0.526937
-0.526937
-0.527199
-0.527199
-0.532239
-0.532239
-0.532873
-0.532873
-0.533887
-0.533887
-0.542212
-0.542212
-0.542936
-0.542936
-0.550143
-0.550143
-0.559476
-0.559476
-0.571236
-0.571236
-0.581346
-0.581346
-0.582065
-0.582065
-0.582532
-0.582532
-0.583835
-0.583835
-0.586988
-0.586988
-0.589234
-0.589234
-0.590691
-0.590691
-0.59463
-0.59463
-0.596702
-0.596702
-0.598933
-0.598933
-0.59996
-0.59996
-0.608423
-0.608423
-0.611377
-0.611377
-0.625937
-0.625937
