n=16
J=0.707107
eta=1.12788
mu=0.1
beta-optimal=0
max-overlap=0
-0.161994
-0.161994
-0.165216
-0.165216
-0.165378
-0.165378
-0.166852
-0.166852
-0.167376
-0.167376
-0.168274
-0.168274
-0.175027
-0.175027
-0.177679
-0.177679
-0.18575
-0.18575
-0.186221
-0.186221
-0.190834
-0.190834
-0.192463
-0.192463
-0.198599
-0.198599
-0.200646
-0.200646
-0.203113
-0.203113
-0.207075
-0.207075
-0.216641
-0.216641
-0.218273
-0.218273
-0.220081
-0.220081
-0.224977
-0.224977
-0.227594
-0.227594
-0.2298
-0.2298
-0.230307
-0.230307
-0.237453
-0.237453
-0.24266
-0.24266
-0.251242
-0.251242
-0.251697
-0.251697
-0.260916
-0.260916
-0.261106
-0.261106
-0.2626
-0.2626
-0.265172
-0.265172
-0.272638
-0.272638
-0.277077
-0.277077
-0.279958
-0.279958
-0.290029
-0.290029
-0.294249
-0.294249
-0.310498
-0.310498
-0.310943
-0.310943
-0.312153
-0.312153
-0.312413
-0.312413
-0.31545
-0.31545
-0.31601
-0.31601
-0.321485
-0.321485
-0.326479
-0.326479
-0.327142
-0.327142
-0.332108
-0.332108
-0.335161
-0.335161
-0.335835
-0.335835
-0.341772
-0.341772
-0.34778
-0.34778
-0.355294
-0.355294
-0.358189
-0.358189
-0.428323
-0.428323
-0.445664
-0.445664
-0.450199
-0.450199
-0.45572
-0.45572
-0.459198
-0.459198
-0.461417
-0.461417
-0.463908
-0.463908
-0.464604
-0.464604
-0.465372
-0.465372
-0.467304
-0.467304
-0.471122
-0.471122
-0.476716
-0.476716
-0.478542
-0.478542
-0.480609
-0.480609
-0.484267
-0.484267
-0.487544
-0.487544
-0.49207
-0.49207
-0.492468
-0.492468
-0.526883
-0.526883
-0.527735
-0.527735
-0.52935
-0.52935
-0.53092
-0.53092
-0.53502
-0.53502
-0.538681
-0.538681
-0.540416
-0.540416
-0.544384
-0.544384
-0.545074
-0.545074
-0.552915
-0.552915
-0.552938
-0.552938
-0.553307
-0.553307
-0.568858
-0.568858
-0.571575
-0.571575
-0.575436
-0.575436
-0.581683
-0.581683
-0.595133
-0.595133
-0.596562
-0.596562
-0.605252
-0.605252
-0.6062
-0.6062
-0.609337
-0.609337
-0.613324
-0.613324
-0.616815
-0.616815
-0.621247
-0.621247
-0.62204
-0.62204
-0.623026
-0.623026
-0.625937
-0.625937
-0.627215
-0.627215
-0.63958
-0.63958
-0.645367
-0.645367
