n=16
J=0.707107
eta=1.0303
mu=0.1
beta-optimal=0
max-overlap=0
-0.15338
-0.15338
-0.156329
-0.156329
-0.158498
-0.158498
-0.158904
-0.158904
-0.162254
-0.162254
-0.166178
-0.166178
-0.167376
-0.167376
-0.172053
-0.172053
-0.175329
-0.175329
-0.181895
-0.181895
-0.183857
-0.183857
-0.187774
-0.187774
-0.189354
-0.189354
-0.190402
-0.190402
-0.193333
-0.193333
-0.194551
-0.194551
-0.209152
-0.209152
-0.209751
-0.209751
-0.212352
-0.212352
-0.216036
-0.216036
-0.219772
-0.219772
-0.224556
-0.224556
-0.227594
-0.227594
-0.229073
-0.229073
-0.234905
-0.234905
-0.24325
-0.24325
-0.243281
-0.243281
-0.244902
-0.244902
-0.252188
-0.252188
-0.253017
-0.253017
-0.254558
-0.254558
-0.260194
-0.260194
-0.264884
-0.264884
-0.267241
-0.267241
-0.270551
-0.270551
-0.272749
-0.272749
-0.300506
-0.300506
-0.30277
-0.30277
-0.305741
-0.305741
-0.309249
-0.309249
-0.309588
-0.309588
-0.310473
-0.310473
-0.310498
-0.310498
-0.311842
-0.311842
-0.315891
-0.315891
-0.318191
-0.318191
-0.319468
-0.319468
-0.322678
-0.322678
-0.324395
-0.324395
-0.327912
-0.327912
-0.327912
-0.327912
-0.330191
-0.330191
-0.428323
-0.428323
-0.438838
-0.438838
-0.439057
-0.439057
-0.441516
-0.441516
-0.443069
-0.443069
-0.443492
-0.443492
-0.444668
-0.444668
-0.445304
-0.445304
-0.446199
-0.446199
-0.447502
-0.447502
-0.447591
-0.447591
-0.449628
-0.449628
-0.451569
-0.451569
-0.452007
-0.452007
-0.461049
-0.461049
-0.463281
-0.463281
-0.478542
-0.478542
-0.479212
-0.479212
-0.503021
-0.503021
-0.503412
-0.503412
-0.506011
-0.506011
-0.507267
-0.507267
-0.510323
-0.510323
-0.512696
-0.512696
-0.523117
-0.523117
-0.523433
-0.523433
-0.528374
-0.528374
-0.528892
-0.528892
-0.533575
-0.533575
-0.536865
-0.536865
-0.537582
-0.537582
-0.549416
-0.549416
-0.558256
-0.558256
-0.569533
-0.569533
-0.577375
-0.577375
-0.577826
-0.577826
-0.579157
-0.579157
-0.579587
-0.579587
-0.581775
-0.581775
-0.583982
-0.583982
-0.589887
-0.589887
-0.591411
-0.591411
-0.593133
-0.593133
-0.595192
-0.595192
-0.596038
-0.596038
-0.603016
-0.603016
-0.605549
-0.605549
-0.625937
-0.625937
