n=16
J=0.707107
eta=1.69697
mu=0.1
beta-optimal=0
max-overlap=0
-0.196378
-0.196378
-0.200873
-0.200873
-0.202576
-0.202576
-0.210799
-0.210799
-0.215303
-0.215303
-0.217035
-0.217035
-0.22491
-0.22491
-0.22498
-0.22498
-0.227594
-0.227594
-0.231037
-0.231037
-0.236929
-0.236929
-0.240689
-0.240689
-0.248729
-0.248729
-0.253608
-0.253608
-0.257869
-0.257869
-0.263472
-0.263472
-0.266213
-0.266213
-0.273711
-0.273711
-0.280555
-0.280555
-0.281064
-0.281064
-0.289347
-0.289347
-0.296902
-0.296902
-0.30203
-0.30203
-0.306486
-0.306486
-0.310498
-0.310498
-0.312837
-0.312837
-0.320448
-0.320448
-0.328105
-0.328105
-0.337554
-0.337554
-0.341069
-0.341069
-0.349079
-0.349079
-0.361535
-0.361535
-0.361837
-0.361837
-0.368851
-0.368851
-0.371574
-0.371574
-0.389575
-0.389575
-0.390091
-0.390091
-0.391406
-0.391406
-0.402102
-0.402102
-0.40896
-0.40896
-0.409542
-0.409542
-0.41289
-0.41289
-0.428323
-0.428323
-0.442239
-0.442239
-0.449203
-0.449203
-0.460105
-0.460105
-0.465129
-0.465129
-0.472612
-0.472612
-0.477527
-0.477527
-0.478542
-0.478542
-0.479018
-0.479018
-0.487603
-0.487603
-0.498359
-0.498359
-0.512379
-0.512379
-0.520686
-0.520686
-0.523018
-0.523018
-0.537305
-0.537305
-0.541269
-0.541269
-0.544709
-0.544709
-0.550276
-0.550276
-0.550976
-0.550976
-0.559025
-0.559025
-0.568316
-0.568316
-0.572162
-0.572162
-0.579634
-0.579634
-0.597017
-0.597017
-0.598783
-0.598783
-0.610028
-0.610028
-0.614186
-0.614186
-0.620381
-0.620381
-0.625937
-0.625937
-0.632745
-0.632745
-0.634071
-0.634071
-0.646695
-0.646695
-0.652991
-0.652991
-0.654263
-0.654263
-0.66096
-0.66096
-0.66395
-0.66395
-0.673401
-0.673401
-0.675239
-0.675239
-0.68274
-0.68274
-0.68317
-0.68317
-0.69644
-0.69644
-0.715532
-0.715532
-0.721169
-0.721169
-0.72727
-0.72727
-0.733652
-0.733652
-0.744907
-0.744907
-0.762829
-0.762829
-0.775216
-0.775216
-0.808921
-0.808921
-0.810564
-0.810564
-0.818965
-0.818965
-0.843111
-0.843111
-0.84533
-0.84533
-0.864672
-0.864672
-0.87752
-0.87752
-0.932157
-0.932157
-0.933282
-0.933282
-0.955679
-0.955679
