n=16
J=0.707107
eta=1.18939
mu=0.1
beta-optimal=0
max-overlap=0
-0.165296
-0.165296
-0.167376
-0.167376
-0.168868
-0.168868
-0.170011
-0.170011
-0.173618
-0.173618
-0.173799
-0.173799
-0.18385
-0.18385
-0.183858
-0.183858
-0.187868
-0.187868
-0.190802
-0.190802
-0.191138
-0.191138
-0.19844
-0.19844
-0.20437
-0.20437
-0.206626
-0.206626
-0.208401
-0.208401
-0.213359
-0.213359
-0.220338
-0.220338
-0.223726
-0.223726
-0.226665
-0.226665
-0.227594
-0.227594
-0.229053
-0.229053
-0.235932
-0.235932
-0.236303
-0.236303
-0.242569
-0.242569
-0.25127
-0.25127
-0.253562
-0.253562
-0.254986
-0.254986
-0.266959
-0.266959
-0.269175
-0.269175
-0.271387
-0.271387
-0.276796
-0.276796
-0.280283
-0.280283
-0.289429
-0.289429
-0.292102
-0.292102
-0.305263
-0.305263
-0.307752
-0.307752
-0.310498
-0.310498
-0.314913
-0.314913
-0.315734
-0.315734
-0.317327
-0.317327
-0.320866
-0.320866
-0.323761
-0.323761
-0.329158
-0.329158
-0.334152
-0.334152
-0.334656
-0.334656
-0.340919
-0.340919
-0.343887
-0.343887
-0.349846
-0.349846
-0.354399
-0.354399
-0.363825
-0.363825
-0.37494
-0.37494
-0.380442
-0.380442
-0.428323
-0.428323
-0.449754
-0.449754
-0.453521
-0.453521
-0.465468
-0.465468
-0.467082
-0.467082
-0.471207
-0.471207
-0.475092
-0.475092
-0.475341
-0.475341
-0.475731
-0.475731
-0.478542
-0.478542
-0.478996
-0.478996
-0.480581
-0.480581
-0.487568
-0.487568
-0.493627
-0.493627
-0.506057
-0.506057
-0.506379
-0.506379
-0.511769
-0.511769
-0.515919
-0.515919
-0.535071
-0.535071
-0.539587
-0.539587
-0.540552
-0.540552
-0.543657
-0.543657
-0.545786
-0.545786
-0.554013
-0.554013
-0.556568
-0.556568
-0.557672
-0.557672
-0.559378
-0.559378
-0.561716
-0.561716
-0.567118
-0.567118
-0.568215
-0.568215
-0.578703
-0.578703
-0.590159
-0.590159
-0.590668
-0.590668
-0.596565
-0.596565
-0.599368
-0.599368
-0.608185
-0.608185
-0.624135
-0.624135
-0.625937
-0.625937
-0.626393
-0.626393
-0.628258
-0.628258
-0.632368
-0.632368
-0.633044
-0.633044
-0.639051
-0.639051
-0.641909
-0.641909
-0.650851
-0.650851
-0.659048
-0.659048
-0.663618
-0.663618
-0.672233
-0.672233
