n=16
J=0.707107
eta=1.13636
mu=0.2
beta-optimal=0
max-overlap=0
-0.17211
-0.17211
-0.180934
-0.180934
-0.182662
-0.182662
-0.185661
-0.185661
-0.198075
-0.198075
-0.202574
-0.202574
-0.210104
-0.210104
-0.214203
-0.214203
-0.215296
-0.215296
-0.224625
-0.224625
-0.232655
-0.232655
-0.234209
-0.234209
-0.237746
-0.237746
-0.240368
-0.240368
-0.244504
-0.244504
-0.246057
-0.246057
-0.25203
-0.25203
-0.255714
-0.255714
-0.258162
-0.258162
-0.265685
-0.265685
-0.276579
-0.276579
-0.279529
-0.279529
-0.288231
-0.288231
-0.296943
-0.296943
-0.297419
-0.297419
-0.301563
-0.301563
-0.302547
-0.302547
-0.31378
-0.31378
-0.314381
-0.314381
-0.322348
-0.322348
-0.322397
-0.322397
-0.339681
-0.339681
-0.342009
-0.342009
-0.342014
-0.342014
-0.346215
-0.346215
-0.361667
-0.361667
-0.367362
-0.367362
-0.37625
-0.37625
-0.376347
-0.376347
-0.384571
-0.384571
-0.388526
-0.388526
-0.391207
-0.391207
-0.392881
-0.392881
-0.40742
-0.40742
-0.414028
-0.414028
-0.41846
-0.41846
-0.423925
-0.423925
-0.424177
-0.424177
-0.436375
-0.436375
-0.441337
-0.441337
-0.451924
-0.451924
-0.4537
-0.4537
-0.466208
-0.466208
-0.477898
-0.477898
-0.478822
-0.478822
-0.495214
-0.495214
-0.501553
-0.501553
-0.506036
-0.506036
-0.511642
-0.511642
-0.514631
-0.514631
-0.515168
-0.515168
-0.521657
-0.521657
-0.525658
-0.525658
-0.53326
-0.53326
-0.53914
-0.53914
-0.548587
-0.548587
-0.557344
-0.557344
-0.570994
-0.570994
-0.576058
-0.576058
-0.577067
-0.577067
-0.581213
-0.581213
-0.583824
-0.583824
-0.589349
-0.589349
-0.592555
-0.592555
-0.593605
-0.593605
-0.600679
-0.600679
-0.635034
-0.635034
-0.646182
-0.646182
-0.653424
-0.653424
-0.654494
-0.654494
-0.666773
-0.666773
-0.66837
-0.66837
-0.689014
-0.689014
-0.69079
-0.69079
-0.741449
-0.741449
-0.743028
-0.743028
-0.744447
-0.744447
-0.747704
-0.747704
-0.752571
-0.752571
-0.756918
-0.756918
-0.760176
-0.760176
-0.76727
-0.76727
-0.768088
-0.768088
-0.806044
-0.806044
-0.811486
-0.811486
-0.814317
-0.814317
-0.817108
-0.817108
-0.838167
-0.838167
-0.844204
-0.844204
-0.932124
-0.932124
