n=16
J=0.707107
eta=1.19788
mu=0.2
beta-optimal=0
max-overlap=0
-0.174704
-0.174704
-0.183094
-0.183094
-0.187175
-0.187175
-0.193719
-0.193719
-0.205225
-0.205225
-0.20632
-0.20632
-0.216001
-0.216001
-0.217628
-0.217628
-0.218381
-0.218381
-0.225593
-0.225593
-0.234209
-0.234209
-0.237789
-0.237789
-0.242905
-0.242905
-0.248165
-0.248165
-0.248951
-0.248951
-0.252745
-0.252745
-0.258195
-0.258195
-0.25895
-0.25895
-0.262879
-0.262879
-0.270569
-0.270569
-0.283801
-0.283801
-0.286192
-0.286192
-0.296342
-0.296342
-0.302024
-0.302024
-0.30426
-0.30426
-0.307068
-0.307068
-0.310421
-0.310421
-0.319863
-0.319863
-0.32105
-0.32105
-0.326963
-0.326963
-0.327988
-0.327988
-0.342014
-0.342014
-0.34547
-0.34547
-0.346038
-0.346038
-0.354696
-0.354696
-0.365439
-0.365439
-0.374172
-0.374172
-0.38504
-0.38504
-0.387041
-0.387041
-0.390245
-0.390245
-0.395057
-0.395057
-0.398051
-0.398051
-0.406829
-0.406829
-0.41846
-0.41846
-0.419917
-0.419917
-0.420015
-0.420015
-0.432959
-0.432959
-0.437239
-0.437239
-0.445381
-0.445381
-0.450663
-0.450663
-0.460671
-0.460671
-0.462622
-0.462622
-0.47679
-0.47679
-0.478542
-0.478542
-0.478822
-0.478822
-0.506819
-0.506819
-0.514499
-0.514499
-0.517663
-0.517663
-0.519919
-0.519919
-0.524306
-0.524306
-0.527371
-0.527371
-0.532448
-0.532448
-0.539314
-0.539314
-0.544342
-0.544342
-0.55239
-0.55239
-0.559416
-0.559416
-0.571045
-0.571045
-0.584974
-0.584974
-0.592017
-0.592017
-0.592161
-0.592161
-0.598201
-0.598201
-0.5991
-0.5991
-0.600603
-0.600603
-0.601957
-0.601957
-0.602655
-0.602655
-0.611528
-0.611528
-0.635605
-0.635605
-0.647014
-0.647014
-0.666715
-0.666715
-0.667266
-0.667266
-0.681357
-0.681357
-0.682669
-0.682669
-0.707242
-0.707242
-0.709733
-0.709733
-0.753035
-0.753035
-0.757476
-0.757476
-0.759329
-0.759329
-0.762699
-0.762699
-0.76402
-0.76402
-0.773842
-0.773842
-0.775009
-0.775009
-0.776076
-0.776076
-0.779926
-0.779926
-0.818053
-0.818053
-0.824766
-0.824766
-0.828186
-0.828186
-0.831295
-0.831295
-0.857677
-0.857677
-0.865344
-0.865344
-0.932124
-0.932124
