n=16
J=0.707107
eta=1.71717
mu=0.2
beta-optimal=0
max-overlap=0
-0.216504
-0.216504
-0.219378
-0.219378
-0.223428
-0.223428
-0.234209
-0.234209
-0.235148
-0.235148
-0.235738
-0.235738
-0.2405
-0.2405
-0.247477
-0.247477
-0.257912
-0.257912
-0.259868
-0.259868
-0.270797
-0.270797
-0.274949
-0.274949
-0.278249
-0.278249
-0.288901
-0.288901
-0.299983
-0.299983
-0.306836
-0.306836
-0.309436
-0.309436
-0.315445
-0.315445
-0.316065
-0.316065
-0.332024
-0.332024
-0.342014
-0.342014
-0.345905
-0.345905
-0.352559
-0.352559
-0.355664
-0.355664
-0.356324
-0.356324
-0.366264
-0.366264
-0.376182
-0.376182
-0.376942
-0.376942
-0.386268
-0.386268
-0.392089
-0.392089
-0.393987
-0.393987
-0.403802
-0.403802
-0.407403
-0.407403
-0.416495
-0.416495
-0.41846
-0.41846
-0.423751
-0.423751
-0.430328
-0.430328
-0.433371
-0.433371
-0.44955
-0.44955
-0.450386
-0.450386
-0.466126
-0.466126
-0.476245
-0.476245
-0.478822
-0.478822
-0.481842
-0.481842
-0.490217
-0.490217
-0.511786
-0.511786
-0.519301
-0.519301
-0.522717
-0.522717
-0.530888
-0.530888
-0.538167
-0.538167
-0.550832
-0.550832
-0.55098
-0.55098
-0.557123
-0.557123
-0.563083
-0.563083
-0.573234
-0.573234
-0.577537
-0.577537
-0.58621
-0.58621
-0.58842
-0.58842
-0.596807
-0.596807
-0.601328
-0.601328
-0.628185
-0.628185
-0.630981
-0.630981
-0.636278
-0.636278
-0.647429
-0.647429
-0.664143
-0.664143
-0.66884
-0.66884
-0.671552
-0.671552
-0.67859
-0.67859
-0.690608
-0.690608
-0.703259
-0.703259
-0.70682
-0.70682
-0.708805
-0.708805
-0.72326
-0.72326
-0.728499
-0.728499
-0.728677
-0.728677
-0.758468
-0.758468
-0.760253
-0.760253
-0.772989
-0.772989
-0.775038
-0.775038
-0.789982
-0.789982
-0.791309
-0.791309
-0.796563
-0.796563
-0.804436
-0.804436
-0.824237
-0.824237
-0.842779
-0.842779
-0.844003
-0.844003
-0.863302
-0.863302
-0.864656
-0.864656
-0.913598
-0.913598
-0.932124
-0.932124
-0.937285
-0.937285
-0.948158
-0.948158
-0.95261
-0.95261
-0.960099
-0.960099
-0.969768
-0.969768
-0.976687
-0.976687
-1.02859
-1.02859
-1.0418
-1.0418
-1.04195
-1.04195
-1.07766
-1.07766
