n=16
J=0.707107
eta=1.07485
mu=0.1
beta-optimal=0
max-overlap=0
-0.157666
-0.157666
-0.160741
-0.160741
-0.161704
-0.161704
-0.161859
-0.161859
-0.164384
-0.164384
-0.167376
-0.167376
-0.169337
-0.169337
-0.174191
-0.174191
-0.180837
-0.180837
-0.183669
-0.183669
-0.188039
-0.188039
-0.191027
-0.191027
-0.193044
-0.193044
-0.19467
-0.19467
-0.197863
-0.197863
-0.200496
-0.200496
-0.211953
-0.211953
-0.214228
-0.214228
-0.215505
-0.215505
-0.221287
-0.221287
-0.224411
-0.224411
-0.225827
-0.225827
-0.227594
-0.227594
-0.233068
-0.233068
-0.237616
-0.237616
-0.24734
-0.24734
-0.248666
-0.248666
-0.251286
-0.251286
-0.256456
-0.256456
-0.257091
-0.257091
-0.258109
-0.258109
-0.267167
-0.267167
-0.268416
-0.268416
-0.272104
-0.272104
-0.277953
-0.277953
-0.282066
-0.282066
-0.30543
-0.30543
-0.308324
-0.308324
-0.309643
-0.309643
-0.310498
-0.310498
-0.311276
-0.311276
-0.312209
-0.312209
-0.315647
-0.315647
-0.320366
-0.320366
-0.320678
-0.320678
-0.324175
-0.324175
-0.325138
-0.325138
-0.328595
-0.328595
-0.332275
-0.332275
-0.335552
-0.335552
-0.339325
-0.339325
-0.340947
-0.340947
-0.428323
-0.428323
-0.442219
-0.442219
-0.446897
-0.446897
-0.447321
-0.447321
-0.450612
-0.450612
-0.45198
-0.45198
-0.453643
-0.453643
-0.453879
-0.453879
-0.45576
-0.45576
-0.456795
-0.456795
-0.460947
-0.460947
-0.46346
-0.46346
-0.464702
-0.464702
-0.469264
-0.469264
-0.469812
-0.469812
-0.475809
-0.475809
-0.478542
-0.478542
-0.480517
-0.480517
-0.516048
-0.516048
-0.516132
-0.516132
-0.518224
-0.518224
-0.519533
-0.519533
-0.520557
-0.520557
-0.520974
-0.520974
-0.533551
-0.533551
-0.533978
-0.533978
-0.534551
-0.534551
-0.53992
-0.53992
-0.540469
-0.540469
-0.551325
-0.551325
-0.552992
-0.552992
-0.554671
-0.554671
-0.562373
-0.562373
-0.574795
-0.574795
-0.587019
-0.587019
-0.589662
-0.589662
-0.590906
-0.590906
-0.592179
-0.592179
-0.592594
-0.592594
-0.598876
-0.598876
-0.601177
-0.601177
-0.601867
-0.601867
-0.60386
-0.60386
-0.606678
-0.606678
-0.607982
-0.607982
-0.619425
-0.619425
-0.623288
-0.623288
-0.625937
-0.625937
