n=16
J=0.707107
eta=1.00273
mu=0.2
beta-optimal=0
max-overlap=0
-0.167164
-0.167164
-0.172471
-0.172471
-0.174581
-0.174581
-0.177855
-0.177855
-0.181185
-0.181185
-0.19475
-0.19475
-0.194799
-0.194799
-0.202646
-0.202646
-0.209745
-0.209745
-0.214878
-0.214878
-0.223113
-0.223113
-0.226749
-0.226749
-0.228912
-0.228912
-0.22973
-0.22973
-0.234209
-0.234209
-0.23894
-0.23894
-0.240083
-0.240083
-0.241168
-0.241168
-0.2542
-0.2542
-0.256157
-0.256157
-0.261234
-0.261234
-0.261664
-0.261664
-0.272027
-0.272027
-0.282843
-0.282843
-0.284521
-0.284521
-0.290658
-0.290658
-0.293854
-0.293854
-0.301522
-0.301522
-0.305795
-0.305795
-0.312131
-0.312131
-0.31709
-0.31709
-0.324836
-0.324836
-0.331549
-0.331549
-0.333251
-0.333251
-0.342014
-0.342014
-0.348727
-0.348727
-0.354588
-0.354588
-0.355809
-0.355809
-0.361353
-0.361353
-0.363199
-0.363199
-0.365533
-0.365533
-0.376611
-0.376611
-0.380772
-0.380772
-0.384344
-0.384344
-0.394298
-0.394298
-0.403148
-0.403148
-0.405676
-0.405676
-0.41445
-0.41445
-0.41846
-0.41846
-0.427513
-0.427513
-0.433711
-0.433711
-0.433789
-0.433789
-0.443626
-0.443626
-0.454671
-0.454671
-0.464297
-0.464297
-0.475682
-0.475682
-0.477844
-0.477844
-0.478822
-0.478822
-0.486106
-0.486106
-0.497755
-0.497755
-0.501703
-0.501703
-0.503137
-0.503137
-0.508223
-0.508223
-0.513279
-0.513279
-0.513305
-0.513305
-0.526244
-0.526244
-0.528592
-0.528592
-0.535821
-0.535821
-0.536211
-0.536211
-0.543442
-0.543442
-0.555435
-0.555435
-0.558634
-0.558634
-0.573266
-0.573266
-0.573677
-0.573677
-0.578779
-0.578779
-0.579738
-0.579738
-0.612549
-0.612549
-0.618633
-0.618633
-0.63406
-0.63406
-0.635325
-0.635325
-0.637746
-0.637746
-0.644689
-0.644689
-0.651671
-0.651671
-0.658164
-0.658164
-0.699468
-0.699468
-0.704344
-0.704344
-0.715589
-0.715589
-0.7181
-0.7181
-0.723422
-0.723422
-0.730191
-0.730191
-0.753698
-0.753698
-0.754014
-0.754014
-0.755168
-0.755168
-0.781388
-0.781388
-0.784046
-0.784046
-0.78646
-0.78646
-0.787956
-0.787956
-0.798072
-0.798072
-0.801394
-0.801394
-0.932124
-0.932124
