n=16
J=0.707107
eta=1.39394
mu=0.2
beta-optimal=0
max-overlap=0
-0.192138
-0.192138
-0.194602
-0.194602
-0.19975
-0.19975
-0.213479
-0.213479
-0.21352
-0.21352
-0.222838
-0.222838
-0.224313
-0.224313
-0.230567
-0.230567
-0.232018
-0.232018
-0.234209
-0.234209
-0.240754
-0.240754
-0.250279
-0.250279
-0.256563
-0.256563
-0.259156
-0.259156
-0.265407
-0.265407
-0.271953
-0.271953
-0.279167
-0.279167
-0.283041
-0.283041
-0.287373
-0.287373
-0.288716
-0.288716
-0.305931
-0.305931
-0.308591
-0.308591
-0.316918
-0.316918
-0.317169
-0.317169
-0.324778
-0.324778
-0.327411
-0.327411
-0.339942
-0.339942
-0.342014
-0.342014
-0.347224
-0.347224
-0.348043
-0.348043
-0.350232
-0.350232
-0.353578
-0.353578
-0.360316
-0.360316
-0.362606
-0.362606
-0.378018
-0.378018
-0.38966
-0.38966
-0.397475
-0.397475
-0.399243
-0.399243
-0.405523
-0.405523
-0.41846
-0.41846
-0.419718
-0.419718
-0.424492
-0.424492
-0.433708
-0.433708
-0.449448
-0.449448
-0.450151
-0.450151
-0.459584
-0.459584
-0.464446
-0.464446
-0.475442
-0.475442
-0.477544
-0.477544
-0.4778
-0.4778
-0.478822
-0.478822
-0.491604
-0.491604
-0.491623
-0.491623
-0.49273
-0.49273
-0.516807
-0.516807
-0.534933
-0.534933
-0.540939
-0.540939
-0.542555
-0.542555
-0.544429
-0.544429
-0.55067
-0.55067
-0.555177
-0.555177
-0.578248
-0.578248
-0.583523
-0.583523
-0.595431
-0.595431
-0.602611
-0.602611
-0.608319
-0.608319
-0.61439
-0.61439
-0.628505
-0.628505
-0.632417
-0.632417
-0.632631
-0.632631
-0.636857
-0.636857
-0.638598
-0.638598
-0.641877
-0.641877
-0.642656
-0.642656
-0.650707
-0.650707
-0.651031
-0.651031
-0.667283
-0.667283
-0.669456
-0.669456
-0.701836
-0.701836
-0.705615
-0.705615
-0.723897
-0.723897
-0.726438
-0.726438
-0.758583
-0.758583
-0.76708
-0.76708
-0.774004
-0.774004
-0.78675
-0.78675
-0.796518
-0.796518
-0.801522
-0.801522
-0.812805
-0.812805
-0.81847
-0.81847
-0.827201
-0.827201
-0.859194
-0.859194
-0.86355
-0.86355
-0.86954
-0.86954
-0.869959
-0.869959
-0.877148
-0.877148
-0.880014
-0.880014
-0.923585
-0.923585
-0.932124
-0.932124
-0.9386
-0.9386
