n=16
J=0.707107
eta=1.11091
mu=0.1
beta-optimal=0
max-overlap=0
-0.160785
-0.160785
-0.163914
-0.163914
-0.164134
-0.164134
-0.165164
-0.165164
-0.166835
-0.166835
-0.167376
-0.167376
-0.172939
-0.172939
-0.176403
-0.176403
-0.18447
-0.18447
-0.185338
-0.185338
-0.190934
-0.190934
-0.190985
-0.190985
-0.196886
-0.196886
-0.198809
-0.198809
-0.201507
-0.201507
-0.205099
-0.205099
-0.214938
-0.214938
-0.217552
-0.217552
-0.218181
-0.218181
-0.223934
-0.223934
-0.227594
-0.227594
-0.228084
-0.228084
-0.228713
-0.228713
-0.236073
-0.236073
-0.240722
-0.240722
-0.250098
-0.250098
-0.250916
-0.250916
-0.258079
-0.258079
-0.2596
-0.2596
-0.260515
-0.260515
-0.262683
-0.262683
-0.271091
-0.271091
-0.273675
-0.273675
-0.277252
-0.277252
-0.285965
-0.285965
-0.290292
-0.290292
-0.309231
-0.309231
-0.310498
-0.310498
-0.311526
-0.311526
-0.311572
-0.311572
-0.313451
-0.313451
-0.314779
-0.314779
-0.319625
-0.319625
-0.324539
-0.324539
-0.325104
-0.325104
-0.329793
-0.329793
-0.33193
-0.33193
-0.333018
-0.333018
-0.338645
-0.338645
-0.343634
-0.343634
-0.350047
-0.350047
-0.352364
-0.352364
-0.428323
-0.428323
-0.444572
-0.444572
-0.449289
-0.449289
-0.452935
-0.452935
-0.456649
-0.456649
-0.458542
-0.458542
-0.460686
-0.460686
-0.461136
-0.461136
-0.462525
-0.462525
-0.463718
-0.463718
-0.468727
-0.468727
-0.472151
-0.472151
-0.478
-0.478
-0.47823
-0.47823
-0.478542
-0.478542
-0.483509
-0.483509
-0.484905
-0.484905
-0.487225
-0.487225
-0.523635
-0.523635
-0.524263
-0.524263
-0.525576
-0.525576
-0.52735
-0.52735
-0.532301
-0.532301
-0.533138
-0.533138
-0.536202
-0.536202
-0.540976
-0.540976
-0.541581
-0.541581
-0.548936
-0.548936
-0.549165
-0.549165
-0.552444
-0.552444
-0.56585
-0.56585
-0.566608
-0.566608
-0.568971
-0.568971
-0.579401
-0.579401
-0.593291
-0.593291
-0.594295
-0.594295
-0.600089
-0.600089
-0.60132
-0.60132
-0.603551
-0.603551
-0.609367
-0.609367
-0.612635
-0.612635
-0.614437
-0.614437
-0.616494
-0.616494
-0.618099
-0.618099
-0.618841
-0.618841
-0.625937
-0.625937
-0.633067
-0.633067
-0.638191
-0.638191
