n=16
J=0.707107
eta=1.01121
mu=0.2
beta-optimal=0
max-overlap=0
-0.167456
-0.167456
-0.173152
-0.173152
-0.175013
-0.175013
-0.177947
-0.177947
-0.182292
-0.182292
-0.195127
-0.195127
-0.195888
-0.195888
-0.203501
-0.203501
-0.210169
-0.210169
-0.216119
-0.216119
-0.223193
-0.223193
-0.227437
-0.227437
-0.229757
-0.229757
-0.23023
-0.23023
-0.234209
-0.234209
-0.23935
-0.23935
-0.240985
-0.240985
-0.241848
-0.241848
-0.255145
-0.255145
-0.256434
-0.256434
-0.262539
-0.262539
-0.262541
-0.262541
-0.272876
-0.272876
-0.283506
-0.283506
-0.285421
-0.285421
-0.291097
-0.291097
-0.294324
-0.294324
-0.302135
-0.302135
-0.306212
-0.306212
-0.31276
-0.31276
-0.317269
-0.317269
-0.325736
-0.325736
-0.332308
-0.332308
-0.333992
-0.333992
-0.342014
-0.342014
-0.350101
-0.350101
-0.355201
-0.355201
-0.35686
-0.35686
-0.361966
-0.361966
-0.364975
-0.364975
-0.366758
-0.366758
-0.377339
-0.377339
-0.382414
-0.382414
-0.384855
-0.384855
-0.396186
-0.396186
-0.403809
-0.403809
-0.406841
-0.406841
-0.415907
-0.415907
-0.41846
-0.41846
-0.428289
-0.428289
-0.434863
-0.434863
-0.435075
-0.435075
-0.445011
-0.445011
-0.457549
-0.457549
-0.466689
-0.466689
-0.477289
-0.477289
-0.477844
-0.477844
-0.478822
-0.478822
-0.48738
-0.48738
-0.498649
-0.498649
-0.502614
-0.502614
-0.505228
-0.505228
-0.509284
-0.509284
-0.513973
-0.513973
-0.5148
-0.5148
-0.527704
-0.527704
-0.530347
-0.530347
-0.538201
-0.538201
-0.538491
-0.538491
-0.545049
-0.545049
-0.55694
-0.55694
-0.560071
-0.560071
-0.574174
-0.574174
-0.574784
-0.574784
-0.579624
-0.579624
-0.580965
-0.580965
-0.615586
-0.615586
-0.621314
-0.621314
-0.634113
-0.634113
-0.637356
-0.637356
-0.63961
-0.63961
-0.644773
-0.644773
-0.653702
-0.653702
-0.660008
-0.660008
-0.702282
-0.702282
-0.706807
-0.706807
-0.717401
-0.717401
-0.719697
-0.719697
-0.724815
-0.724815
-0.731381
-0.731381
-0.754358
-0.754358
-0.754511
-0.754511
-0.755929
-0.755929
-0.782896
-0.782896
-0.785723
-0.785723
-0.788147
-0.788147
-0.789741
-0.789741
-0.800516
-0.800516
-0.803982
-0.803982
-0.932124
-0.932124
