n=16
J=0.707107
eta=1.91919
mu=0.2
beta-optimal=0
max-overlap=0
-0.227928
-0.227928
-0.229551
-0.229551
-0.234209
-0.234209
-0.247936
-0.247936
-0.250353
-0.250353
-0.25868
-0.25868
-0.263331
-0.263331
-0.27092
-0.27092
-0.276853
-0.276853
-0.28309
-0.28309
-0.287469
-0.287469
-0.292842
-0.292842
-0.30117
-0.30117
-0.309782
-0.309782
-0.315963
-0.315963
-0.323847
-0.323847
-0.330029
-0.330029
-0.330093
-0.330093
-0.342014
-0.342014
-0.342278
-0.342278
-0.35016
-0.35016
-0.37044
-0.37044
-0.37748
-0.37748
-0.379034
-0.379034
-0.391926
-0.391926
-0.400229
-0.400229
-0.407949
-0.407949
-0.408517
-0.408517
-0.416673
-0.416673
-0.41846
-0.41846
-0.420641
-0.420641
-0.42197
-0.42197
-0.424738
-0.424738
-0.432975
-0.432975
-0.45546
-0.45546
-0.45945
-0.45945
-0.464745
-0.464745
-0.474991
-0.474991
-0.478822
-0.478822
-0.480848
-0.480848
-0.483828
-0.483828
-0.4876
-0.4876
-0.501947
-0.501947
-0.519736
-0.519736
-0.528437
-0.528437
-0.54819
-0.54819
-0.557779
-0.557779
-0.56465
-0.56465
-0.567214
-0.567214
-0.573724
-0.573724
-0.584493
-0.584493
-0.592932
-0.592932
-0.597016
-0.597016
-0.605771
-0.605771
-0.611707
-0.611707
-0.614857
-0.614857
-0.621943
-0.621943
-0.632618
-0.632618
-0.633733
-0.633733
-0.637468
-0.637468
-0.654749
-0.654749
-0.663843
-0.663843
-0.666322
-0.666322
-0.674657
-0.674657
-0.702375
-0.702375
-0.7093
-0.7093
-0.713484
-0.713484
-0.723197
-0.723197
-0.739732
-0.739732
-0.748238
-0.748238
-0.748595
-0.748595
-0.755447
-0.755447
-0.76746
-0.76746
-0.785707
-0.785707
-0.796606
-0.796606
-0.798802
-0.798802
-0.818091
-0.818091
-0.823952
-0.823952
-0.82603
-0.82603
-0.836004
-0.836004
-0.840791
-0.840791
-0.848256
-0.848256
-0.865244
-0.865244
-0.868351
-0.868351
-0.882028
-0.882028
-0.891639
-0.891639
-0.917363
-0.917363
-0.925379
-0.925379
-0.932124
-0.932124
-0.98553
-0.98553
-0.993226
-0.993226
-1.01144
-1.01144
-1.03404
-1.03404
-1.03445
-1.03445
-1.04786
-1.04786
-1.04796
-1.04796
-1.1205
-1.1205
-1.139
-1.139
-1.15629
-1.15629
-1.17446
-1.17446
