n=16
J=0.707107
eta=1.53535
mu=0.2
beta-optimal=0
max-overlap=0
-0.204042
-0.204042
-0.210115
-0.210115
-0.212251
-0.212251
-0.216425
-0.216425
-0.221024
-0.221024
-0.228391
-0.228391
-0.232906
-0.232906
-0.234209
-0.234209
-0.241072
-0.241072
-0.24199
-0.24199
-0.258948
-0.258948
-0.260381
-0.260381
-0.260844
-0.260844
-0.2712
-0.2712
-0.281435
-0.281435
-0.284912
-0.284912
-0.293659
-0.293659
-0.299556
-0.299556
-0.301511
-0.301511
-0.310223
-0.310223
-0.3242
-0.3242
-0.324945
-0.324945
-0.329039
-0.329039
-0.331967
-0.331967
-0.342014
-0.342014
-0.342959
-0.342959
-0.347143
-0.347143
-0.352815
-0.352815
-0.364666
-0.364666
-0.369407
-0.369407
-0.371745
-0.371745
-0.379282
-0.379282
-0.379291
-0.379291
-0.384366
-0.384366
-0.391283
-0.391283
-0.404163
-0.404163
-0.412331
-0.412331
-0.41846
-0.41846
-0.419982
-0.419982
-0.420394
-0.420394
-0.43975
-0.43975
-0.452261
-0.452261
-0.453587
-0.453587
-0.476577
-0.476577
-0.478822
-0.478822
-0.479791
-0.479791
-0.483327
-0.483327
-0.486555
-0.486555
-0.492329
-0.492329
-0.503271
-0.503271
-0.505109
-0.505109
-0.516155
-0.516155
-0.519843
-0.519843
-0.523368
-0.523368
-0.547721
-0.547721
-0.550425
-0.550425
-0.555291
-0.555291
-0.560888
-0.560888
-0.565927
-0.565927
-0.57133
-0.57133
-0.586795
-0.586795
-0.602974
-0.602974
-0.604082
-0.604082
-0.631731
-0.631731
-0.636002
-0.636002
-0.638683
-0.638683
-0.641073
-0.641073
-0.647037
-0.647037
-0.654491
-0.654491
-0.66034
-0.66034
-0.663795
-0.663795
-0.668144
-0.668144
-0.672364
-0.672364
-0.676824
-0.676824
-0.683121
-0.683121
-0.691131
-0.691131
-0.715763
-0.715763
-0.721562
-0.721562
-0.72696
-0.72696
-0.733782
-0.733782
-0.753461
-0.753461
-0.757904
-0.757904
-0.783261
-0.783261
-0.789151
-0.789151
-0.801975
-0.801975
-0.815165
-0.815165
-0.816959
-0.816959
-0.825266
-0.825266
-0.854599
-0.854599
-0.873132
-0.873132
-0.883426
-0.883426
-0.891708
-0.891708
-0.90435
-0.90435
-0.916247
-0.916247
-0.91937
-0.91937
-0.932124
-0.932124
-0.933423
-0.933423
-0.942763
-0.942763
-0.974087
-0.974087
-0.996791
-0.996791
