n=16
J=0.707107
eta=1.15758
mu=0.1
beta-optimal=0
max-overlap=0
-0.163746
-0.163746
-0.167002
-0.167002
-0.167376
-0.167376
-0.167775
-0.167775
-0.170009
-0.170009
-0.171006
-0.171006
-0.179171
-0.179171
-0.180387
-0.180387
-0.18704
-0.18704
-0.188323
-0.188323
-0.190685
-0.190685
-0.195263
-0.195263
-0.201464
-0.201464
-0.203659
-0.203659
-0.205755
-0.205755
-0.210245
-0.210245
-0.219288
-0.219288
-0.219951
-0.219951
-0.223379
-0.223379
-0.226902
-0.226902
-0.227594
-0.227594
-0.232858
-0.232858
-0.233019
-0.233019
-0.239872
-0.239872
-0.246647
-0.246647
-0.252711
-0.252711
-0.253119
-0.253119
-0.263874
-0.263874
-0.265046
-0.265046
-0.266656
-0.266656
-0.270477
-0.270477
-0.275923
-0.275923
-0.283268
-0.283268
-0.285209
-0.285209
-0.297375
-0.297375
-0.301119
-0.301119
-0.310498
-0.310498
-0.313329
-0.313329
-0.313344
-0.313344
-0.314371
-0.314371
-0.318245
-0.318245
-0.319307
-0.319307
-0.324946
-0.324946
-0.330059
-0.330059
-0.330722
-0.330722
-0.336261
-0.336261
-0.339156
-0.339156
-0.342724
-0.342724
-0.347558
-0.347558
-0.355362
-0.355362
-0.364679
-0.364679
-0.368784
-0.368784
-0.428323
-0.428323
-0.447599
-0.447599
-0.451791
-0.451791
-0.460512
-0.460512
-0.463266
-0.463266
-0.466235
-0.466235
-0.469528
-0.469528
-0.470299
-0.470299
-0.470329
-0.470329
-0.473691
-0.473691
-0.47474
-0.47474
-0.478542
-0.478542
-0.483131
-0.483131
-0.485407
-0.485407
-0.495092
-0.495092
-0.496301
-0.496301
-0.501798
-0.501798
-0.504094
-0.504094
-0.53207
-0.53207
-0.533487
-0.533487
-0.536101
-0.536101
-0.536195
-0.536195
-0.538234
-0.538234
-0.54859
-0.54859
-0.550286
-0.550286
-0.550625
-0.550625
-0.551151
-0.551151
-0.553837
-0.553837
-0.559793
-0.559793
-0.560546
-0.560546
-0.573231
-0.573231
-0.580971
-0.580971
-0.585871
-0.585871
-0.586114
-0.586114
-0.597102
-0.597102
-0.602009
-0.602009
-0.614649
-0.614649
-0.615133
-0.615133
-0.6203
-0.6203
-0.620416
-0.620416
-0.624235
-0.624235
-0.625937
-0.625937
-0.629736
-0.629736
-0.631935
-0.631935
-0.635715
-0.635715
-0.642324
-0.642324
-0.651106
-0.651106
-0.658171
-0.658171
