n=16
J=0.707107
eta=1.21212
mu=0.2
beta-optimal=0
max-overlap=0
-0.175373
-0.175373
-0.183662
-0.183662
-0.188202
-0.188202
-0.195627
-0.195627
-0.206816
-0.206816
-0.207093
-0.207093
-0.217348
-0.217348
-0.218182
-0.218182
-0.219309
-0.219309
-0.225858
-0.225858
-0.234209
-0.234209
-0.238792
-0.238792
-0.244101
-0.244101
-0.249728
-0.249728
-0.250073
-0.250073
-0.254241
-0.254241
-0.259539
-0.259539
-0.259674
-0.259674
-0.264549
-0.264549
-0.271754
-0.271754
-0.285452
-0.285452
-0.28774
-0.28774
-0.298128
-0.298128
-0.303054
-0.303054
-0.305923
-0.305923
-0.30811
-0.30811
-0.31281
-0.31281
-0.321318
-0.321318
-0.322707
-0.322707
-0.328233
-0.328233
-0.329461
-0.329461
-0.342014
-0.342014
-0.3467
-0.3467
-0.346946
-0.346946
-0.356841
-0.356841
-0.366424
-0.366424
-0.375797
-0.375797
-0.386691
-0.386691
-0.389659
-0.389659
-0.391319
-0.391319
-0.396274
-0.396274
-0.400625
-0.400625
-0.410055
-0.410055
-0.41846
-0.41846
-0.421394
-0.421394
-0.422939
-0.422939
-0.435047
-0.435047
-0.440277
-0.440277
-0.447363
-0.447363
-0.453193
-0.453193
-0.462745
-0.462745
-0.464679
-0.464679
-0.477633
-0.477633
-0.478822
-0.478822
-0.480394
-0.480394
-0.5094
-0.5094
-0.516733
-0.516733
-0.519542
-0.519542
-0.52174
-0.52174
-0.526628
-0.526628
-0.528977
-0.528977
-0.535959
-0.535959
-0.544581
-0.544581
-0.546821
-0.546821
-0.555182
-0.555182
-0.562212
-0.562212
-0.574218
-0.574218
-0.588292
-0.588292
-0.595007
-0.595007
-0.595198
-0.595198
-0.600518
-0.600518
-0.602988
-0.602988
-0.604618
-0.604618
-0.605158
-0.605158
-0.605454
-0.605454
-0.614149
-0.614149
-0.635751
-0.635751
-0.647222
-0.647222
-0.669405
-0.669405
-0.670195
-0.670195
-0.68469
-0.68469
-0.685861
-0.685861
-0.711412
-0.711412
-0.714241
-0.714241
-0.755312
-0.755312
-0.760936
-0.760936
-0.76261
-0.76261
-0.764455
-0.764455
-0.767463
-0.767463
-0.775385
-0.775385
-0.776713
-0.776713
-0.781925
-0.781925
-0.785778
-0.785778
-0.820894
-0.820894
-0.827892
-0.827892
-0.831499
-0.831499
-0.83465
-0.83465
-0.86228
-0.86228
-0.870366
-0.870366
-0.932124
-0.932124
