n=16
J=0.707107
eta=1.07909
mu=0.1
beta-optimal=0
max-overlap=0
-0.158062
-0.158062
-0.161121
-0.161121
-0.16199
-0.16199
-0.162225
-0.162225
-0.16463
-0.16463
-0.167376
-0.167376
-0.169704
-0.169704
-0.174423
-0.174423
-0.181316
-0.181316
-0.183856
-0.183856
-0.188388
-0.188388
-0.191033
-0.191033
-0.19351
-0.19351
-0.195169
-0.195169
-0.198305
-0.198305
-0.201059
-0.201059
-0.212259
-0.212259
-0.214684
-0.214684
-0.215779
-0.215779
-0.221675
-0.221675
-0.224847
-0.224847
-0.226081
-0.226081
-0.227594
-0.227594
-0.23343
-0.23343
-0.237917
-0.237917
-0.247691
-0.247691
-0.248974
-0.248974
-0.252098
-0.252098
-0.256831
-0.256831
-0.257405
-0.257405
-0.258641
-0.258641
-0.267879
-0.267879
-0.268703
-0.268703
-0.27266
-0.27266
-0.278836
-0.278836
-0.283013
-0.283013
-0.305884
-0.305884
-0.308822
-0.308822
-0.309898
-0.309898
-0.310498
-0.310498
-0.311412
-0.311412
-0.312507
-0.312507
-0.316128
-0.316128
-0.320998
-0.320998
-0.321118
-0.321118
-0.324948
-0.324948
-0.325716
-0.325716
-0.329121
-0.329121
-0.333011
-0.333011
-0.336431
-0.336431
-0.340545
-0.340545
-0.3422
-0.3422
-0.428323
-0.428323
-0.442502
-0.442502
-0.447557
-0.447557
-0.447617
-0.447617
-0.451374
-0.451374
-0.452787
-0.452787
-0.454522
-0.454522
-0.454682
-0.454682
-0.456616
-0.456616
-0.457563
-0.457563
-0.462113
-0.462113
-0.4644
-0.4644
-0.466246
-0.466246
-0.470838
-0.470838
-0.471119
-0.471119
-0.47704
-0.47704
-0.478542
-0.478542
-0.480758
-0.480758
-0.517046
-0.517046
-0.517099
-0.517099
-0.519035
-0.519035
-0.520818
-0.520818
-0.521659
-0.521659
-0.522348
-0.522348
-0.534445
-0.534445
-0.534659
-0.534659
-0.534895
-0.534895
-0.541004
-0.541004
-0.541509
-0.541509
-0.55147
-0.55147
-0.554538
-0.554538
-0.556373
-0.556373
-0.562832
-0.562832
-0.57532
-0.57532
-0.587765
-0.587765
-0.590769
-0.590769
-0.592017
-0.592017
-0.592721
-0.592721
-0.59369
-0.59369
-0.600657
-0.600657
-0.602126
-0.602126
-0.603792
-0.603792
-0.604886
-0.604886
-0.607811
-0.607811
-0.609149
-0.609149
-0.621015
-0.621015
-0.625016
-0.625016
-0.625937
-0.625937
