n=16
J=0.707107
eta=1.16182
mu=0.2
beta-optimal=0
max-overlap=0
-0.173135
-0.173135
-0.181775
-0.181775
-0.184529
-0.184529
-0.188902
-0.188902
-0.201083
-0.201083
-0.20419
-0.20419
-0.212584
-0.212584
-0.215989
-0.215989
-0.216249
-0.216249
-0.224996
-0.224996
-0.234209
-0.234209
-0.234991
-0.234991
-0.239877
-0.239877
-0.243443
-0.243443
-0.246856
-0.246856
-0.248398
-0.248398
-0.254527
-0.254527
-0.25833
-0.25833
-0.25867
-0.25867
-0.267668
-0.267668
-0.279576
-0.279576
-0.282307
-0.282307
-0.291653
-0.291653
-0.299379
-0.299379
-0.300001
-0.300001
-0.304423
-0.304423
-0.30491
-0.30491
-0.316509
-0.316509
-0.316755
-0.316755
-0.324079
-0.324079
-0.324587
-0.324587
-0.342014
-0.342014
-0.342199
-0.342199
-0.343708
-0.343708
-0.349516
-0.349516
-0.36315
-0.36315
-0.370164
-0.370164
-0.380175
-0.380175
-0.38058
-0.38058
-0.387242
-0.387242
-0.391954
-0.391954
-0.392679
-0.392679
-0.398651
-0.398651
-0.412621
-0.412621
-0.416378
-0.416378
-0.41846
-0.41846
-0.42777
-0.42777
-0.429471
-0.429471
-0.440229
-0.440229
-0.444853
-0.444853
-0.455505
-0.455505
-0.457401
-0.457401
-0.470723
-0.470723
-0.477953
-0.477953
-0.478822
-0.478822
-0.500133
-0.500133
-0.507876
-0.507876
-0.511597
-0.511597
-0.515006
-0.515006
-0.518
-0.518
-0.523168
-0.523168
-0.52393
-0.52393
-0.529213
-0.529213
-0.537955
-0.537955
-0.544754
-0.544754
-0.55289
-0.55289
-0.563004
-0.563004
-0.576703
-0.576703
-0.58331
-0.58331
-0.58415
-0.58415
-0.587741
-0.587741
-0.589981
-0.589981
-0.592922
-0.592922
-0.596601
-0.596601
-0.596848
-0.596848
-0.605075
-0.605075
-0.635259
-0.635259
-0.646513
-0.646513
-0.659335
-0.659335
-0.659816
-0.659816
-0.672838
-0.672838
-0.674375
-0.674375
-0.696606
-0.696606
-0.698414
-0.698414
-0.746831
-0.746831
-0.74919
-0.74919
-0.749923
-0.749923
-0.754284
-0.754284
-0.760987
-0.760987
-0.761853
-0.761853
-0.7661
-0.7661
-0.769976
-0.769976
-0.770861
-0.770861
-0.810962
-0.810962
-0.816937
-0.816937
-0.819969
-0.819969
-0.822918
-0.822918
-0.846165
-0.846165
-0.852843
-0.852843
-0.932124
-0.932124
