n=16
J=0.707107
eta=1.05051
mu=0.1
beta-optimal=0
max-overlap=0
-0.155335
-0.155335
-0.158435
-0.158435
-0.159925
-0.159925
-0.160123
-0.160123
-0.163128
-0.163128
-0.167376
-0.167376
-0.167476
-0.167476
-0.172964
-0.172964
-0.1779
-0.1779
-0.182657
-0.182657
-0.185905
-0.185905
-0.190154
-0.190154
-0.190977
-0.190977
-0.191773
-0.191773
-0.195298
-0.195298
-0.197228
-0.197228
-0.210383
-0.210383
-0.211672
-0.211672
-0.213821
-0.213821
-0.218602
-0.218602
-0.221885
-0.221885
-0.224893
-0.224893
-0.227594
-0.227594
-0.230937
-0.230937
-0.23609
-0.23609
-0.24519
-0.24519
-0.246704
-0.246704
-0.246741
-0.246741
-0.25445
-0.25445
-0.25494
-0.25494
-0.255571
-0.255571
-0.263286
-0.263286
-0.266723
-0.266723
-0.269224
-0.269224
-0.273374
-0.273374
-0.2768
-0.2768
-0.302787
-0.302787
-0.305344
-0.305344
-0.307863
-0.307863
-0.310489
-0.310489
-0.310498
-0.310498
-0.310557
-0.310557
-0.312807
-0.312807
-0.316026
-0.316026
-0.318137
-0.318137
-0.320497
-0.320497
-0.321974
-0.321974
-0.325444
-0.325444
-0.328055
-0.328055
-0.331038
-0.331038
-0.33267
-0.33267
-0.334418
-0.334418
-0.428323
-0.428323
-0.440517
-0.440517
-0.442693
-0.442693
-0.445883
-0.445883
-0.445894
-0.445894
-0.447208
-0.447208
-0.448686
-0.448686
-0.449091
-0.449091
-0.450821
-0.450821
-0.451996
-0.451996
-0.453805
-0.453805
-0.456367
-0.456367
-0.45737
-0.45737
-0.458739
-0.458739
-0.464701
-0.464701
-0.468734
-0.468734
-0.478542
-0.478542
-0.479643
-0.479643
-0.509568
-0.509568
-0.510361
-0.510361
-0.511108
-0.511108
-0.512789
-0.512789
-0.51385
-0.51385
-0.516231
-0.516231
-0.528198
-0.528198
-0.528485
-0.528485
-0.533632
-0.533632
-0.534001
-0.534001
-0.534287
-0.534287
-0.544134
-0.544134
-0.544999
-0.544999
-0.55038
-0.55038
-0.559955
-0.559955
-0.571863
-0.571863
-0.58255
-0.58255
-0.583299
-0.583299
-0.584058
-0.584058
-0.58538
-0.58538
-0.589018
-0.589018
-0.590862
-0.590862
-0.591473
-0.591473
-0.595798
-0.595798
-0.59799
-0.59799
-0.600304
-0.600304
-0.601388
-0.601388
-0.610389
-0.610389
-0.613499
-0.613499
-0.625937
-0.625937
