n=16
J=0.707107
eta=1.17455
mu=0.1
beta-optimal=0
max-overlap=0
-0.164601
-0.164601
-0.167376
-0.167376
-0.167997
-0.167997
-0.169012
-0.169012
-0.171913
-0.171913
-0.172535
-0.172535
-0.181687
-0.181687
-0.182193
-0.182193
-0.187518
-0.187518
-0.189731
-0.189731
-0.190683
-0.190683
-0.196943
-0.196943
-0.203034
-0.203034
-0.205271
-0.205271
-0.207183
-0.207183
-0.211933
-0.211933
-0.21983
-0.21983
-0.22195
-0.22195
-0.225181
-0.225181
-0.227594
-0.227594
-0.228047
-0.228047
-0.234556
-0.234556
-0.234671
-0.234671
-0.241287
-0.241287
-0.249105
-0.249105
-0.253188
-0.253188
-0.254122
-0.254122
-0.265507
-0.265507
-0.267223
-0.267223
-0.26914
-0.26914
-0.273818
-0.273818
-0.278144
-0.278144
-0.286645
-0.286645
-0.288711
-0.288711
-0.301608
-0.301608
-0.304837
-0.304837
-0.310498
-0.310498
-0.314207
-0.314207
-0.314378
-0.314378
-0.315922
-0.315922
-0.319605
-0.319605
-0.32164
-0.32164
-0.327117
-0.327117
-0.332206
-0.332206
-0.332805
-0.332805
-0.338714
-0.338714
-0.341614
-0.341614
-0.346574
-0.346574
-0.35111
-0.35111
-0.359839
-0.359839
-0.370129
-0.370129
-0.374978
-0.374978
-0.428323
-0.428323
-0.448734
-0.448734
-0.452708
-0.452708
-0.463191
-0.463191
-0.465367
-0.465367
-0.468905
-0.468905
-0.472682
-0.472682
-0.473136
-0.473136
-0.473151
-0.473151
-0.476838
-0.476838
-0.477363
-0.477363
-0.478542
-0.478542
-0.485431
-0.485431
-0.489743
-0.489743
-0.50116
-0.50116
-0.501504
-0.501504
-0.507131
-0.507131
-0.510565
-0.510565
-0.534092
-0.534092
-0.53681
-0.53681
-0.538001
-0.538001
-0.540156
-0.540156
-0.542135
-0.542135
-0.552991
-0.552991
-0.55364
-0.55364
-0.554624
-0.554624
-0.555312
-0.555312
-0.55663
-0.55663
-0.563696
-0.563696
-0.564647
-0.564647
-0.57603
-0.57603
-0.585982
-0.585982
-0.588386
-0.588386
-0.59182
-0.59182
-0.598269
-0.598269
-0.605259
-0.605259
-0.619709
-0.619709
-0.620999
-0.620999
-0.624567
-0.624567
-0.625937
-0.625937
-0.626985
-0.626985
-0.628546
-0.628546
-0.634677
-0.634677
-0.637199
-0.637199
-0.643727
-0.643727
-0.651182
-0.651182
-0.657759
-0.657759
-0.665627
-0.665627
