n=16
J=0.707107
eta=1.07273
mu=0.2
beta-optimal=0
max-overlap=0
-0.169704
-0.169704
-0.178347
-0.178347
-0.178644
-0.178644
-0.179125
-0.179125
-0.190254
-0.190254
-0.198476
-0.198476
-0.203341
-0.203341
-0.209199
-0.209199
-0.212874
-0.212874
-0.223829
-0.223829
-0.22499
-0.22499
-0.232462
-0.232462
-0.234209
-0.234209
-0.234354
-0.234354
-0.236628
-0.236628
-0.242497
-0.242497
-0.246279
-0.246279
-0.24838
-0.24838
-0.257704
-0.257704
-0.260737
-0.260737
-0.269217
-0.269217
-0.271774
-0.271774
-0.279798
-0.279798
-0.289447
-0.289447
-0.291795
-0.291795
-0.295187
-0.295187
-0.298056
-0.298056
-0.30718
-0.30718
-0.309762
-0.309762
-0.317356
-0.317356
-0.319121
-0.319121
-0.332619
-0.332619
-0.337406
-0.337406
-0.339459
-0.339459
-0.342014
-0.342014
-0.3583
-0.3583
-0.35955
-0.35955
-0.36627
-0.36627
-0.367278
-0.367278
-0.375758
-0.375758
-0.378542
-0.378542
-0.38246
-0.38246
-0.388089
-0.388089
-0.394552
-0.394552
-0.4086
-0.4086
-0.409883
-0.409883
-0.415346
-0.415346
-0.41846
-0.41846
-0.426173
-0.426173
-0.43415
-0.43415
-0.443161
-0.443161
-0.444344
-0.444344
-0.455228
-0.455228
-0.477852
-0.477852
-0.478822
-0.478822
-0.478916
-0.478916
-0.483308
-0.483308
-0.491082
-0.491082
-0.497375
-0.497375
-0.505163
-0.505163
-0.508745
-0.508745
-0.515854
-0.515854
-0.519282
-0.519282
-0.519978
-0.519978
-0.525974
-0.525974
-0.538083
-0.538083
-0.543386
-0.543386
-0.556395
-0.556395
-0.556861
-0.556861
-0.557304
-0.557304
-0.568305
-0.568305
-0.571031
-0.571031
-0.581199
-0.581199
-0.583138
-0.583138
-0.586128
-0.586128
-0.590267
-0.590267
-0.634531
-0.634531
-0.636073
-0.636073
-0.639276
-0.639276
-0.645423
-0.645423
-0.651673
-0.651673
-0.653452
-0.653452
-0.670053
-0.670053
-0.674052
-0.674052
-0.723296
-0.723296
-0.724978
-0.724978
-0.731179
-0.731179
-0.732286
-0.732286
-0.735539
-0.735539
-0.74134
-0.74134
-0.756981
-0.756981
-0.760619
-0.760619
-0.761659
-0.761659
-0.79406
-0.79406
-0.798156
-0.798156
-0.800691
-0.800691
-0.802946
-0.802946
-0.818661
-0.818661
-0.82328
-0.82328
-0.932124
-0.932124
