n=16
J=0.707107
eta=1.11939
mu=0.1
beta-optimal=0
max-overlap=0
-0.161411
-0.161411
-0.164651
-0.164651
-0.164682
-0.164682
-0.165997
-0.165997
-0.167376
-0.167376
-0.167535
-0.167535
-0.173953
-0.173953
-0.177019
-0.177019
-0.185156
-0.185156
-0.185759
-0.185759
-0.190885
-0.190885
-0.191712
-0.191712
-0.19775
-0.19775
-0.199738
-0.199738
-0.202319
-0.202319
-0.206104
-0.206104
-0.215768
-0.215768
-0.21793
-0.21793
-0.219129
-0.219129
-0.224453
-0.224453
-0.227594
-0.227594
-0.228941
-0.228941
-0.229511
-0.229511
-0.236764
-0.236764
-0.241653
-0.241653
-0.250681
-0.250681
-0.251326
-0.251326
-0.259546
-0.259546
-0.260345
-0.260345
-0.261532
-0.261532
-0.263878
-0.263878
-0.271836
-0.271836
-0.275353
-0.275353
-0.278584
-0.278584
-0.28798
-0.28798
-0.292268
-0.292268
-0.310098
-0.310098
-0.310498
-0.310498
-0.311857
-0.311857
-0.311989
-0.311989
-0.314418
-0.314418
-0.315392
-0.315392
-0.32055
-0.32055
-0.325499
-0.325499
-0.326125
-0.326125
-0.330947
-0.330947
-0.333872
-0.333872
-0.334079
-0.334079
-0.340196
-0.340196
-0.345687
-0.345687
-0.352658
-0.352658
-0.35525
-0.35525
-0.428323
-0.428323
-0.445118
-0.445118
-0.449744
-0.449744
-0.454331
-0.454331
-0.457944
-0.457944
-0.459994
-0.459994
-0.462296
-0.462296
-0.462881
-0.462881
-0.463957
-0.463957
-0.4655
-0.4655
-0.469971
-0.469971
-0.47444
-0.47444
-0.478542
-0.478542
-0.479547
-0.479547
-0.481139
-0.481139
-0.485352
-0.485352
-0.488509
-0.488509
-0.48983
-0.48983
-0.525273
-0.525273
-0.52603
-0.52603
-0.527445
-0.527445
-0.529113
-0.529113
-0.534191
-0.534191
-0.53583
-0.53583
-0.537855
-0.537855
-0.542684
-0.542684
-0.543331
-0.543331
-0.550954
-0.550954
-0.55123
-0.55123
-0.552681
-0.552681
-0.567712
-0.567712
-0.568743
-0.568743
-0.572233
-0.572233
-0.580532
-0.580532
-0.594458
-0.594458
-0.595174
-0.595174
-0.602638
-0.602638
-0.603755
-0.603755
-0.606398
-0.606398
-0.611337
-0.611337
-0.61472
-0.61472
-0.618219
-0.618219
-0.618861
-0.618861
-0.620549
-0.620549
-0.623002
-0.623002
-0.625937
-0.625937
-0.636316
-0.636316
-0.641766
-0.641766
