n=16
J=0.707107
eta=1.00697
mu=0.2
beta-optimal=0
max-overlap=0
-0.167309
-0.167309
-0.17281
-0.17281
-0.174798
-0.174798
-0.177899
-0.177899
-0.181737
-0.181737
-0.194936
-0.194936
-0.195345
-0.195345
-0.203076
-0.203076
-0.209959
-0.209959
-0.215498
-0.215498
-0.223153
-0.223153
-0.227093
-0.227093
-0.229331
-0.229331
-0.229979
-0.229979
-0.234209
-0.234209
-0.239144
-0.239144
-0.240539
-0.240539
-0.241501
-0.241501
-0.254681
-0.254681
-0.256299
-0.256299
-0.261884
-0.261884
-0.262101
-0.262101
-0.272449
-0.272449
-0.28317
-0.28317
-0.284971
-0.284971
-0.290874
-0.290874
-0.294088
-0.294088
-0.301826
-0.301826
-0.306001
-0.306001
-0.312446
-0.312446
-0.317177
-0.317177
-0.325284
-0.325284
-0.33193
-0.33193
-0.333622
-0.333622
-0.342014
-0.342014
-0.349415
-0.349415
-0.354921
-0.354921
-0.356306
-0.356306
-0.361666
-0.361666
-0.364075
-0.364075
-0.366145
-0.366145
-0.376976
-0.376976
-0.381592
-0.381592
-0.384603
-0.384603
-0.395241
-0.395241
-0.403481
-0.403481
-0.406257
-0.406257
-0.41518
-0.41518
-0.41846
-0.41846
-0.427901
-0.427901
-0.434291
-0.434291
-0.434428
-0.434428
-0.444318
-0.444318
-0.456104
-0.456104
-0.465492
-0.465492
-0.47648
-0.47648
-0.477844
-0.477844
-0.478822
-0.478822
-0.486741
-0.486741
-0.498203
-0.498203
-0.502161
-0.502161
-0.504183
-0.504183
-0.50876
-0.50876
-0.513625
-0.513625
-0.514052
-0.514052
-0.526975
-0.526975
-0.529468
-0.529468
-0.537005
-0.537005
-0.537342
-0.537342
-0.544243
-0.544243
-0.556186
-0.556186
-0.559351
-0.559351
-0.573718
-0.573718
-0.57423
-0.57423
-0.5792
-0.5792
-0.58035
-0.58035
-0.614072
-0.614072
-0.619978
-0.619978
-0.634087
-0.634087
-0.636344
-0.636344
-0.638676
-0.638676
-0.644731
-0.644731
-0.65268
-0.65268
-0.659084
-0.659084
-0.700871
-0.700871
-0.705573
-0.705573
-0.716493
-0.716493
-0.718895
-0.718895
-0.724116
-0.724116
-0.730782
-0.730782
-0.754104
-0.754104
-0.754186
-0.754186
-0.755548
-0.755548
-0.782141
-0.782141
-0.784884
-0.784884
-0.787302
-0.787302
-0.788848
-0.788848
-0.799292
-0.799292
-0.802686
-0.802686
-0.932124
-0.932124
