n=16
J=0.707107
eta=1.21212
mu=0.1
beta-optimal=0
max-overlap=0
-0.166312
-0.166312
-0.167376
-0.167376
-0.170209
-0.170209
-0.171394
-0.171394
-0.175583
-0.175583
-0.176268
-0.176268
-0.186176
-0.186176
-0.186741
-0.186741
-0.188529
-0.188529
-0.191477
-0.191477
-0.193752
-0.193752
-0.200781
-0.200781
-0.206355
-0.206355
-0.208617
-0.208617
-0.210249
-0.210249
-0.215474
-0.215474
-0.221235
-0.221235
-0.226461
-0.226461
-0.227594
-0.227594
-0.228721
-0.228721
-0.230584
-0.230584
-0.238139
-0.238139
-0.238847
-0.238847
-0.244663
-0.244663
-0.254111
-0.254111
-0.254491
-0.254491
-0.256301
-0.256301
-0.269229
-0.269229
-0.272358
-0.272358
-0.274932
-0.274932
-0.281359
-0.281359
-0.283877
-0.283877
-0.29357
-0.29357
-0.297607
-0.297607
-0.310498
-0.310498
-0.310606
-0.310606
-0.311178
-0.311178
-0.31601
-0.31601
-0.31909
-0.31909
-0.319507
-0.319507
-0.322967
-0.322967
-0.32717
-0.32717
-0.332529
-0.332529
-0.337294
-0.337294
-0.337544
-0.337544
-0.344423
-0.344423
-0.347616
-0.347616
-0.354673
-0.354673
-0.359751
-0.359751
-0.370029
-0.370029
-0.382366
-0.382366
-0.388826
-0.388826
-0.428323
-0.428323
-0.451382
-0.451382
-0.454792
-0.454792
-0.468527
-0.468527
-0.469743
-0.469743
-0.474681
-0.474681
-0.477384
-0.477384
-0.478542
-0.478542
-0.479218
-0.479218
-0.479848
-0.479848
-0.482856
-0.482856
-0.485507
-0.485507
-0.491199
-0.491199
-0.499546
-0.499546
-0.512965
-0.512965
-0.514168
-0.514168
-0.518783
-0.518783
-0.523423
-0.523423
-0.536009
-0.536009
-0.543668
-0.543668
-0.545442
-0.545442
-0.549058
-0.549058
-0.551654
-0.551654
-0.554732
-0.554732
-0.561044
-0.561044
-0.562366
-0.562366
-0.565985
-0.565985
-0.569456
-0.569456
-0.572376
-0.572376
-0.573646
-0.573646
-0.58329
-0.58329
-0.594331
-0.594331
-0.596159
-0.596159
-0.600965
-0.600965
-0.603715
-0.603715
-0.612833
-0.612833
-0.625937
-0.625937
-0.630992
-0.630992
-0.634013
-0.634013
-0.634995
-0.634995
-0.638323
-0.638323
-0.642624
-0.642624
-0.645838
-0.645838
-0.649308
-0.649308
-0.661954
-0.661954
-0.671275
-0.671275
-0.672649
-0.672649
-0.682489
-0.682489
