n=16
J=0.707107
eta=1.85859
mu=0.1
beta-optimal=0
max-overlap=0
-0.211156
-0.211156
-0.213161
-0.213161
-0.214471
-0.214471
-0.227594
-0.227594
-0.227927
-0.227927
-0.232827
-0.232827
-0.239278
-0.239278
-0.242608
-0.242608
-0.24605
-0.24605
-0.246075
-0.246075
-0.247686
-0.247686
-0.259476
-0.259476
-0.259874
-0.259874
-0.267187
-0.267187
-0.275113
-0.275113
-0.286805
-0.286805
-0.289759
-0.289759
-0.291629
-0.291629
-0.299793
-0.299793
-0.304983
-0.304983
-0.310498
-0.310498
-0.318609
-0.318609
-0.322474
-0.322474
-0.327103
-0.327103
-0.333466
-0.333466
-0.345171
-0.345171
-0.346743
-0.346743
-0.351205
-0.351205
-0.368285
-0.368285
-0.369923
-0.369923
-0.381156
-0.381156
-0.383389
-0.383389
-0.389875
-0.389875
-0.39323
-0.39323
-0.402812
-0.402812
-0.415995
-0.415995
-0.421431
-0.421431
-0.423616
-0.423616
-0.428323
-0.428323
-0.429632
-0.429632
-0.437436
-0.437436
-0.447037
-0.447037
-0.449293
-0.449293
-0.475425
-0.475425
-0.478542
-0.478542
-0.486691
-0.486691
-0.492044
-0.492044
-0.495229
-0.495229
-0.505583
-0.505583
-0.514092
-0.514092
-0.518561
-0.518561
-0.533184
-0.533184
-0.534025
-0.534025
-0.542069
-0.542069
-0.548117
-0.548117
-0.553386
-0.553386
-0.566799
-0.566799
-0.566882
-0.566882
-0.57013
-0.57013
-0.57702
-0.57702
-0.590764
-0.590764
-0.591122
-0.591122
-0.599391
-0.599391
-0.606383
-0.606383
-0.612992
-0.612992
-0.625937
-0.625937
-0.629442
-0.629442
-0.630619
-0.630619
-0.637523
-0.637523
-0.649791
-0.649791
-0.653017
-0.653017
-0.669413
-0.669413
-0.671347
-0.671347
-0.67931
-0.67931
-0.686807
-0.686807
-0.689809
-0.689809
-0.694897
-0.694897
-0.699326
-0.699326
-0.711933
-0.711933
-0.717288
-0.717288
-0.719825
-0.719825
-0.726008
-0.726008
-0.735186
-0.735186
-0.760872
-0.760872
-0.769574
-0.769574
-0.771942
-0.771942
-0.790613
-0.790613
-0.804769
-0.804769
-0.822702
-0.822702
-0.831949
-0.831949
-0.874591
-0.874591
-0.877974
-0.877974
-0.888823
-0.888823
-0.914546
-0.914546
-0.918256
-0.918256
-0.940098
-0.940098
-0.94924
-0.94924
-1.02521
-1.02521
-1.028
-1.028
-1.05432
-1.05432
