n=16
J=0.707107
eta=1.11303
mu=0.1
beta-optimal=0
max-overlap=0
-0.160945
-0.160945
-0.164099
-0.164099
-0.164272
-0.164272
-0.165371
-0.165371
-0.167005
-0.167005
-0.167376
-0.167376
-0.173186
-0.173186
-0.176553
-0.176553
-0.184649
-0.184649
-0.185441
-0.185441
-0.190922
-0.190922
-0.191165
-0.191165
-0.197103
-0.197103
-0.199043
-0.199043
-0.201712
-0.201712
-0.205353
-0.205353
-0.215141
-0.215141
-0.21765
-0.21765
-0.218418
-0.218418
-0.224064
-0.224064
-0.227594
-0.227594
-0.228298
-0.228298
-0.228912
-0.228912
-0.236246
-0.236246
-0.240947
-0.240947
-0.250246
-0.250246
-0.251023
-0.251023
-0.258454
-0.258454
-0.259785
-0.259785
-0.260764
-0.260764
-0.262974
-0.262974
-0.271272
-0.271272
-0.27409
-0.27409
-0.277581
-0.277581
-0.286466
-0.286466
-0.290785
-0.290785
-0.309449
-0.309449
-0.310498
-0.310498
-0.311615
-0.311615
-0.311676
-0.311676
-0.313684
-0.313684
-0.314932
-0.314932
-0.319855
-0.319855
-0.324777
-0.324777
-0.32536
-0.32536
-0.330081
-0.330081
-0.332413
-0.332413
-0.333282
-0.333282
-0.339031
-0.339031
-0.344143
-0.344143
-0.350697
-0.350697
-0.35308
-0.35308
-0.428323
-0.428323
-0.444708
-0.444708
-0.449403
-0.449403
-0.453285
-0.453285
-0.456977
-0.456977
-0.458908
-0.458908
-0.461088
-0.461088
-0.461574
-0.461574
-0.462885
-0.462885
-0.464161
-0.464161
-0.469049
-0.469049
-0.472723
-0.472723
-0.478542
-0.478542
-0.478593
-0.478593
-0.478786
-0.478786
-0.48393
-0.48393
-0.48581
-0.48581
-0.487872
-0.487872
-0.524047
-0.524047
-0.524711
-0.524711
-0.526039
-0.526039
-0.527786
-0.527786
-0.5329
-0.5329
-0.533798
-0.533798
-0.536502
-0.536502
-0.541404
-0.541404
-0.54202
-0.54202
-0.549445
-0.549445
-0.54968
-0.54968
-0.552504
-0.552504
-0.566579
-0.566579
-0.56688
-0.56688
-0.569792
-0.569792
-0.579682
-0.579682
-0.593631
-0.593631
-0.594466
-0.594466
-0.60072
-0.60072
-0.601928
-0.601928
-0.604254
-0.604254
-0.609858
-0.609858
-0.613155
-0.613155
-0.615379
-0.615379
-0.617084
-0.617084
-0.618709
-0.618709
-0.619876
-0.619876
-0.625937
-0.625937
-0.633878
-0.633878
-0.639082
-0.639082
