n=16
J=0.707107
eta=1.19576
mu=0.1
beta-optimal=0
max-overlap=0
-0.165585
-0.165585
-0.167376
-0.167376
-0.169242
-0.169242
-0.170415
-0.170415
-0.174317
-0.174317
-0.174357
-0.174357
-0.184549
-0.184549
-0.184747
-0.184747
-0.188016
-0.188016
-0.190913
-0.190913
-0.191808
-0.191808
-0.199089
-0.199089
-0.204933
-0.204933
-0.207193
-0.207193
-0.208919
-0.208919
-0.213959
-0.213959
-0.220572
-0.220572
-0.224491
-0.224491
-0.227268
-0.227268
-0.227594
-0.227594
-0.229483
-0.229483
-0.236537
-0.236537
-0.237013
-0.237013
-0.243137
-0.243137
-0.252187
-0.252187
-0.253716
-0.253716
-0.255355
-0.255355
-0.267588
-0.267588
-0.270039
-0.270039
-0.272368
-0.272368
-0.278076
-0.278076
-0.281252
-0.281252
-0.290596
-0.290596
-0.293617
-0.293617
-0.306799
-0.306799
-0.308849
-0.308849
-0.310498
-0.310498
-0.315215
-0.315215
-0.316504
-0.316504
-0.317933
-0.317933
-0.321431
-0.321431
-0.324695
-0.324695
-0.330073
-0.330073
-0.33501
-0.33501
-0.335458
-0.335458
-0.341884
-0.341884
-0.344899
-0.344899
-0.351218
-0.351218
-0.355861
-0.355861
-0.36555
-0.36555
-0.377013
-0.377013
-0.382789
-0.382789
-0.428323
-0.428323
-0.450201
-0.450201
-0.453873
-0.453873
-0.466404
-0.466404
-0.467798
-0.467798
-0.472185
-0.472185
-0.475794
-0.475794
-0.476443
-0.476443
-0.476872
-0.476872
-0.478542
-0.478542
-0.480025
-0.480025
-0.48196
-0.48196
-0.488542
-0.488542
-0.49529
-0.49529
-0.508
-0.508
-0.508586
-0.508586
-0.513745
-0.513745
-0.518111
-0.518111
-0.535367
-0.535367
-0.540725
-0.540725
-0.541856
-0.541856
-0.545164
-0.545164
-0.547396
-0.547396
-0.554234
-0.554234
-0.557822
-0.557822
-0.558983
-0.558983
-0.561262
-0.561262
-0.563895
-0.563895
-0.568587
-0.568587
-0.569739
-0.569739
-0.579922
-0.579922
-0.591672
-0.591672
-0.591889
-0.591889
-0.598474
-0.598474
-0.599924
-0.599924
-0.609465
-0.609465
-0.625937
-0.625937
-0.626044
-0.626044
-0.628763
-0.628763
-0.629857
-0.629857
-0.634022
-0.634022
-0.635692
-0.635692
-0.640941
-0.640941
-0.643958
-0.643958
-0.653936
-0.653936
-0.66245
-0.66245
-0.666139
-0.666139
-0.675087
-0.675087
