n=16
J=0.707107
eta=1.35354
mu=0.2
beta-optimal=0
max-overlap=0
-0.187408
-0.187408
-0.191405
-0.191405
-0.197348
-0.197348
-0.210721
-0.210721
-0.212532
-0.212532
-0.219943
-0.219943
-0.223207
-0.223207
-0.227787
-0.227787
-0.230108
-0.230108
-0.234209
-0.234209
-0.234888
-0.234888
-0.247764
-0.247764
-0.255654
-0.255654
-0.255834
-0.255834
-0.26192
-0.26192
-0.267667
-0.267667
-0.27479
-0.27479
-0.277419
-0.277419
-0.28192
-0.28192
-0.284664
-0.284664
-0.30131
-0.30131
-0.303927
-0.303927
-0.31322
-0.31322
-0.313957
-0.313957
-0.320167
-0.320167
-0.322407
-0.322407
-0.336446
-0.336446
-0.340488
-0.340488
-0.340803
-0.340803
-0.342014
-0.342014
-0.343662
-0.343662
-0.347868
-0.347868
-0.356754
-0.356754
-0.358803
-0.358803
-0.374403
-0.374403
-0.382996
-0.382996
-0.393625
-0.393625
-0.395688
-0.395688
-0.402193
-0.402193
-0.414017
-0.414017
-0.416613
-0.416613
-0.41846
-0.41846
-0.42732
-0.42732
-0.441051
-0.441051
-0.441511
-0.441511
-0.451647
-0.451647
-0.457402
-0.457402
-0.468546
-0.468546
-0.469555
-0.469555
-0.47747
-0.47747
-0.478822
-0.478822
-0.48245
-0.48245
-0.484753
-0.484753
-0.486411
-0.486411
-0.508279
-0.508279
-0.530792
-0.530792
-0.534695
-0.534695
-0.538903
-0.538903
-0.539086
-0.539086
-0.544855
-0.544855
-0.547457
-0.547457
-0.571227
-0.571227
-0.577687
-0.577687
-0.582036
-0.582036
-0.593731
-0.593731
-0.596394
-0.596394
-0.605408
-0.605408
-0.621133
-0.621133
-0.622502
-0.622502
-0.623983
-0.623983
-0.62829
-0.62829
-0.630516
-0.630516
-0.633544
-0.633544
-0.637553
-0.637553
-0.642327
-0.642327
-0.649723
-0.649723
-0.653241
-0.653241
-0.65485
-0.65485
-0.694724
-0.694724
-0.69782
-0.69782
-0.715548
-0.715548
-0.717347
-0.717347
-0.749244
-0.749244
-0.756334
-0.756334
-0.77128
-0.77128
-0.779278
-0.779278
-0.791565
-0.791565
-0.795503
-0.795503
-0.801485
-0.801485
-0.804143
-0.804143
-0.81224
-0.81224
-0.84448
-0.84448
-0.850128
-0.850128
-0.850351
-0.850351
-0.859997
-0.859997
-0.866487
-0.866487
-0.869499
-0.869499
-0.909581
-0.909581
-0.922783
-0.922783
-0.932124
-0.932124
