n=16
J=0.707107
eta=1.07061
mu=0.2
beta-optimal=0
max-overlap=0
-0.169626
-0.169626
-0.178214
-0.178214
-0.178441
-0.178441
-0.179072
-0.179072
-0.189985
-0.189985
-0.198346
-0.198346
-0.203099
-0.203099
-0.209017
-0.209017
-0.212789
-0.212789
-0.223805
-0.223805
-0.224697
-0.224697
-0.232288
-0.232288
-0.234192
-0.234192
-0.234209
-0.234209
-0.236373
-0.236373
-0.242385
-0.242385
-0.246101
-0.246101
-0.248137
-0.248137
-0.257679
-0.257679
-0.260566
-0.260566
-0.268978
-0.268978
-0.271482
-0.271482
-0.279534
-0.279534
-0.289214
-0.289214
-0.291586
-0.291586
-0.295017
-0.295017
-0.297916
-0.297916
-0.306985
-0.306985
-0.309625
-0.309625
-0.317195
-0.317195
-0.319039
-0.319039
-0.332375
-0.332375
-0.337242
-0.337242
-0.339261
-0.339261
-0.342014
-0.342014
-0.358194
-0.358194
-0.359252
-0.359252
-0.365933
-0.365933
-0.367044
-0.367044
-0.375446
-0.375446
-0.378068
-0.378068
-0.382284
-0.382284
-0.387986
-0.387986
-0.394127
-0.394127
-0.408429
-0.408429
-0.409412
-0.409412
-0.415053
-0.415053
-0.41846
-0.41846
-0.425826
-0.425826
-0.433937
-0.433937
-0.442872
-0.442872
-0.444028
-0.444028
-0.45487
-0.45487
-0.477851
-0.477851
-0.478201
-0.478201
-0.478822
-0.478822
-0.48277
-0.48277
-0.490532
-0.490532
-0.496989
-0.496989
-0.504933
-0.504933
-0.508542
-0.508542
-0.51565
-0.51565
-0.519089
-0.519089
-0.519491
-0.519491
-0.525571
-0.525571
-0.537731
-0.537731
-0.542928
-0.542928
-0.555744
-0.555744
-0.556194
-0.556194
-0.556864
-0.556864
-0.567899
-0.567899
-0.570636
-0.570636
-0.580944
-0.580944
-0.582839
-0.582839
-0.585892
-0.585892
-0.589934
-0.589934
-0.634516
-0.634516
-0.635423
-0.635423
-0.638708
-0.638708
-0.6454
-0.6454
-0.651178
-0.651178
-0.652965
-0.652965
-0.669446
-0.669446
-0.673541
-0.673541
-0.722571
-0.722571
-0.724364
-0.724364
-0.730679
-0.730679
-0.731825
-0.731825
-0.735133
-0.735133
-0.740939
-0.740939
-0.756886
-0.756886
-0.760402
-0.760402
-0.761454
-0.761454
-0.793668
-0.793668
-0.79772
-0.79772
-0.800248
-0.800248
-0.802482
-0.802482
-0.818024
-0.818024
-0.822599
-0.822599
-0.932124
-0.932124
