n=16
J=0.707107
eta=1.17242
mu=0.1
beta-optimal=0
max-overlap=0
-0.164498
-0.164498
-0.167376
-0.167376
-0.167873
-0.167873
-0.168863
-0.168863
-0.171672
-0.171672
-0.172348
-0.172348
-0.181371
-0.181371
-0.18196
-0.18196
-0.187465
-0.187465
-0.189545
-0.189545
-0.190677
-0.190677
-0.196731
-0.196731
-0.20284
-0.20284
-0.205074
-0.205074
-0.207007
-0.207007
-0.211726
-0.211726
-0.219761
-0.219761
-0.221698
-0.221698
-0.224961
-0.224961
-0.227594
-0.227594
-0.227903
-0.227903
-0.234363
-0.234363
-0.234441
-0.234441
-0.241108
-0.241108
-0.248796
-0.248796
-0.253132
-0.253132
-0.253997
-0.253997
-0.265301
-0.265301
-0.26695
-0.26695
-0.268824
-0.268824
-0.273395
-0.273395
-0.277853
-0.277853
-0.286236
-0.286236
-0.288249
-0.288249
-0.301081
-0.301081
-0.304389
-0.304389
-0.310498
-0.310498
-0.314103
-0.314103
-0.314225
-0.314225
-0.315723
-0.315723
-0.319431
-0.319431
-0.321343
-0.321343
-0.326837
-0.326837
-0.331933
-0.331933
-0.332543
-0.332543
-0.338403
-0.338403
-0.341299
-0.341299
-0.346099
-0.346099
-0.350654
-0.350654
-0.359274
-0.359274
-0.369445
-0.369445
-0.3742
-0.3742
-0.428323
-0.428323
-0.44859
-0.44859
-0.452593
-0.452593
-0.46286
-0.46286
-0.465113
-0.465113
-0.468574
-0.468574
-0.472292
-0.472292
-0.47279
-0.47279
-0.472816
-0.472816
-0.476559
-0.476559
-0.476903
-0.476903
-0.478542
-0.478542
-0.485141
-0.485141
-0.48919
-0.48919
-0.500407
-0.500407
-0.500853
-0.500853
-0.506466
-0.506466
-0.509775
-0.509775
-0.533899
-0.533899
-0.536396
-0.536396
-0.537711
-0.537711
-0.539658
-0.539658
-0.541626
-0.541626
-0.552651
-0.552651
-0.553221
-0.553221
-0.554189
-0.554189
-0.554888
-0.554888
-0.555922
-0.555922
-0.563208
-0.563208
-0.564136
-0.564136
-0.575666
-0.575666
-0.58537
-0.58537
-0.588066
-0.588066
-0.591123
-0.591123
-0.598119
-0.598119
-0.604848
-0.604848
-0.619079
-0.619079
-0.620245
-0.620245
-0.624044
-0.624044
-0.625937
-0.625937
-0.626135
-0.626135
-0.628004
-0.628004
-0.634056
-0.634056
-0.636534
-0.636534
-0.642718
-0.642718
-0.650067
-0.650067
-0.656925
-0.656925
-0.66469
-0.66469
