n=16
J=0.707107
eta=1.49495
mu=0.1
beta-optimal=0
max-overlap=0
-0.180119
-0.180119
-0.185007
-0.185007
-0.187039
-0.187039
-0.189093
-0.189093
-0.192911
-0.192911
-0.198942
-0.198942
-0.200362
-0.200362
-0.20509
-0.20509
-0.216613
-0.216613
-0.219515
-0.219515
-0.22632
-0.22632
-0.227594
-0.227594
-0.230667
-0.230667
-0.235159
-0.235159
-0.236237
-0.236237
-0.239237
-0.239237
-0.243282
-0.243282
-0.25021
-0.25021
-0.255368
-0.255368
-0.259332
-0.259332
-0.259512
-0.259512
-0.263928
-0.263928
-0.271303
-0.271303
-0.272868
-0.272868
-0.279454
-0.279454
-0.286233
-0.286233
-0.287165
-0.287165
-0.308726
-0.308726
-0.310498
-0.310498
-0.315685
-0.315685
-0.326556
-0.326556
-0.327626
-0.327626
-0.327924
-0.327924
-0.339305
-0.339305
-0.34083
-0.34083
-0.349559
-0.349559
-0.349565
-0.349565
-0.355203
-0.355203
-0.368581
-0.368581
-0.368973
-0.368973
-0.374872
-0.374872
-0.377383
-0.377383
-0.388294
-0.388294
-0.396597
-0.396597
-0.397213
-0.397213
-0.412786
-0.412786
-0.414525
-0.414525
-0.428323
-0.428323
-0.430446
-0.430446
-0.43759
-0.43759
-0.447518
-0.447518
-0.462617
-0.462617
-0.472602
-0.472602
-0.475632
-0.475632
-0.478342
-0.478342
-0.478542
-0.478542
-0.503021
-0.503021
-0.507355
-0.507355
-0.514311
-0.514311
-0.516484
-0.516484
-0.526419
-0.526419
-0.528555
-0.528555
-0.533962
-0.533962
-0.539929
-0.539929
-0.546206
-0.546206
-0.550786
-0.550786
-0.566122
-0.566122
-0.568179
-0.568179
-0.579579
-0.579579
-0.584167
-0.584167
-0.586955
-0.586955
-0.591455
-0.591455
-0.606284
-0.606284
-0.608283
-0.608283
-0.617182
-0.617182
-0.618059
-0.618059
-0.621479
-0.621479
-0.624911
-0.624911
-0.625937
-0.625937
-0.628279
-0.628279
-0.635056
-0.635056
-0.639813
-0.639813
-0.647443
-0.647443
-0.659475
-0.659475
-0.659844
-0.659844
-0.664685
-0.664685
-0.67275
-0.67275
-0.676318
-0.676318
-0.692633
-0.692633
-0.712114
-0.712114
-0.727809
-0.727809
-0.730725
-0.730725
-0.739835
-0.739835
-0.755288
-0.755288
-0.756676
-0.756676
-0.771089
-0.771089
-0.789882
-0.789882
-0.814749
-0.814749
-0.82279
-0.82279
-0.83404
-0.83404
