n=16
J=0.707107
eta=1.12364
mu=0.1
beta-optimal=0
max-overlap=0
-0.161708
-0.161708
-0.164951
-0.164951
-0.165016
-0.165016
-0.166422
-0.166422
-0.167376
-0.167376
-0.1679
-0.1679
-0.174483
-0.174483
-0.177343
-0.177343
-0.185467
-0.185467
-0.185982
-0.185982
-0.19086
-0.19086
-0.192084
-0.192084
-0.198176
-0.198176
-0.200195
-0.200195
-0.202718
-0.202718
-0.206594
-0.206594
-0.216199
-0.216199
-0.218106
-0.218106
-0.219605
-0.219605
-0.224714
-0.224714
-0.227594
-0.227594
-0.229371
-0.229371
-0.22991
-0.22991
-0.237109
-0.237109
-0.242148
-0.242148
-0.250964
-0.250964
-0.251516
-0.251516
-0.260244
-0.260244
-0.260724
-0.260724
-0.26206
-0.26206
-0.264511
-0.264511
-0.27223
-0.27223
-0.27621
-0.27621
-0.279266
-0.279266
-0.289001
-0.289001
-0.293258
-0.293258
-0.310498
-0.310498
-0.310524
-0.310524
-0.312006
-0.312006
-0.312199
-0.312199
-0.314928
-0.314928
-0.315701
-0.315701
-0.321016
-0.321016
-0.325987
-0.325987
-0.326633
-0.326633
-0.331527
-0.331527
-0.334617
-0.334617
-0.334852
-0.334852
-0.340981
-0.340981
-0.346728
-0.346728
-0.353973
-0.353973
-0.356713
-0.356713
-0.428323
-0.428323
-0.445391
-0.445391
-0.449971
-0.449971
-0.455027
-0.455027
-0.458576
-0.458576
-0.460709
-0.460709
-0.463102
-0.463102
-0.463745
-0.463745
-0.464666
-0.464666
-0.4664
-0.4664
-0.470556
-0.470556
-0.475582
-0.475582
-0.478542
-0.478542
-0.480098
-0.480098
-0.482704
-0.482704
-0.486414
-0.486414
-0.490295
-0.490295
-0.491146
-0.491146
-0.526082
-0.526082
-0.52689
-0.52689
-0.528393
-0.528393
-0.530012
-0.530012
-0.53468
-0.53468
-0.537245
-0.537245
-0.53907
-0.53907
-0.543535
-0.543535
-0.544204
-0.544204
-0.551949
-0.551949
-0.552268
-0.552268
-0.552799
-0.552799
-0.568279
-0.568279
-0.570167
-0.570167
-0.573842
-0.573842
-0.581105
-0.581105
-0.594825
-0.594825
-0.595836
-0.595836
-0.603937
-0.603937
-0.604976
-0.604976
-0.607856
-0.607856
-0.612328
-0.612328
-0.615766
-0.615766
-0.620051
-0.620051
-0.620124
-0.620124
-0.621784
-0.621784
-0.625102
-0.625102
-0.625937
-0.625937
-0.637946
-0.637946
-0.643563
-0.643563
