n=16
J=0.707107
eta=1.02182
mu=0.2
beta-optimal=0
max-overlap=0
-0.167832
-0.167832
-0.174026
-0.174026
-0.17555
-0.17555
-0.17809
-0.17809
-0.18368
-0.18368
-0.195629
-0.195629
-0.197232
-0.197232
-0.204546
-0.204546
-0.210679
-0.210679
-0.217675
-0.217675
-0.223294
-0.223294
-0.228298
-0.228298
-0.230853
-0.230853
-0.230874
-0.230874
-0.234209
-0.234209
-0.239873
-0.239873
-0.242027
-0.242027
-0.242796
-0.242796
-0.256246
-0.256246
-0.256742
-0.256742
-0.263653
-0.263653
-0.264191
-0.264191
-0.273968
-0.273968
-0.284393
-0.284393
-0.286548
-0.286548
-0.291685
-0.291685
-0.294924
-0.294924
-0.302926
-0.302926
-0.306758
-0.306758
-0.313546
-0.313546
-0.317516
-0.317516
-0.326881
-0.326881
-0.333237
-0.333237
-0.334917
-0.334917
-0.342014
-0.342014
-0.351807
-0.351807
-0.355789
-0.355789
-0.358375
-0.358375
-0.36272
-0.36272
-0.367267
-0.367267
-0.368297
-0.368297
-0.378238
-0.378238
-0.384478
-0.384478
-0.385465
-0.385465
-0.398548
-0.398548
-0.404623
-0.404623
-0.408308
-0.408308
-0.417711
-0.417711
-0.41846
-0.41846
-0.429264
-0.429264
-0.436287
-0.436287
-0.436691
-0.436691
-0.44675
-0.44675
-0.461201
-0.461201
-0.469679
-0.469679
-0.477844
-0.477844
-0.478822
-0.478822
-0.479369
-0.479369
-0.488997
-0.488997
-0.499762
-0.499762
-0.503725
-0.503725
-0.507833
-0.507833
-0.510545
-0.510545
-0.514851
-0.514851
-0.516676
-0.516676
-0.52952
-0.52952
-0.532556
-0.532556
-0.541234
-0.541234
-0.541444
-0.541444
-0.547087
-0.547087
-0.558843
-0.558843
-0.561892
-0.561892
-0.57533
-0.57533
-0.576182
-0.576182
-0.580697
-0.580697
-0.582518
-0.582518
-0.619325
-0.619325
-0.624608
-0.624608
-0.634181
-0.634181
-0.63986
-0.63986
-0.641956
-0.641956
-0.64488
-0.64488
-0.656319
-0.656319
-0.662338
-0.662338
-0.705843
-0.705843
-0.70992
-0.70992
-0.719693
-0.719693
-0.721735
-0.721735
-0.72658
-0.72658
-0.732913
-0.732913
-0.754794
-0.754794
-0.755537
-0.755537
-0.756889
-0.756889
-0.784792
-0.784792
-0.787832
-0.787832
-0.790269
-0.790269
-0.791984
-0.791984
-0.803592
-0.803592
-0.807243
-0.807243
-0.932124
-0.932124
