n=16
J=0.707107
eta=1.87879
mu=0.2
beta-optimal=0
max-overlap=0
-0.223983
-0.223983
-0.226721
-0.226721
-0.234209
-0.234209
-0.244297
-0.244297
-0.245624
-0.245624
-0.253546
-0.253546
-0.260408
-0.260408
-0.264703
-0.264703
-0.273604
-0.273604
-0.27751
-0.27751
-0.2837
-0.2837
-0.289668
-0.289668
-0.29589
-0.29589
-0.305613
-0.305613
-0.312913
-0.312913
-0.3212
-0.3212
-0.326196
-0.326196
-0.327241
-0.327241
-0.335603
-0.335603
-0.342014
-0.342014
-0.346517
-0.346517
-0.365322
-0.365322
-0.373282
-0.373282
-0.374563
-0.374563
-0.384691
-0.384691
-0.393276
-0.393276
-0.40217
-0.40217
-0.403783
-0.403783
-0.410128
-0.410128
-0.412837
-0.412837
-0.416176
-0.416176
-0.41846
-0.41846
-0.420647
-0.420647
-0.426479
-0.426479
-0.449489
-0.449489
-0.450931
-0.450931
-0.457241
-0.457241
-0.470358
-0.470358
-0.475134
-0.475134
-0.477511
-0.477511
-0.478822
-0.478822
-0.480606
-0.480606
-0.493868
-0.493868
-0.511649
-0.511649
-0.520859
-0.520859
-0.540644
-0.540644
-0.549831
-0.549831
-0.556761
-0.556761
-0.559991
-0.559991
-0.566615
-0.566615
-0.579637
-0.579637
-0.584359
-0.584359
-0.589457
-0.589457
-0.600198
-0.600198
-0.603807
-0.603807
-0.604447
-0.604447
-0.613644
-0.613644
-0.624665
-0.624665
-0.625422
-0.625422
-0.63001
-0.63001
-0.649915
-0.649915
-0.657024
-0.657024
-0.661827
-0.661827
-0.666772
-0.666772
-0.692994
-0.692994
-0.701072
-0.701072
-0.704257
-0.704257
-0.713996
-0.713996
-0.730048
-0.730048
-0.739509
-0.739509
-0.740379
-0.740379
-0.745726
-0.745726
-0.759115
-0.759115
-0.774734
-0.774734
-0.783042
-0.783042
-0.790933
-0.790933
-0.809138
-0.809138
-0.813477
-0.813477
-0.816729
-0.816729
-0.824242
-0.824242
-0.831986
-0.831986
-0.838651
-0.838651
-0.850434
-0.850434
-0.858733
-0.858733
-0.873007
-0.873007
-0.881929
-0.881929
-0.905559
-0.905559
-0.912742
-0.912742
-0.932124
-0.932124
-0.97066
-0.97066
-0.981579
-0.981579
-0.999208
-0.999208
-1.01673
-1.01673
-1.02104
-1.02104
-1.03023
-1.03023
-1.03308
-1.03308
-1.10456
-1.10456
-1.11661
-1.11661
-1.13311
-1.13311
-1.15457
-1.15457
