n=16
J=0.707107
eta=1.01121
mu=0.1
beta-optimal=0
max-overlap=0
-0.152717
-0.152717
-0.154189
-0.154189
-0.157231
-0.157231
-0.157834
-0.157834
-0.161548
-0.161548
-0.165089
-0.165089
-0.167376
-0.167376
-0.171255
-0.171255
-0.172901
-0.172901
-0.181182
-0.181182
-0.181705
-0.181705
-0.185396
-0.185396
-0.187054
-0.187054
-0.189093
-0.189093
-0.19207
-0.19207
-0.192115
-0.192115
-0.207511
-0.207511
-0.208582
-0.208582
-0.210947
-0.210947
-0.213572
-0.213572
-0.217785
-0.217785
-0.22436
-0.22436
-0.22721
-0.22721
-0.227594
-0.227594
-0.233634
-0.233634
-0.240436
-0.240436
-0.241325
-0.241325
-0.243134
-0.243134
-0.249597
-0.249597
-0.251829
-0.251829
-0.25374
-0.25374
-0.257246
-0.257246
-0.262516
-0.262516
-0.265523
-0.265523
-0.268933
-0.268933
-0.269421
-0.269421
-0.298174
-0.298174
-0.300242
-0.300242
-0.303072
-0.303072
-0.30756
-0.30756
-0.307779
-0.307779
-0.308548
-0.308548
-0.308681
-0.308681
-0.310498
-0.310498
-0.313648
-0.313648
-0.316066
-0.316066
-0.317296
-0.317296
-0.320053
-0.320053
-0.320725
-0.320725
-0.324438
-0.324438
-0.325133
-0.325133
-0.32757
-0.32757
-0.428323
-0.428323
-0.43534
-0.43534
-0.436026
-0.436026
-0.43707
-0.43707
-0.437077
-0.437077
-0.439822
-0.439822
-0.440743
-0.440743
-0.440989
-0.440989
-0.441721
-0.441721
-0.442711
-0.442711
-0.443938
-0.443938
-0.444191
-0.444191
-0.446015
-0.446015
-0.448361
-0.448361
-0.456706
-0.456706
-0.459495
-0.459495
-0.478542
-0.478542
-0.478922
-0.478922
-0.496296
-0.496296
-0.496429
-0.496429
-0.50155
-0.50155
-0.502547
-0.502547
-0.507092
-0.507092
-0.509399
-0.509399
-0.517198
-0.517198
-0.517956
-0.517956
-0.523448
-0.523448
-0.523885
-0.523885
-0.530065
-0.530065
-0.531647
-0.531647
-0.533174
-0.533174
-0.548323
-0.548323
-0.556924
-0.556924
-0.567417
-0.567417
-0.570879
-0.570879
-0.571555
-0.571555
-0.574308
-0.574308
-0.574979
-0.574979
-0.576377
-0.576377
-0.57875
-0.57875
-0.587308
-0.587308
-0.588545
-0.588545
-0.588923
-0.588923
-0.590513
-0.590513
-0.591066
-0.591066
-0.596176
-0.596176
-0.598191
-0.598191
-0.625937
-0.625937
