n=16
J=0.707107
eta=1.51515
mu=0.2
beta-optimal=0
max-overlap=0
-0.203055
-0.203055
-0.207587
-0.207587
-0.210304
-0.210304
-0.21595
-0.21595
-0.219883
-0.219883
-0.227687
-0.227687
-0.23138
-0.23138
-0.234209
-0.234209
-0.239557
-0.239557
-0.240167
-0.240167
-0.256935
-0.256935
-0.258528
-0.258528
-0.260061
-0.260061
-0.269404
-0.269404
-0.278871
-0.278871
-0.283188
-0.283188
-0.291708
-0.291708
-0.297535
-0.297535
-0.2997
-0.2997
-0.306964
-0.306964
-0.321896
-0.321896
-0.321927
-0.321927
-0.32715
-0.32715
-0.329573
-0.329573
-0.340314
-0.340314
-0.342014
-0.342014
-0.344121
-0.344121
-0.350831
-0.350831
-0.362395
-0.362395
-0.366562
-0.366562
-0.369378
-0.369378
-0.375576
-0.375576
-0.376558
-0.376558
-0.379495
-0.379495
-0.389311
-0.389311
-0.402937
-0.402937
-0.409541
-0.409541
-0.417243
-0.417243
-0.41741
-0.41741
-0.41846
-0.41846
-0.436888
-0.436888
-0.448303
-0.448303
-0.450736
-0.450736
-0.474173
-0.474173
-0.478044
-0.478044
-0.478546
-0.478546
-0.478822
-0.478822
-0.483037
-0.483037
-0.487988
-0.487988
-0.498868
-0.498868
-0.501293
-0.501293
-0.512579
-0.512579
-0.515498
-0.515498
-0.519008
-0.519008
-0.543236
-0.543236
-0.548042
-0.548042
-0.553331
-0.553331
-0.558231
-0.558231
-0.56263
-0.56263
-0.568225
-0.568225
-0.58206
-0.58206
-0.599484
-0.599484
-0.601044
-0.601044
-0.627681
-0.627681
-0.631201
-0.631201
-0.634973
-0.634973
-0.640221
-0.640221
-0.642275
-0.642275
-0.653231
-0.653231
-0.655826
-0.655826
-0.65927
-0.65927
-0.663179
-0.663179
-0.667009
-0.667009
-0.67173
-0.67173
-0.678418
-0.678418
-0.683608
-0.683608
-0.708936
-0.708936
-0.714039
-0.714039
-0.723336
-0.723336
-0.72964
-0.72964
-0.749182
-0.749182
-0.753448
-0.753448
-0.781209
-0.781209
-0.785549
-0.785549
-0.797209
-0.797209
-0.812237
-0.812237
-0.812368
-0.812368
-0.821594
-0.821594
-0.848407
-0.848407
-0.865036
-0.865036
-0.875139
-0.875139
-0.88691
-0.88691
-0.899238
-0.899238
-0.910526
-0.910526
-0.913468
-0.913468
-0.923182
-0.923182
-0.93209
-0.93209
-0.932124
-0.932124
-0.96674
-0.96674
-0.988215
-0.988215
