n=16
J=0.707107
eta=1.05576
mu=0.1
beta-optimal=0
max-overlap=0
-0.155842
-0.155842
-0.158954
-0.158954
-0.160319
-0.160319
-0.160454
-0.160454
-0.163378
-0.163378
-0.167376
-0.167376
-0.167846
-0.167846
-0.173215
-0.173215
-0.178555
-0.178555
-0.182866
-0.182866
-0.186391
-0.186391
-0.190662
-0.190662
-0.191144
-0.191144
-0.192401
-0.192401
-0.195849
-0.195849
-0.197933
-0.197933
-0.210699
-0.210699
-0.212212
-0.212212
-0.214196
-0.214196
-0.219235
-0.219235
-0.222433
-0.222433
-0.225031
-0.225031
-0.227594
-0.227594
-0.231406
-0.231406
-0.236399
-0.236399
-0.245673
-0.245673
-0.247151
-0.247151
-0.247696
-0.247696
-0.254857
-0.254857
-0.255641
-0.255641
-0.255866
-0.255866
-0.264101
-0.264101
-0.267112
-0.267112
-0.269798
-0.269798
-0.274276
-0.274276
-0.277908
-0.277908
-0.303364
-0.303364
-0.305999
-0.305999
-0.308305
-0.308305
-0.310498
-0.310498
-0.310674
-0.310674
-0.310903
-0.310903
-0.313428
-0.313428
-0.317056
-0.317056
-0.318694
-0.318694
-0.321179
-0.321179
-0.322644
-0.322644
-0.326146
-0.326146
-0.328971
-0.328971
-0.33193
-0.33193
-0.334043
-0.334043
-0.335718
-0.335718
-0.428323
-0.428323
-0.440901
-0.440901
-0.443613
-0.443613
-0.446215
-0.446215
-0.446964
-0.446964
-0.448253
-0.448253
-0.449742
-0.449742
-0.450165
-0.450165
-0.451893
-0.451893
-0.453131
-0.453131
-0.455388
-0.455388
-0.458048
-0.458048
-0.458794
-0.458794
-0.460964
-0.460964
-0.465694
-0.465694
-0.47024
-0.47024
-0.478542
-0.478542
-0.479787
-0.479787
-0.51109
-0.51109
-0.511716
-0.511716
-0.512864
-0.512864
-0.51435
-0.51435
-0.514831
-0.514831
-0.517165
-0.517165
-0.529397
-0.529397
-0.529714
-0.529714
-0.534114
-0.534114
-0.534997
-0.534997
-0.535655
-0.535655
-0.546031
-0.546031
-0.547057
-0.547057
-0.550602
-0.550602
-0.560444
-0.560444
-0.572484
-0.572484
-0.583587
-0.583587
-0.584617
-0.584617
-0.585547
-0.585547
-0.586889
-0.586889
-0.590992
-0.590992
-0.591301
-0.591301
-0.59356
-0.59356
-0.59695
-0.59695
-0.599255
-0.599255
-0.60166
-0.60166
-0.602796
-0.602796
-0.612326
-0.612326
-0.615592
-0.615592
-0.625937
-0.625937
