n=16
J=0.707107
eta=1.0101
mu=0.1
beta-optimal=0
max-overlap=0
-0.152721
-0.152721
-0.154061
-0.154061
-0.157159
-0.157159
-0.157775
-0.157775
-0.16151
-0.16151
-0.165029
-0.165029
-0.167376
-0.167376
-0.17121
-0.17121
-0.172761
-0.172761
-0.181126
-0.181126
-0.181588
-0.181588
-0.185255
-0.185255
-0.186919
-0.186919
-0.188989
-0.188989
-0.191977
-0.191977
-0.192019
-0.192019
-0.207405
-0.207405
-0.208527
-0.208527
-0.210865
-0.210865
-0.213431
-0.213431
-0.21767
-0.21767
-0.224349
-0.224349
-0.227098
-0.227098
-0.227594
-0.227594
-0.233552
-0.233552
-0.240286
-0.240286
-0.241211
-0.241211
-0.243031
-0.243031
-0.24945
-0.24945
-0.251764
-0.251764
-0.253696
-0.253696
-0.257072
-0.257072
-0.262365
-0.262365
-0.265418
-0.265418
-0.268864
-0.268864
-0.269251
-0.269251
-0.298029
-0.298029
-0.300091
-0.300091
-0.302901
-0.302901
-0.307339
-0.307339
-0.307677
-0.307677
-0.308444
-0.308444
-0.308598
-0.308598
-0.310498
-0.310498
-0.313517
-0.313517
-0.315934
-0.315934
-0.317176
-0.317176
-0.319899
-0.319899
-0.320514
-0.320514
-0.324268
-0.324268
-0.324981
-0.324981
-0.327452
-0.327452
-0.428323
-0.428323
-0.435109
-0.435109
-0.43571
-0.43571
-0.436749
-0.436749
-0.436804
-0.436804
-0.439641
-0.439641
-0.440494
-0.440494
-0.440657
-0.440657
-0.441398
-0.441398
-0.442422
-0.442422
-0.443812
-0.443812
-0.444031
-0.444031
-0.445699
-0.445699
-0.44817
-0.44817
-0.456418
-0.456418
-0.459318
-0.459318
-0.478542
-0.478542
-0.478907
-0.478907
-0.495899
-0.495899
-0.496021
-0.496021
-0.50129
-0.50129
-0.502279
-0.502279
-0.506907
-0.506907
-0.509208
-0.509208
-0.516815
-0.516815
-0.517609
-0.517609
-0.523165
-0.523165
-0.523602
-0.523602
-0.529685
-0.529685
-0.531326
-0.531326
-0.53315
-0.53315
-0.548254
-0.548254
-0.556854
-0.556854
-0.567297
-0.567297
-0.570453
-0.570453
-0.571193
-0.571193
-0.574012
-0.574012
-0.574709
-0.574709
-0.576108
-0.576108
-0.578494
-0.578494
-0.58707
-0.58707
-0.588278
-0.588278
-0.588868
-0.588868
-0.590245
-0.590245
-0.590779
-0.590779
-0.595783
-0.595783
-0.597767
-0.597767
-0.625937
-0.625937
