n=16
J=0.707107
eta=1.03667
mu=0.1
beta-optimal=0
max-overlap=0
-0.153998
-0.153998
-0.157011
-0.157011
-0.158935
-0.158935
-0.159279
-0.159279
-0.162515
-0.162515
-0.166568
-0.166568
-0.167376
-0.167376
-0.172332
-0.172332
-0.176144
-0.176144
-0.182128
-0.182128
-0.184533
-0.184533
-0.188545
-0.188545
-0.190117
-0.190117
-0.19064
-0.19064
-0.193908
-0.193908
-0.195385
-0.195385
-0.209564
-0.209564
-0.210309
-0.210309
-0.212817
-0.212817
-0.216858
-0.216858
-0.220438
-0.220438
-0.224638
-0.224638
-0.227594
-0.227594
-0.229671
-0.229671
-0.235286
-0.235286
-0.243874
-0.243874
-0.244328
-0.244328
-0.245481
-0.245481
-0.253061
-0.253061
-0.253447
-0.253447
-0.254858
-0.254858
-0.261167
-0.261167
-0.265536
-0.265536
-0.267832
-0.267832
-0.271316
-0.271316
-0.273982
-0.273982
-0.301238
-0.301238
-0.30359
-0.30359
-0.306488
-0.306488
-0.309664
-0.309664
-0.309915
-0.309915
-0.310498
-0.310498
-0.311187
-0.311187
-0.31318
-0.31318
-0.316618
-0.316618
-0.318885
-0.318885
-0.320241
-0.320241
-0.323554
-0.323554
-0.325578
-0.325578
-0.328864
-0.328864
-0.329304
-0.329304
-0.331371
-0.331371
-0.428323
-0.428323
-0.439419
-0.439419
-0.440224
-0.440224
-0.442937
-0.442937
-0.444386
-0.444386
-0.444714
-0.444714
-0.445932
-0.445932
-0.446228
-0.446228
-0.447775
-0.447775
-0.448839
-0.448839
-0.449565
-0.449565
-0.451981
-0.451981
-0.453429
-0.453429
-0.453618
-0.453618
-0.462221
-0.462221
-0.464906
-0.464906
-0.478542
-0.478542
-0.479331
-0.479331
-0.505179
-0.505179
-0.505716
-0.505716
-0.507511
-0.507511
-0.508919
-0.508919
-0.511418
-0.511418
-0.513803
-0.513803
-0.524824
-0.524824
-0.525087
-0.525087
-0.53003
-0.53003
-0.530602
-0.530602
-0.533708
-0.533708
-0.539169
-0.539169
-0.539791
-0.539791
-0.54974
-0.54974
-0.558759
-0.558759
-0.570257
-0.570257
-0.579148
-0.579148
-0.579872
-0.579872
-0.580452
-0.580452
-0.581384
-0.581384
-0.58392
-0.58392
-0.586119
-0.586119
-0.59022
-0.59022
-0.592786
-0.592786
-0.594662
-0.594662
-0.596785
-0.596785
-0.597712
-0.597712
-0.605325
-0.605325
-0.608036
-0.608036
-0.625937
-0.625937
