n=16
J=0.707107
eta=1.01333
mu=0.1
beta-optimal=0
max-overlap=0
-0.15271
-0.15271
-0.154432
-0.154432
-0.15737
-0.15737
-0.157949
-0.157949
-0.161621
-0.161621
-0.165205
-0.165205
-0.167376
-0.167376
-0.171342
-0.171342
-0.173168
-0.173168
-0.181275
-0.181275
-0.18194
-0.18194
-0.185664
-0.185664
-0.187311
-0.187311
-0.189285
-0.189285
-0.192174
-0.192174
-0.192381
-0.192381
-0.207711
-0.207711
-0.208687
-0.208687
-0.211104
-0.211104
-0.213842
-0.213842
-0.218004
-0.218004
-0.224382
-0.224382
-0.227422
-0.227422
-0.227594
-0.227594
-0.233788
-0.233788
-0.240728
-0.240728
-0.241542
-0.241542
-0.243332
-0.243332
-0.24988
-0.24988
-0.251954
-0.251954
-0.253826
-0.253826
-0.257577
-0.257577
-0.262803
-0.262803
-0.265719
-0.265719
-0.26907
-0.26907
-0.269753
-0.269753
-0.298447
-0.298447
-0.300529
-0.300529
-0.303395
-0.303395
-0.307966
-0.307966
-0.30797
-0.30797
-0.308759
-0.308759
-0.308845
-0.308845
-0.310498
-0.310498
-0.313898
-0.313898
-0.316313
-0.316313
-0.317526
-0.317526
-0.320346
-0.320346
-0.321131
-0.321131
-0.324773
-0.324773
-0.325428
-0.325428
-0.327802
-0.327802
-0.428323
-0.428323
-0.435776
-0.435776
-0.436537
-0.436537
-0.437576
-0.437576
-0.437758
-0.437758
-0.44017
-0.44017
-0.441205
-0.441205
-0.441621
-0.441621
-0.442351
-0.442351
-0.44327
-0.44327
-0.444139
-0.444139
-0.44456
-0.44456
-0.446623
-0.446623
-0.44873
-0.44873
-0.457247
-0.457247
-0.459841
-0.459841
-0.478542
-0.478542
-0.47895
-0.47895
-0.497054
-0.497054
-0.497207
-0.497207
-0.502044
-0.502044
-0.503061
-0.503061
-0.507448
-0.507448
-0.509764
-0.509764
-0.517917
-0.517917
-0.51861
-0.51861
-0.52399
-0.52399
-0.524428
-0.524428
-0.530797
-0.530797
-0.532266
-0.532266
-0.533219
-0.533219
-0.548454
-0.548454
-0.557059
-0.557059
-0.567648
-0.567648
-0.571686
-0.571686
-0.57224
-0.57224
-0.574874
-0.574874
-0.575492
-0.575492
-0.5769
-0.5769
-0.579252
-0.579252
-0.587763
-0.587763
-0.589028
-0.589028
-0.589055
-0.589055
-0.591026
-0.591026
-0.591615
-0.591615
-0.596929
-0.596929
-0.599
-0.599
-0.625937
-0.625937
