n=16
J=0.707107
eta=2
mu=0.1
beta-optimal=0
max-overlap=0
-0.219258
-0.219258
-0.225467
-0.225467
-0.227594
-0.227594
-0.228204
-0.228204
-0.238669
-0.238669
-0.247896
-0.247896
-0.250439
-0.250439
-0.253175
-0.253175
-0.26042
-0.26042
-0.26709
-0.26709
-0.269392
-0.269392
-0.274297
-0.274297
-0.277619
-0.277619
-0.28259
-0.28259
-0.289238
-0.289238
-0.304605
-0.304605
-0.309231
-0.309231
-0.310498
-0.310498
-0.311921
-0.311921
-0.316364
-0.316364
-0.324497
-0.324497
-0.344543
-0.344543
-0.345301
-0.345301
-0.350032
-0.350032
-0.355389
-0.355389
-0.363312
-0.363312
-0.368204
-0.368204
-0.379014
-0.379014
-0.393915
-0.393915
-0.398585
-0.398585
-0.405351
-0.405351
-0.410906
-0.410906
-0.420735
-0.420735
-0.422816
-0.422816
-0.423786
-0.423786
-0.428323
-0.428323
-0.433411
-0.433411
-0.441486
-0.441486
-0.450608
-0.450608
-0.456695
-0.456695
-0.46984
-0.46984
-0.478542
-0.478542
-0.482005
-0.482005
-0.48477
-0.48477
-0.486097
-0.486097
-0.517385
-0.517385
-0.518749
-0.518749
-0.529393
-0.529393
-0.537305
-0.537305
-0.544075
-0.544075
-0.553037
-0.553037
-0.554434
-0.554434
-0.555318
-0.555318
-0.571481
-0.571481
-0.580185
-0.580185
-0.586571
-0.586571
-0.588042
-0.588042
-0.592807
-0.592807
-0.596245
-0.596245
-0.602727
-0.602727
-0.623333
-0.623333
-0.625233
-0.625233
-0.625937
-0.625937
-0.629203
-0.629203
-0.64108
-0.64108
-0.650186
-0.650186
-0.654856
-0.654856
-0.658711
-0.658711
-0.670856
-0.670856
-0.6778
-0.6778
-0.681685
-0.681685
-0.703273
-0.703273
-0.708748
-0.708748
-0.7091
-0.7091
-0.721124
-0.721124
-0.722414
-0.722414
-0.727405
-0.727405
-0.731104
-0.731104
-0.746452
-0.746452
-0.748837
-0.748837
-0.754126
-0.754126
-0.76789
-0.76789
-0.770118
-0.770118
-0.798467
-0.798467
-0.814162
-0.814162
-0.815124
-0.815124
-0.841203
-0.841203
-0.858236
-0.858236
-0.876817
-0.876817
-0.886066
-0.886066
-0.931197
-0.931197
-0.940067
-0.940067
-0.951781
-0.951781
-0.977934
-0.977934
-0.982527
-0.982527
-1.00645
-1.00645
-1.0129
-1.0129
-1.10728
-1.10728
-1.11269
-1.11269
-1.14122
-1.14122
