n=32
J=0.707107
eta=0.99
mu=0.3
beta-optimal=0
max-overlap=0
-2.09705
-2.09705
-2.09853
-2.09853
-2.09981
-2.09981
-2.10147
-2.10147
-2.10387
-2.10387
-2.10393
-2.10393
-2.10435
-2.10435
-2.10649
-2.10649
-2.10773
-2.10773
-2.10955
-2.10955
-2.10985
-2.10985
-2.11256
-2.11256
-2.11328
-2.11328
-2.11337
-2.11337
-2.11568
-2.11568
-2.11575
-2.11575
-2.11707
-2.11707
-2.12048
-2.12048
-2.12149
-2.12149
-2.12442
-2.12442
-2.12443
-2.12443
-2.12593
-2.12593
-2.12813
-2.12813
-2.12867
-2.12867
-2.12885
-2.12885
-2.13036
-2.13036
-2.13513
-2.13513
-2.13647
-2.13647
-2.1375
-2.1375
-2.14054
-2.14054
-2.14179
-2.14179
-2.14362
-2.14362
-2.14678
-2.14678
-2.14775
-2.14775
-2.15082
-2.15082
-2.15265
-2.15265
-2.15856
-2.15856
-2.161
-2.161
-2.16257
-2.16257
-2.16641
-2.16641
-2.16707
-2.16707
-2.1687
-2.1687
-2.1704
-2.1704
-2.17332
-2.17332
-2.17454
-2.17454
-2.17977
-2.17977
-2.18195
-2.18195
-2.1839
-2.1839
-2.18587
-2.18587
-2.18962
-2.18962
-2.19375
-2.19375
-2.19753
-2.19753
-2.2009
-2.2009
-2.20431
-2.20431
-2.20595
-2.20595
-2.21021
-2.21021
-2.21187
-2.21187
-2.21265
-2.21265
-2.2173
-2.2173
-2.21883
-2.21883
-2.22242
-2.22242
-2.22775
-2.22775
-2.23326
-2.23326
-2.2353
-2.2353
-2.23821
-2.23821
-2.23947
-2.23947
-2.24493
-2.24493
-2.24705
-2.24705
-2.2523
-2.2523
-2.25666
-2.25666
-2.25954
-2.25954
-2.26482
-2.26482
-2.26986
-2.26986
-2.27252
-2.27252
-2.2746
-2.2746
-2.2859
-2.2859
-2.28967
-2.28967
-2.29662
-2.29662
-2.30023
-2.30023
-2.30487
-2.30487
-2.31279
-2.31279
-2.31519
-2.31519
-2.32376
-2.32376
-2.38948
-2.38948
-2.39346
-2.39346
-2.39579
-2.39579
-2.39788
-2.39788
-2.39941
-2.39941
-2.40334
-2.40334
-2.40695
-2.40695
-2.40843
-2.40843
-2.40961
-2.40961
-2.41152
-2.41152
-2.41287
-2.41287
-2.41536
-2.41536
-2.41778
-2.41778
-2.41905
-2.41905
-2.41975
-2.41975
-2.42386
-2.42386
-2.65573
-2.65573
