n=32
J=0.707107
eta=0.181818
mu=0.3
beta-optimal=0
max-overlap=0
-1.9558
-1.9558
-1.95887
-1.95887
-1.95967
-1.95967
-1.96131
-1.96131
-1.96185
-1.96185
-1.96354
-1.96354
-1.96456
-1.96456
-1.96563
-1.96563
-1.96844
-1.96844
-1.97025
-1.97025
-1.97075
-1.97075
-1.97389
-1.97389
-1.97398
-1.97398
-1.97629
-1.97629
-1.97911
-1.97911
-1.97912
-1.97912
-1.98249
-1.98249
-1.98568
-1.98568
-1.98684
-1.98684
-1.98839
-1.98839
-1.98899
-1.98899
-1.99053
-1.99053
-1.99196
-1.99196
-1.99218
-1.99218
-1.99452
-1.99452
-1.99671
-1.99671
-1.99728
-1.99728
-2.00129
-2.00129
-2.00173
-2.00173
-2.00186
-2.00186
-2.002
-2.002
-2.00323
-2.00323
-2.00446
-2.00446
-2.00599
-2.00599
-2.01002
-2.01002
-2.01008
-2.01008
-2.01593
-2.01593
-2.0172
-2.0172
-2.01964
-2.01964
-2.02038
-2.02038
-2.02147
-2.02147
-2.02538
-2.02538
-2.02568
-2.02568
-2.02762
-2.02762
-2.02811
-2.02811
-2.03291
-2.03291
-2.03488
-2.03488
-2.0386
-2.0386
-2.03938
-2.03938
-2.04228
-2.04228
-2.0491
-2.0491
-2.05039
-2.05039
-2.05138
-2.05138
-2.05576
-2.05576
-2.05604
-2.05604
-2.05822
-2.05822
-2.0616
-2.0616
-2.06392
-2.06392
-2.06865
-2.06865
-2.07278
-2.07278
-2.07814
-2.07814
-2.0825
-2.0825
-2.08779
-2.08779
-2.09267
-2.09267
-2.09542
-2.09542
-2.0991
-2.0991
-2.10323
-2.10323
-2.1099
-2.1099
-2.11033
-2.11033
-2.11497
-2.11497
-2.1182
-2.1182
-2.12364
-2.12364
-2.13194
-2.13194
-2.13351
-2.13351
-2.14414
-2.14414
-2.15147
-2.15147
-2.16519
-2.16519
-2.17013
-2.17013
-2.17764
-2.17764
-2.18382
-2.18382
-2.20005
-2.20005
-2.20852
-2.20852
-2.21523
-2.21523
-2.28306
-2.28306
-2.28869
-2.28869
-2.29024
-2.29024
-2.2919
-2.2919
-2.29447
-2.29447
-2.29846
-2.29846
-2.2996
-2.2996
-2.30198
-2.30198
-2.30404
-2.30404
-2.3046
-2.3046
-2.30844
-2.30844
-2.31301
-2.31301
-2.31415
-2.31415
-2.31541
-2.31541
-2.31881
-2.31881
-2.32245
-2.32245
-2.65556
-2.65556
