n=32
J=0.707107
eta=0.787879
mu=0.2
beta-optimal=0
max-overlap=0
-1.57737
-1.57737
-1.57793
-1.57793
-1.5795
-1.5795
-1.57953
-1.57953
-1.5799
-1.5799
-1.5819
-1.5819
-1.58222
-1.58222
-1.58361
-1.58361
-1.58377
-1.58377
-1.58413
-1.58413
-1.58475
-1.58475
-1.5858
-1.5858
-1.58741
-1.58741
-1.58834
-1.58834
-1.58904
-1.58904
-1.58914
-1.58914
-1.5903
-1.5903
-1.59184
-1.59184
-1.59287
-1.59287
-1.59498
-1.59498
-1.5957
-1.5957
-1.59633
-1.59633
-1.59893
-1.59893
-1.5999
-1.5999
-1.60046
-1.60046
-1.60205
-1.60205
-1.60278
-1.60278
-1.60294
-1.60294
-1.60413
-1.60413
-1.60544
-1.60544
-1.60674
-1.60674
-1.60809
-1.60809
-1.60899
-1.60899
-1.61003
-1.61003
-1.61033
-1.61033
-1.61214
-1.61214
-1.61333
-1.61333
-1.6147
-1.6147
-1.61513
-1.61513
-1.61735
-1.61735
-1.6174
-1.6174
-1.61952
-1.61952
-1.6205
-1.6205
-1.62368
-1.62368
-1.62421
-1.62421
-1.62641
-1.62641
-1.62756
-1.62756
-1.62854
-1.62854
-1.62956
-1.62956
-1.63179
-1.63179
-1.63407
-1.63407
-1.63467
-1.63467
-1.63642
-1.63642
-1.63815
-1.63815
-1.6392
-1.6392
-1.64173
-1.64173
-1.64348
-1.64348
-1.64434
-1.64434
-1.64505
-1.64505
-1.64873
-1.64873
-1.64977
-1.64977
-1.6566
-1.6566
-1.6582
-1.6582
-1.66125
-1.66125
-1.66334
-1.66334
-1.66585
-1.66585
-1.67109
-1.67109
-1.67209
-1.67209
-1.67799
-1.67799
-1.68197
-1.68197
-1.68308
-1.68308
-1.68606
-1.68606
-1.69237
-1.69237
-1.69748
-1.69748
-1.69936
-1.69936
-1.70567
-1.70567
-1.71658
-1.71658
-1.72341
-1.72341
-1.72361
-1.72361
-1.7296
-1.7296
-1.74113
-1.74113
-1.74275
-1.74275
-1.75497
-1.75497
-1.7665
-1.7665
-1.76659
-1.76659
-1.76788
-1.76788
-1.7684
-1.7684
-1.76895
-1.76895
-1.77052
-1.77052
-1.77121
-1.77121
-1.77238
-1.77238
-1.77317
-1.77317
-1.77438
-1.77438
-1.77486
-1.77486
-1.77585
-1.77585
-1.77691
-1.77691
-1.77808
-1.77808
-1.77872
-1.77872
-1.77895
-1.77895
-1.96044
-1.96044
