n=32
J=0.707107
eta=0.383838
mu=0.2
beta-optimal=0
max-overlap=0
-1.50038
-1.50038
-1.50171
-1.50171
-1.50187
-1.50187
-1.50314
-1.50314
-1.50429
-1.50429
-1.50525
-1.50525
-1.50568
-1.50568
-1.50729
-1.50729
-1.50867
-1.50867
-1.50919
-1.50919
-1.51026
-1.51026
-1.5107
-1.5107
-1.51235
-1.51235
-1.51285
-1.51285
-1.51348
-1.51348
-1.51369
-1.51369
-1.51507
-1.51507
-1.51611
-1.51611
-1.51777
-1.51777
-1.51793
-1.51793
-1.51865
-1.51865
-1.52013
-1.52013
-1.52164
-1.52164
-1.52168
-1.52168
-1.52313
-1.52313
-1.52502
-1.52502
-1.5263
-1.5263
-1.52674
-1.52674
-1.52882
-1.52882
-1.5298
-1.5298
-1.5301
-1.5301
-1.53106
-1.53106
-1.53381
-1.53381
-1.53411
-1.53411
-1.53545
-1.53545
-1.5409
-1.5409
-1.54133
-1.54133
-1.54296
-1.54296
-1.54549
-1.54549
-1.54678
-1.54678
-1.54732
-1.54732
-1.54953
-1.54953
-1.55057
-1.55057
-1.5513
-1.5513
-1.55341
-1.55341
-1.55486
-1.55486
-1.55772
-1.55772
-1.55928
-1.55928
-1.56036
-1.56036
-1.56091
-1.56091
-1.56278
-1.56278
-1.56605
-1.56605
-1.5667
-1.5667
-1.57075
-1.57075
-1.57082
-1.57082
-1.57479
-1.57479
-1.57665
-1.57665
-1.58035
-1.58035
-1.58107
-1.58107
-1.58154
-1.58154
-1.58317
-1.58317
-1.58477
-1.58477
-1.58989
-1.58989
-1.59024
-1.59024
-1.59328
-1.59328
-1.59562
-1.59562
-1.59628
-1.59628
-1.60173
-1.60173
-1.6034
-1.6034
-1.60481
-1.60481
-1.60957
-1.60957
-1.60957
-1.60957
-1.61539
-1.61539
-1.618
-1.618
-1.62644
-1.62644
-1.63402
-1.63402
-1.65002
-1.65002
-1.65491
-1.65491
-1.65945
-1.65945
-1.66647
-1.66647
-1.68204
-1.68204
-1.68745
-1.68745
-1.68919
-1.68919
-1.6959
-1.6959
-1.69682
-1.69682
-1.69891
-1.69891
-1.70086
-1.70086
-1.70171
-1.70171
-1.7063
-1.7063
-1.70675
-1.70675
-1.71
-1.71
-1.71145
-1.71145
-1.71237
-1.71237
-1.71711
-1.71711
-1.721
-1.721
-1.72266
-1.72266
-1.72378
-1.72378
-1.72695
-1.72695
-1.73087
-1.73087
-1.96006
-1.96006
