n=32
J=0.707107
eta=0.525253
mu=0.3
beta-optimal=0
max-overlap=0
-1.9918
-1.9918
-1.99302
-1.99302
-1.99392
-1.99392
-1.99494
-1.99494
-1.99588
-1.99588
-1.99866
-1.99866
-1.99977
-1.99977
-2.00153
-2.00153
-2.00436
-2.00436
-2.00442
-2.00442
-2.00811
-2.00811
-2.01003
-2.01003
-2.01115
-2.01115
-2.01268
-2.01268
-2.01452
-2.01452
-2.01528
-2.01528
-2.01698
-2.01698
-2.01755
-2.01755
-2.01952
-2.01952
-2.02159
-2.02159
-2.02296
-2.02296
-2.02469
-2.02469
-2.02571
-2.02571
-2.02592
-2.02592
-2.02892
-2.02892
-2.02971
-2.02971
-2.03141
-2.03141
-2.03347
-2.03347
-2.03498
-2.03498
-2.03638
-2.03638
-2.0401
-2.0401
-2.04156
-2.04156
-2.0421
-2.0421
-2.04259
-2.04259
-2.04537
-2.04537
-2.04538
-2.04538
-2.04634
-2.04634
-2.04694
-2.04694
-2.04773
-2.04773
-2.05179
-2.05179
-2.05402
-2.05402
-2.0569
-2.0569
-2.05812
-2.05812
-2.05928
-2.05928
-2.06284
-2.06284
-2.06477
-2.06477
-2.06789
-2.06789
-2.06897
-2.06897
-2.07229
-2.07229
-2.07379
-2.07379
-2.07937
-2.07937
-2.08198
-2.08198
-2.08594
-2.08594
-2.08812
-2.08812
-2.09381
-2.09381
-2.0955
-2.0955
-2.10008
-2.10008
-2.10094
-2.10094
-2.10352
-2.10352
-2.11011
-2.11011
-2.11402
-2.11402
-2.11993
-2.11993
-2.12342
-2.12342
-2.12838
-2.12838
-2.13194
-2.13194
-2.1325
-2.1325
-2.13864
-2.13864
-2.14172
-2.14172
-2.14452
-2.14452
-2.15031
-2.15031
-2.15106
-2.15106
-2.15533
-2.15533
-2.16382
-2.16382
-2.16651
-2.16651
-2.17443
-2.17443
-2.18049
-2.18049
-2.19563
-2.19563
-2.20107
-2.20107
-2.20476
-2.20476
-2.20909
-2.20909
-2.2261
-2.2261
-2.23246
-2.23246
-2.24068
-2.24068
-2.31944
-2.31944
-2.32212
-2.32212
-2.32257
-2.32257
-2.32403
-2.32403
-2.32529
-2.32529
-2.327
-2.327
-2.32798
-2.32798
-2.32911
-2.32911
-2.32953
-2.32953
-2.33034
-2.33034
-2.33248
-2.33248
-2.33407
-2.33407
-2.3344
-2.3344
-2.33536
-2.33536
-2.33698
-2.33698
-2.33855
-2.33855
-2.6556
-2.6556
