n=32
J=0.707107
eta=0.848485
mu=0.3
beta-optimal=0
max-overlap=0
-2.05838
-2.05838
-2.05964
-2.05964
-2.06221
-2.06221
-2.06284
-2.06284
-2.06382
-2.06382
-2.06534
-2.06534
-2.06655
-2.06655
-2.0667
-2.0667
-2.06961
-2.06961
-2.07114
-2.07114
-2.07202
-2.07202
-2.07298
-2.07298
-2.07432
-2.07432
-2.07565
-2.07565
-2.07912
-2.07912
-2.07946
-2.07946
-2.08121
-2.08121
-2.08301
-2.08301
-2.08343
-2.08343
-2.08358
-2.08358
-2.08427
-2.08427
-2.08568
-2.08568
-2.08799
-2.08799
-2.09133
-2.09133
-2.09359
-2.09359
-2.0941
-2.0941
-2.09497
-2.09497
-2.0969
-2.0969
-2.09758
-2.09758
-2.09935
-2.09935
-2.10128
-2.10128
-2.10325
-2.10325
-2.10524
-2.10524
-2.10547
-2.10547
-2.10857
-2.10857
-2.11108
-2.11108
-2.11557
-2.11557
-2.11618
-2.11618
-2.11888
-2.11888
-2.12053
-2.12053
-2.12191
-2.12191
-2.12488
-2.12488
-2.12523
-2.12523
-2.12793
-2.12793
-2.13126
-2.13126
-2.13437
-2.13437
-2.13801
-2.13801
-2.13939
-2.13939
-2.14272
-2.14272
-2.1463
-2.1463
-2.15214
-2.15214
-2.15452
-2.15452
-2.15726
-2.15726
-2.16118
-2.16118
-2.16448
-2.16448
-2.16778
-2.16778
-2.16872
-2.16872
-2.17193
-2.17193
-2.17369
-2.17369
-2.17655
-2.17655
-2.1804
-2.1804
-2.18913
-2.18913
-2.1914
-2.1914
-2.19433
-2.19433
-2.19773
-2.19773
-2.1987
-2.1987
-2.20429
-2.20429
-2.20793
-2.20793
-2.21215
-2.21215
-2.21612
-2.21612
-2.21839
-2.21839
-2.22055
-2.22055
-2.22837
-2.22837
-2.23343
-2.23343
-2.23555
-2.23555
-2.24242
-2.24242
-2.25358
-2.25358
-2.2598
-2.2598
-2.26057
-2.26057
-2.26534
-2.26534
-2.2786
-2.2786
-2.28174
-2.28174
-2.29139
-2.29139
-2.36968
-2.36968
-2.37158
-2.37158
-2.37211
-2.37211
-2.37368
-2.37368
-2.37432
-2.37432
-2.376
-2.376
-2.37779
-2.37779
-2.37883
-2.37883
-2.37949
-2.37949
-2.37982
-2.37982
-2.38125
-2.38125
-2.3817
-2.3817
-2.38314
-2.38314
-2.38393
-2.38393
-2.38426
-2.38426
-2.38584
-2.38584
-2.65568
-2.65568
