n=32
J=0.707107
eta=0.282828
mu=0.1
beta-optimal=0
max-overlap=0
-1.13786
-1.13786
-1.13831
-1.13831
-1.13863
-1.13863
-1.13865
-1.13865
-1.13946
-1.13946
-1.14006
-1.14006
-1.14015
-1.14015
-1.14107
-1.14107
-1.14112
-1.14112
-1.14182
-1.14182
-1.14258
-1.14258
-1.14286
-1.14286
-1.14371
-1.14371
-1.14419
-1.14419
-1.14461
-1.14461
-1.1455
-1.1455
-1.14557
-1.14557
-1.14651
-1.14651
-1.1472
-1.1472
-1.14746
-1.14746
-1.14856
-1.14856
-1.14877
-1.14877
-1.1509
-1.1509
-1.15116
-1.15116
-1.15199
-1.15199
-1.1522
-1.1522
-1.15295
-1.15295
-1.15354
-1.15354
-1.15385
-1.15385
-1.15473
-1.15473
-1.15548
-1.15548
-1.15638
-1.15638
-1.15668
-1.15668
-1.15679
-1.15679
-1.15721
-1.15721
-1.159
-1.159
-1.16009
-1.16009
-1.16049
-1.16049
-1.16099
-1.16099
-1.16203
-1.16203
-1.16393
-1.16393
-1.16505
-1.16505
-1.1661
-1.1661
-1.16627
-1.16627
-1.16654
-1.16654
-1.16775
-1.16775
-1.16937
-1.16937
-1.16987
-1.16987
-1.17078
-1.17078
-1.17116
-1.17116
-1.17232
-1.17232
-1.17343
-1.17343
-1.17369
-1.17369
-1.1758
-1.1758
-1.17687
-1.17687
-1.1771
-1.1771
-1.17747
-1.17747
-1.1782
-1.1782
-1.18077
-1.18077
-1.18205
-1.18205
-1.18215
-1.18215
-1.18276
-1.18276
-1.18327
-1.18327
-1.18457
-1.18457
-1.18587
-1.18587
-1.18652
-1.18652
-1.18668
-1.18668
-1.18889
-1.18889
-1.19098
-1.19098
-1.19216
-1.19216
-1.19417
-1.19417
-1.19498
-1.19498
-1.19581
-1.19581
-1.19643
-1.19643
-1.19802
-1.19802
-1.19853
-1.19853
-1.20398
-1.20398
-1.20811
-1.20811
-1.20984
-1.20984
-1.20987
-1.20987
-1.21082
-1.21082
-1.21269
-1.21269
-1.21451
-1.21451
-1.21935
-1.21935
-1.22226
-1.22226
-1.22516
-1.22516
-1.22689
-1.22689
-1.22826
-1.22826
-1.23218
-1.23218
-1.23379
-1.23379
-1.23439
-1.23439
-1.23617
-1.23617
-1.23915
-1.23915
-1.23988
-1.23988
-1.24279
-1.24279
-1.24418
-1.24418
-1.24613
-1.24613
-1.25023
-1.25023
-1.26567
-1.26567
-1.37346
-1.37346
