n=32
J=0.707107
eta=0.666667
mu=0.3
beta-optimal=0
max-overlap=0
-2.01466
-2.01466
-2.01835
-2.01835
-2.02026
-2.02026
-2.02272
-2.02272
-2.02434
-2.02434
-2.02582
-2.02582
-2.02848
-2.02848
-2.02858
-2.02858
-2.02918
-2.02918
-2.02979
-2.02979
-2.03201
-2.03201
-2.03258
-2.03258
-2.03469
-2.03469
-2.03482
-2.03482
-2.03851
-2.03851
-2.03858
-2.03858
-2.04116
-2.04116
-2.04203
-2.04203
-2.04278
-2.04278
-2.04502
-2.04502
-2.04606
-2.04606
-2.04747
-2.04747
-2.04905
-2.04905
-2.05066
-2.05066
-2.05174
-2.05174
-2.05558
-2.05558
-2.05652
-2.05652
-2.05713
-2.05713
-2.05805
-2.05805
-2.05993
-2.05993
-2.06164
-2.06164
-2.06207
-2.06207
-2.06555
-2.06555
-2.0684
-2.0684
-2.06994
-2.06994
-2.07085
-2.07085
-2.07226
-2.07226
-2.07255
-2.07255
-2.07437
-2.07437
-2.07602
-2.07602
-2.07734
-2.07734
-2.0821
-2.0821
-2.08251
-2.08251
-2.08402
-2.08402
-2.08717
-2.08717
-2.08721
-2.08721
-2.09111
-2.09111
-2.09238
-2.09238
-2.09675
-2.09675
-2.10016
-2.10016
-2.10735
-2.10735
-2.11002
-2.11002
-2.1112
-2.1112
-2.11542
-2.11542
-2.12119
-2.12119
-2.12212
-2.12212
-2.12641
-2.12641
-2.12752
-2.12752
-2.12916
-2.12916
-2.13555
-2.13555
-2.1389
-2.1389
-2.14581
-2.14581
-2.14906
-2.14906
-2.15254
-2.15254
-2.15642
-2.15642
-2.15788
-2.15788
-2.16457
-2.16457
-2.1658
-2.1658
-2.16885
-2.16885
-2.17498
-2.17498
-2.17535
-2.17535
-2.17868
-2.17868
-2.18765
-2.18765
-2.19155
-2.19155
-2.19643
-2.19643
-2.20225
-2.20225
-2.2174
-2.2174
-2.22297
-2.22297
-2.22525
-2.22525
-2.22816
-2.22816
-2.24525
-2.24525
-2.2502
-2.2502
-2.25928
-2.25928
-2.34395
-2.34395
-2.34457
-2.34457
-2.34496
-2.34496
-2.3461
-2.3461
-2.34644
-2.34644
-2.34695
-2.34695
-2.34721
-2.34721
-2.34769
-2.34769
-2.34805
-2.34805
-2.34861
-2.34861
-2.34895
-2.34895
-2.3494
-2.3494
-2.34995
-2.34995
-2.35015
-2.35015
-2.35044
-2.35044
-2.35078
-2.35078
-2.65563
-2.65563
