n=32
J=0.707107
eta=0.40404
mu=0.2
beta-optimal=0
max-overlap=0
-1.5025
-1.5025
-1.504
-1.504
-1.50423
-1.50423
-1.50543
-1.50543
-1.50676
-1.50676
-1.50746
-1.50746
-1.50847
-1.50847
-1.51009
-1.51009
-1.51119
-1.51119
-1.51166
-1.51166
-1.51242
-1.51242
-1.51278
-1.51278
-1.51446
-1.51446
-1.51485
-1.51485
-1.5155
-1.5155
-1.51601
-1.51601
-1.51708
-1.51708
-1.51819
-1.51819
-1.51973
-1.51973
-1.51986
-1.51986
-1.5214
-1.5214
-1.522
-1.522
-1.52367
-1.52367
-1.52406
-1.52406
-1.52606
-1.52606
-1.5281
-1.5281
-1.52825
-1.52825
-1.52864
-1.52864
-1.53063
-1.53063
-1.53111
-1.53111
-1.53195
-1.53195
-1.53397
-1.53397
-1.53574
-1.53574
-1.5372
-1.5372
-1.53848
-1.53848
-1.54278
-1.54278
-1.54427
-1.54427
-1.54572
-1.54572
-1.54715
-1.54715
-1.54847
-1.54847
-1.55011
-1.55011
-1.55232
-1.55232
-1.55245
-1.55245
-1.55408
-1.55408
-1.55501
-1.55501
-1.55767
-1.55767
-1.56035
-1.56035
-1.56074
-1.56074
-1.56191
-1.56191
-1.56247
-1.56247
-1.5655
-1.5655
-1.56754
-1.56754
-1.56943
-1.56943
-1.5722
-1.5722
-1.57357
-1.57357
-1.57748
-1.57748
-1.578
-1.578
-1.58242
-1.58242
-1.58279
-1.58279
-1.58304
-1.58304
-1.58588
-1.58588
-1.58728
-1.58728
-1.5915
-1.5915
-1.59251
-1.59251
-1.59449
-1.59449
-1.59812
-1.59812
-1.59869
-1.59869
-1.60433
-1.60433
-1.6058
-1.6058
-1.60593
-1.60593
-1.61068
-1.61068
-1.61184
-1.61184
-1.61769
-1.61769
-1.62047
-1.62047
-1.62861
-1.62861
-1.6361
-1.6361
-1.65216
-1.65216
-1.65706
-1.65706
-1.66139
-1.66139
-1.66824
-1.66824
-1.68382
-1.68382
-1.68909
-1.68909
-1.69211
-1.69211
-1.6986
-1.6986
-1.69949
-1.69949
-1.70139
-1.70139
-1.70249
-1.70249
-1.70408
-1.70408
-1.70862
-1.70862
-1.70886
-1.70886
-1.7121
-1.7121
-1.71351
-1.71351
-1.71433
-1.71433
-1.71891
-1.71891
-1.72255
-1.72255
-1.72416
-1.72416
-1.72517
-1.72517
-1.72828
-1.72828
-1.732
-1.732
-1.96007
-1.96007
