n=32
J=0.707107
eta=0.262626
mu=0.3
beta-optimal=0
max-overlap=0
-1.96259
-1.96259
-1.96272
-1.96272
-1.96497
-1.96497
-1.9664
-1.9664
-1.96734
-1.96734
-1.96879
-1.96879
-1.96931
-1.96931
-1.97119
-1.97119
-1.97195
-1.97195
-1.97382
-1.97382
-1.97745
-1.97745
-1.97764
-1.97764
-1.98048
-1.98048
-1.98277
-1.98277
-1.98285
-1.98285
-1.98565
-1.98565
-1.98889
-1.98889
-1.99039
-1.99039
-1.99194
-1.99194
-1.99225
-1.99225
-1.99511
-1.99511
-1.99521
-1.99521
-1.99687
-1.99687
-1.99783
-1.99783
-1.9984
-1.9984
-2.00346
-2.00346
-2.00355
-2.00355
-2.00486
-2.00486
-2.0051
-2.0051
-2.0064
-2.0064
-2.00752
-2.00752
-2.00863
-2.00863
-2.01058
-2.01058
-2.01194
-2.01194
-2.01306
-2.01306
-2.0161
-2.0161
-2.01884
-2.01884
-2.02309
-2.02309
-2.02435
-2.02435
-2.0256
-2.0256
-2.0265
-2.0265
-2.02851
-2.02851
-2.03035
-2.03035
-2.03161
-2.03161
-2.03373
-2.03373
-2.0376
-2.0376
-2.03863
-2.03863
-2.04203
-2.04203
-2.04461
-2.04461
-2.04817
-2.04817
-2.05389
-2.05389
-2.05477
-2.05477
-2.05569
-2.05569
-2.05856
-2.05856
-2.06123
-2.06123
-2.06368
-2.06368
-2.06729
-2.06729
-2.0692
-2.0692
-2.07382
-2.07382
-2.07826
-2.07826
-2.08347
-2.08347
-2.08803
-2.08803
-2.093
-2.093
-2.09821
-2.09821
-2.10051
-2.10051
-2.10387
-2.10387
-2.10829
-2.10829
-2.11456
-2.11456
-2.11537
-2.11537
-2.12013
-2.12013
-2.1229
-2.1229
-2.12818
-2.12818
-2.13657
-2.13657
-2.13808
-2.13808
-2.14853
-2.14853
-2.15562
-2.15562
-2.16962
-2.16962
-2.17463
-2.17463
-2.18151
-2.18151
-2.18745
-2.18745
-2.20379
-2.20379
-2.21195
-2.21195
-2.2189
-2.2189
-2.28849
-2.28849
-2.29366
-2.29366
-2.29504
-2.29504
-2.29667
-2.29667
-2.299
-2.299
-2.30271
-2.30271
-2.30375
-2.30375
-2.306
-2.306
-2.30778
-2.30778
-2.30835
-2.30835
-2.31194
-2.31194
-2.31608
-2.31608
-2.3171
-2.3171
-2.31829
-2.31829
-2.32145
-2.32145
-2.32478
-2.32478
-2.65556
-2.65556
