n=32
J=0.707107
eta=0.0606061
mu=0.3
beta-optimal=0
max-overlap=0
-1.95099
-1.95099
-1.95409
-1.95409
-1.95584
-1.95584
-1.9562
-1.9562
-1.95835
-1.95835
-1.95912
-1.95912
-1.96047
-1.96047
-1.96264
-1.96264
-1.96525
-1.96525
-1.9656
-1.9656
-1.96734
-1.96734
-1.96861
-1.96861
-1.97083
-1.97083
-1.97085
-1.97085
-1.97369
-1.97369
-1.97614
-1.97614
-1.97727
-1.97727
-1.98025
-1.98025
-1.98379
-1.98379
-1.98395
-1.98395
-1.98549
-1.98549
-1.9855
-1.9855
-1.98708
-1.98708
-1.98943
-1.98943
-1.99117
-1.99117
-1.99185
-1.99185
-1.99217
-1.99217
-1.99611
-1.99611
-1.99659
-1.99659
-1.99908
-1.99908
-1.99934
-1.99934
-1.99949
-1.99949
-2.00068
-2.00068
-2.00114
-2.00114
-2.00519
-2.00519
-2.00757
-2.00757
-2.01233
-2.01233
-2.01358
-2.01358
-2.01472
-2.01472
-2.01547
-2.01547
-2.01914
-2.01914
-2.02027
-2.02027
-2.0234
-2.0234
-2.02348
-2.02348
-2.02542
-2.02542
-2.02826
-2.02826
-2.03268
-2.03268
-2.0337
-2.0337
-2.03723
-2.03723
-2.03745
-2.03745
-2.04448
-2.04448
-2.04607
-2.04607
-2.04936
-2.04936
-2.05129
-2.05129
-2.05378
-2.05378
-2.054
-2.054
-2.05698
-2.05698
-2.0596
-2.0596
-2.06439
-2.06439
-2.06834
-2.06834
-2.07376
-2.07376
-2.078
-2.078
-2.08354
-2.08354
-2.08812
-2.08812
-2.09131
-2.09131
-2.09523
-2.09523
-2.09911
-2.09911
-2.10597
-2.10597
-2.10632
-2.10632
-2.11077
-2.11077
-2.11438
-2.11438
-2.11997
-2.11997
-2.12815
-2.12815
-2.12987
-2.12987
-2.14058
-2.14058
-2.1481
-2.1481
-2.16159
-2.16159
-2.16648
-2.16648
-2.1745
-2.1745
-2.18088
-2.18088
-2.19701
-2.19701
-2.20574
-2.20574
-2.21226
-2.21226
-2.27861
-2.27861
-2.28461
-2.28461
-2.28632
-2.28632
-2.28799
-2.28799
-2.29076
-2.29076
-2.29498
-2.29498
-2.29623
-2.29623
-2.2987
-2.2987
-2.30099
-2.30099
-2.30154
-2.30154
-2.30559
-2.30559
-2.31051
-2.31051
-2.31174
-2.31174
-2.31307
-2.31307
-2.31667
-2.31667
-2.32056
-2.32056
-2.65555
-2.65555
