n=32
J=0.707107
eta=0.343434
mu=0.3
beta-optimal=0
max-overlap=0
-1.97001
-1.97001
-1.97014
-1.97014
-1.97206
-1.97206
-1.97258
-1.97258
-1.97439
-1.97439
-1.97551
-1.97551
-1.9768
-1.9768
-1.97824
-1.97824
-1.97873
-1.97873
-1.98027
-1.98027
-1.9828
-1.9828
-1.98654
-1.98654
-1.9878
-1.9878
-1.98925
-1.98925
-1.99167
-1.99167
-1.99438
-1.99438
-1.99525
-1.99525
-1.99682
-1.99682
-1.99765
-1.99765
-1.99949
-1.99949
-2.00108
-2.00108
-2.00239
-2.00239
-2.00344
-2.00344
-2.00578
-2.00578
-2.00688
-2.00688
-2.00907
-2.00907
-2.00965
-2.00965
-2.01082
-2.01082
-2.01196
-2.01196
-2.01285
-2.01285
-2.01587
-2.01587
-2.01727
-2.01727
-2.01757
-2.01757
-2.019
-2.019
-2.02016
-2.02016
-2.02287
-2.02287
-2.02439
-2.02439
-2.02832
-2.02832
-2.03108
-2.03108
-2.03241
-2.03241
-2.03361
-2.03361
-2.03414
-2.03414
-2.03501
-2.03501
-2.04
-2.04
-2.04136
-2.04136
-2.04137
-2.04137
-2.04572
-2.04572
-2.04651
-2.04651
-2.05284
-2.05284
-2.05616
-2.05616
-2.05736
-2.05736
-2.06205
-2.06205
-2.06247
-2.06247
-2.06299
-2.06299
-2.06877
-2.06877
-2.07116
-2.07116
-2.07512
-2.07512
-2.07647
-2.07647
-2.08085
-2.08085
-2.08578
-2.08578
-2.09071
-2.09071
-2.09559
-2.09559
-2.10013
-2.10013
-2.10566
-2.10566
-2.10763
-2.10763
-2.11044
-2.11044
-2.11527
-2.11527
-2.12091
-2.12091
-2.12226
-2.12226
-2.12723
-2.12723
-2.12941
-2.12941
-2.13445
-2.13445
-2.14289
-2.14289
-2.14451
-2.14451
-2.15456
-2.15456
-2.16135
-2.16135
-2.17569
-2.17569
-2.18081
-2.18081
-2.18685
-2.18685
-2.19245
-2.19245
-2.20896
-2.20896
-2.21669
-2.21669
-2.22395
-2.22395
-2.29586
-2.29586
-2.30043
-2.30043
-2.30156
-2.30156
-2.30317
-2.30317
-2.30519
-2.30519
-2.30848
-2.30848
-2.30943
-2.30943
-2.31149
-2.31149
-2.31288
-2.31288
-2.3135
-2.3135
-2.31675
-2.31675
-2.3203
-2.3203
-2.32114
-2.32114
-2.32225
-2.32225
-2.32507
-2.32507
-2.32799
-2.32799
-2.65557
-2.65557
