n=32
J=0.707107
eta=0.994242
mu=0.2
beta-optimal=0
max-overlap=0
-1.64611
-1.64611
-1.64627
-1.64627
-1.64698
-1.64698
-1.64812
-1.64812
-1.64827
-1.64827
-1.6493
-1.6493
-1.65017
-1.65017
-1.65165
-1.65165
-1.65199
-1.65199
-1.65212
-1.65212
-1.65259
-1.65259
-1.65308
-1.65308
-1.65407
-1.65407
-1.65509
-1.65509
-1.6561
-1.6561
-1.65657
-1.65657
-1.6574
-1.6574
-1.65872
-1.65872
-1.65956
-1.65956
-1.66149
-1.66149
-1.66184
-1.66184
-1.66295
-1.66295
-1.66359
-1.66359
-1.66411
-1.66411
-1.66456
-1.66456
-1.66701
-1.66701
-1.66793
-1.66793
-1.66833
-1.66833
-1.66949
-1.66949
-1.67092
-1.67092
-1.67213
-1.67213
-1.67238
-1.67238
-1.67264
-1.67264
-1.67435
-1.67435
-1.67531
-1.67531
-1.67729
-1.67729
-1.67747
-1.67747
-1.67935
-1.67935
-1.68017
-1.68017
-1.681
-1.681
-1.68148
-1.68148
-1.68285
-1.68285
-1.68387
-1.68387
-1.68652
-1.68652
-1.68661
-1.68661
-1.68775
-1.68775
-1.6892
-1.6892
-1.69213
-1.69213
-1.69226
-1.69226
-1.69415
-1.69415
-1.69711
-1.69711
-1.69929
-1.69929
-1.70308
-1.70308
-1.70454
-1.70454
-1.70731
-1.70731
-1.71188
-1.71188
-1.7125
-1.7125
-1.71455
-1.71455
-1.71651
-1.71651
-1.71879
-1.71879
-1.72131
-1.72131
-1.72202
-1.72202
-1.72954
-1.72954
-1.73061
-1.73061
-1.73318
-1.73318
-1.73521
-1.73521
-1.73933
-1.73933
-1.73991
-1.73991
-1.7466
-1.7466
-1.74846
-1.74846
-1.7535
-1.7535
-1.75608
-1.75608
-1.76256
-1.76256
-1.76456
-1.76456
-1.76627
-1.76627
-1.77325
-1.77325
-1.78312
-1.78312
-1.78692
-1.78692
-1.79056
-1.79056
-1.79421
-1.79421
-1.79784
-1.79784
-1.7993
-1.7993
-1.80173
-1.80173
-1.80644
-1.80644
-1.80711
-1.80711
-1.80798
-1.80798
-1.81275
-1.81275
-1.81422
-1.81422
-1.81864
-1.81864
-1.82342
-1.82342
-1.82678
-1.82678
-1.82793
-1.82793
-1.82887
-1.82887
-1.83226
-1.83226
-1.83361
-1.83361
-1.8366
-1.8366
-1.83867
-1.83867
-1.83964
-1.83964
-1.84292
-1.84292
-1.9608
-1.9608
