n=32
J=0.707107
eta=0.484848
mu=0.2
beta-optimal=0
max-overlap=0
-1.51377
-1.51377
-1.51444
-1.51444
-1.516
-1.516
-1.51705
-1.51705
-1.51752
-1.51752
-1.51868
-1.51868
-1.52036
-1.52036
-1.5212
-1.5212
-1.52141
-1.52141
-1.52207
-1.52207
-1.52299
-1.52299
-1.52313
-1.52313
-1.52404
-1.52404
-1.52485
-1.52485
-1.52634
-1.52634
-1.52636
-1.52636
-1.52717
-1.52717
-1.52786
-1.52786
-1.52872
-1.52872
-1.53063
-1.53063
-1.53104
-1.53104
-1.53267
-1.53267
-1.53471
-1.53471
-1.5361
-1.5361
-1.53713
-1.53713
-1.53739
-1.53739
-1.53793
-1.53793
-1.53894
-1.53894
-1.53944
-1.53944
-1.54043
-1.54043
-1.54229
-1.54229
-1.54458
-1.54458
-1.54709
-1.54709
-1.55126
-1.55126
-1.55133
-1.55133
-1.55214
-1.55214
-1.55478
-1.55478
-1.55633
-1.55633
-1.55732
-1.55732
-1.55857
-1.55857
-1.56035
-1.56035
-1.56234
-1.56234
-1.5629
-1.5629
-1.56558
-1.56558
-1.56679
-1.56679
-1.56753
-1.56753
-1.56902
-1.56902
-1.56972
-1.56972
-1.57053
-1.57053
-1.57232
-1.57232
-1.57448
-1.57448
-1.57777
-1.57777
-1.57862
-1.57862
-1.58177
-1.58177
-1.58431
-1.58431
-1.58634
-1.58634
-1.58858
-1.58858
-1.58881
-1.58881
-1.58978
-1.58978
-1.595
-1.595
-1.59734
-1.59734
-1.59753
-1.59753
-1.59934
-1.59934
-1.60016
-1.60016
-1.6047
-1.6047
-1.60933
-1.60933
-1.60984
-1.60984
-1.61115
-1.61115
-1.61593
-1.61593
-1.61612
-1.61612
-1.61679
-1.61679
-1.62234
-1.62234
-1.62841
-1.62841
-1.63186
-1.63186
-1.63856
-1.63856
-1.64567
-1.64567
-1.66189
-1.66189
-1.66683
-1.66683
-1.67032
-1.67032
-1.67646
-1.67646
-1.69201
-1.69201
-1.69667
-1.69667
-1.70517
-1.70517
-1.70996
-1.70996
-1.71067
-1.71067
-1.71144
-1.71144
-1.71255
-1.71255
-1.71471
-1.71471
-1.71843
-1.71843
-1.71916
-1.71916
-1.72163
-1.72163
-1.72261
-1.72261
-1.72344
-1.72344
-1.72721
-1.72721
-1.72962
-1.72962
-1.73095
-1.73095
-1.73167
-1.73167
-1.73442
-1.73442
-1.73721
-1.73721
-1.96012
-1.96012
