n=32
J=0.707107
eta=0.545455
mu=0.1
beta-optimal=0
max-overlap=0
-1.16156
-1.16156
-1.16172
-1.16172
-1.16236
-1.16236
-1.16239
-1.16239
-1.1628
-1.1628
-1.16422
-1.16422
-1.16426
-1.16426
-1.16511
-1.16511
-1.1652
-1.1652
-1.16595
-1.16595
-1.16655
-1.16655
-1.16747
-1.16747
-1.16747
-1.16747
-1.16841
-1.16841
-1.16853
-1.16853
-1.16903
-1.16903
-1.16971
-1.16971
-1.16977
-1.16977
-1.17077
-1.17077
-1.17109
-1.17109
-1.17155
-1.17155
-1.17239
-1.17239
-1.173
-1.173
-1.17413
-1.17413
-1.17457
-1.17457
-1.17492
-1.17492
-1.17524
-1.17524
-1.1754
-1.1754
-1.17573
-1.17573
-1.17655
-1.17655
-1.17679
-1.17679
-1.17727
-1.17727
-1.17844
-1.17844
-1.17878
-1.17878
-1.18026
-1.18026
-1.1806
-1.1806
-1.18131
-1.18131
-1.18206
-1.18206
-1.18269
-1.18269
-1.18301
-1.18301
-1.18379
-1.18379
-1.18425
-1.18425
-1.18506
-1.18506
-1.18639
-1.18639
-1.18711
-1.18711
-1.18815
-1.18815
-1.18823
-1.18823
-1.18863
-1.18863
-1.19013
-1.19013
-1.19111
-1.19111
-1.19198
-1.19198
-1.19283
-1.19283
-1.19337
-1.19337
-1.19405
-1.19405
-1.19455
-1.19455
-1.19511
-1.19511
-1.19535
-1.19535
-1.19729
-1.19729
-1.19769
-1.19769
-1.19782
-1.19782
-1.20038
-1.20038
-1.20047
-1.20047
-1.20267
-1.20267
-1.20286
-1.20286
-1.20337
-1.20337
-1.20579
-1.20579
-1.20752
-1.20752
-1.20785
-1.20785
-1.20937
-1.20937
-1.20976
-1.20976
-1.21083
-1.21083
-1.21337
-1.21337
-1.21483
-1.21483
-1.21711
-1.21711
-1.22298
-1.22298
-1.22333
-1.22333
-1.22603
-1.22603
-1.23014
-1.23014
-1.23025
-1.23025
-1.23163
-1.23163
-1.23201
-1.23201
-1.23741
-1.23741
-1.23947
-1.23947
-1.23972
-1.23972
-1.24176
-1.24176
-1.24391
-1.24391
-1.24692
-1.24692
-1.24789
-1.24789
-1.24938
-1.24938
-1.24985
-1.24985
-1.2507
-1.2507
-1.25335
-1.25335
-1.25454
-1.25454
-1.25492
-1.25492
-1.25651
-1.25651
-1.2573
-1.2573
-1.2597
-1.2597
-1.26158
-1.26158
-1.27702
-1.27702
-1.37417
-1.37417
