n=32
J=0.707107
eta=0.505051
mu=0.2
beta-optimal=0
max-overlap=0
-1.51655
-1.51655
-1.51842
-1.51842
-1.51906
-1.51906
-1.52029
-1.52029
-1.52036
-1.52036
-1.52169
-1.52169
-1.52296
-1.52296
-1.52411
-1.52411
-1.52463
-1.52463
-1.52466
-1.52466
-1.52615
-1.52615
-1.5267
-1.5267
-1.52684
-1.52684
-1.52754
-1.52754
-1.52896
-1.52896
-1.52907
-1.52907
-1.53104
-1.53104
-1.53128
-1.53128
-1.5317
-1.5317
-1.53309
-1.53309
-1.53471
-1.53471
-1.53519
-1.53519
-1.53759
-1.53759
-1.539
-1.539
-1.53964
-1.53964
-1.53988
-1.53988
-1.54131
-1.54131
-1.54159
-1.54159
-1.54284
-1.54284
-1.54315
-1.54315
-1.54619
-1.54619
-1.54708
-1.54708
-1.55077
-1.55077
-1.55372
-1.55372
-1.55508
-1.55508
-1.55601
-1.55601
-1.55696
-1.55696
-1.55858
-1.55858
-1.56084
-1.56084
-1.5623
-1.5623
-1.56261
-1.56261
-1.56442
-1.56442
-1.56653
-1.56653
-1.56919
-1.56919
-1.56948
-1.56948
-1.57041
-1.57041
-1.57104
-1.57104
-1.57181
-1.57181
-1.57415
-1.57415
-1.57568
-1.57568
-1.57648
-1.57648
-1.58047
-1.58047
-1.5812
-1.5812
-1.5852
-1.5852
-1.58613
-1.58613
-1.58991
-1.58991
-1.59029
-1.59029
-1.59062
-1.59062
-1.59324
-1.59324
-1.59829
-1.59829
-1.59902
-1.59902
-1.60072
-1.60072
-1.6018
-1.6018
-1.6028
-1.6028
-1.60819
-1.60819
-1.61241
-1.61241
-1.61266
-1.61266
-1.61305
-1.61305
-1.61746
-1.61746
-1.61942
-1.61942
-1.61991
-1.61991
-1.62532
-1.62532
-1.63151
-1.63151
-1.6351
-1.6351
-1.64138
-1.64138
-1.6484
-1.6484
-1.66463
-1.66463
-1.66958
-1.66958
-1.67287
-1.67287
-1.67882
-1.67882
-1.69435
-1.69435
-1.69882
-1.69882
-1.70878
-1.70878
-1.71209
-1.71209
-1.71401
-1.71401
-1.71475
-1.71475
-1.71565
-1.71565
-1.71766
-1.71766
-1.72114
-1.72114
-1.72208
-1.72208
-1.72428
-1.72428
-1.72511
-1.72511
-1.72604
-1.72604
-1.72957
-1.72957
-1.73162
-1.73162
-1.73283
-1.73283
-1.73357
-1.73357
-1.73618
-1.73618
-1.73869
-1.73869
-1.96014
-1.96014
