n=32
J=0.707107
eta=0.727273
mu=0.2
beta-optimal=0
max-overlap=0
-1.56101
-1.56101
-1.56138
-1.56138
-1.56162
-1.56162
-1.56376
-1.56376
-1.5646
-1.5646
-1.5661
-1.5661
-1.56623
-1.56623
-1.5675
-1.5675
-1.5677
-1.5677
-1.56858
-1.56858
-1.56893
-1.56893
-1.57004
-1.57004
-1.57026
-1.57026
-1.57137
-1.57137
-1.57402
-1.57402
-1.57536
-1.57536
-1.57625
-1.57625
-1.57645
-1.57645
-1.57672
-1.57672
-1.57809
-1.57809
-1.57862
-1.57862
-1.57993
-1.57993
-1.58077
-1.58077
-1.58248
-1.58248
-1.58382
-1.58382
-1.58636
-1.58636
-1.58758
-1.58758
-1.58782
-1.58782
-1.59
-1.59
-1.59018
-1.59018
-1.59123
-1.59123
-1.59182
-1.59182
-1.59413
-1.59413
-1.59473
-1.59473
-1.59626
-1.59626
-1.597
-1.597
-1.59898
-1.59898
-1.59938
-1.59938
-1.60089
-1.60089
-1.60262
-1.60262
-1.60313
-1.60313
-1.60591
-1.60591
-1.60642
-1.60642
-1.60864
-1.60864
-1.60978
-1.60978
-1.61104
-1.61104
-1.61385
-1.61385
-1.61426
-1.61426
-1.61634
-1.61634
-1.61779
-1.61779
-1.61817
-1.61817
-1.61979
-1.61979
-1.62243
-1.62243
-1.62336
-1.62336
-1.62443
-1.62443
-1.62621
-1.62621
-1.62691
-1.62691
-1.62863
-1.62863
-1.63206
-1.63206
-1.63562
-1.63562
-1.64024
-1.64024
-1.64084
-1.64084
-1.64128
-1.64128
-1.64482
-1.64482
-1.64655
-1.64655
-1.64975
-1.64975
-1.65561
-1.65561
-1.65612
-1.65612
-1.6615
-1.6615
-1.66547
-1.66547
-1.66701
-1.66701
-1.66846
-1.66846
-1.67706
-1.67706
-1.6818
-1.6818
-1.68329
-1.68329
-1.68944
-1.68944
-1.7032
-1.7032
-1.70907
-1.70907
-1.71007
-1.71007
-1.71533
-1.71533
-1.72858
-1.72858
-1.73081
-1.73081
-1.74347
-1.74347
-1.75519
-1.75519
-1.75607
-1.75607
-1.75683
-1.75683
-1.75789
-1.75789
-1.75838
-1.75838
-1.75877
-1.75877
-1.75903
-1.75903
-1.75939
-1.75939
-1.76064
-1.76064
-1.76101
-1.76101
-1.76169
-1.76169
-1.76221
-1.76221
-1.76273
-1.76273
-1.7647
-1.7647
-1.76521
-1.76521
-1.76562
-1.76562
-1.96036
-1.96036
