n=32
J=0.707107
eta=0.666667
mu=0.2
beta-optimal=0
max-overlap=0
-1.54814
-1.54814
-1.54834
-1.54834
-1.54861
-1.54861
-1.54973
-1.54973
-1.54986
-1.54986
-1.552
-1.552
-1.55202
-1.55202
-1.55323
-1.55323
-1.55367
-1.55367
-1.55422
-1.55422
-1.5548
-1.5548
-1.55658
-1.55658
-1.55694
-1.55694
-1.55802
-1.55802
-1.5593
-1.5593
-1.55974
-1.55974
-1.56148
-1.56148
-1.56293
-1.56293
-1.56319
-1.56319
-1.564
-1.564
-1.56479
-1.56479
-1.56495
-1.56495
-1.56625
-1.56625
-1.56697
-1.56697
-1.56951
-1.56951
-1.57074
-1.57074
-1.57131
-1.57131
-1.57227
-1.57227
-1.57548
-1.57548
-1.57675
-1.57675
-1.57802
-1.57802
-1.57927
-1.57927
-1.58026
-1.58026
-1.58081
-1.58081
-1.58296
-1.58296
-1.58424
-1.58424
-1.5858
-1.5858
-1.5863
-1.5863
-1.58932
-1.58932
-1.59
-1.59
-1.59116
-1.59116
-1.59295
-1.59295
-1.59359
-1.59359
-1.5945
-1.5945
-1.5967
-1.5967
-1.59827
-1.59827
-1.59933
-1.59933
-1.60232
-1.60232
-1.60323
-1.60323
-1.60477
-1.60477
-1.60645
-1.60645
-1.60765
-1.60765
-1.60772
-1.60772
-1.60914
-1.60914
-1.61008
-1.61008
-1.61388
-1.61388
-1.61608
-1.61608
-1.61741
-1.61741
-1.61865
-1.61865
-1.62453
-1.62453
-1.62645
-1.62645
-1.62807
-1.62807
-1.62992
-1.62992
-1.6319
-1.6319
-1.63312
-1.63312
-1.6352
-1.6352
-1.64155
-1.64155
-1.64194
-1.64194
-1.64598
-1.64598
-1.65079
-1.65079
-1.65176
-1.65176
-1.65443
-1.65443
-1.66279
-1.66279
-1.66711
-1.66711
-1.66947
-1.66947
-1.67585
-1.67585
-1.69111
-1.69111
-1.69637
-1.69637
-1.69824
-1.69824
-1.70308
-1.70308
-1.71753
-1.71753
-1.72041
-1.72041
-1.73333
-1.73333
-1.74209
-1.74209
-1.74375
-1.74375
-1.74493
-1.74493
-1.74566
-1.74566
-1.74598
-1.74598
-1.74756
-1.74756
-1.74789
-1.74789
-1.74932
-1.74932
-1.74964
-1.74964
-1.7504
-1.7504
-1.75141
-1.75141
-1.75177
-1.75177
-1.75293
-1.75293
-1.75376
-1.75376
-1.75409
-1.75409
-1.75476
-1.75476
-1.96029
-1.96029
