n=32
J=0.707107
eta=0.808081
mu=0.3
beta-optimal=0
max-overlap=0
-2.05079
-2.05079
-2.05097
-2.05097
-2.05202
-2.05202
-2.05212
-2.05212
-2.05394
-2.05394
-2.05469
-2.05469
-2.05762
-2.05762
-2.05904
-2.05904
-2.05942
-2.05942
-2.06063
-2.06063
-2.06245
-2.06245
-2.06263
-2.06263
-2.0654
-2.0654
-2.06703
-2.06703
-2.06861
-2.06861
-2.06873
-2.06873
-2.07098
-2.07098
-2.07218
-2.07218
-2.07238
-2.07238
-2.07305
-2.07305
-2.07656
-2.07656
-2.07915
-2.07915
-2.07981
-2.07981
-2.08132
-2.08132
-2.08193
-2.08193
-2.0828
-2.0828
-2.08526
-2.08526
-2.08758
-2.08758
-2.08759
-2.08759
-2.09045
-2.09045
-2.09115
-2.09115
-2.09197
-2.09197
-2.09349
-2.09349
-2.09725
-2.09725
-2.09955
-2.09955
-2.10368
-2.10368
-2.10492
-2.10492
-2.10501
-2.10501
-2.10739
-2.10739
-2.10873
-2.10873
-2.11017
-2.11017
-2.11311
-2.11311
-2.11394
-2.11394
-2.11686
-2.11686
-2.12021
-2.12021
-2.12231
-2.12231
-2.12653
-2.12653
-2.12791
-2.12791
-2.13175
-2.13175
-2.13505
-2.13505
-2.14173
-2.14173
-2.14301
-2.14301
-2.14612
-2.14612
-2.14985
-2.14985
-2.154
-2.154
-2.15664
-2.15664
-2.15848
-2.15848
-2.16068
-2.16068
-2.16324
-2.16324
-2.1663
-2.1663
-2.17005
-2.17005
-2.17862
-2.17862
-2.18116
-2.18116
-2.18388
-2.18388
-2.18742
-2.18742
-2.18872
-2.18872
-2.19438
-2.19438
-2.19792
-2.19792
-2.20169
-2.20169
-2.20595
-2.20595
-2.2076
-2.2076
-2.20972
-2.20972
-2.21835
-2.21835
-2.22358
-2.22358
-2.22548
-2.22548
-2.23197
-2.23197
-2.24474
-2.24474
-2.25086
-2.25086
-2.25139
-2.25139
-2.2557
-2.2557
-2.27024
-2.27024
-2.27375
-2.27375
-2.28339
-2.28339
-2.36473
-2.36473
-2.36606
-2.36606
-2.36614
-2.36614
-2.36749
-2.36749
-2.36793
-2.36793
-2.36906
-2.36906
-2.37033
-2.37033
-2.37124
-2.37124
-2.37164
-2.37164
-2.37191
-2.37191
-2.37302
-2.37302
-2.37327
-2.37327
-2.37444
-2.37444
-2.37488
-2.37488
-2.37537
-2.37537
-2.37619
-2.37619
-2.65567
-2.65567
