n=32
J=0.707107
eta=0.989899
mu=0.2
beta-optimal=0
max-overlap=0
-1.64451
-1.64451
-1.64467
-1.64467
-1.6453
-1.6453
-1.6463
-1.6463
-1.64667
-1.64667
-1.64745
-1.64745
-1.64862
-1.64862
-1.64989
-1.64989
-1.65037
-1.65037
-1.65041
-1.65041
-1.65099
-1.65099
-1.6515
-1.6515
-1.65262
-1.65262
-1.6533
-1.6533
-1.65464
-1.65464
-1.65512
-1.65512
-1.65556
-1.65556
-1.65692
-1.65692
-1.65807
-1.65807
-1.66005
-1.66005
-1.66009
-1.66009
-1.6615
-1.6615
-1.66172
-1.66172
-1.66271
-1.66271
-1.66278
-1.66278
-1.66567
-1.66567
-1.66645
-1.66645
-1.66652
-1.66652
-1.66773
-1.66773
-1.66962
-1.66962
-1.67033
-1.67033
-1.67079
-1.67079
-1.67102
-1.67102
-1.67258
-1.67258
-1.67403
-1.67403
-1.67573
-1.67573
-1.67596
-1.67596
-1.67753
-1.67753
-1.67892
-1.67892
-1.67914
-1.67914
-1.68026
-1.68026
-1.68103
-1.68103
-1.68203
-1.68203
-1.68488
-1.68488
-1.68535
-1.68535
-1.68603
-1.68603
-1.68744
-1.68744
-1.6905
-1.6905
-1.691
-1.691
-1.69236
-1.69236
-1.69532
-1.69532
-1.69762
-1.69762
-1.7013
-1.7013
-1.70283
-1.70283
-1.70556
-1.70556
-1.71011
-1.71011
-1.71078
-1.71078
-1.71268
-1.71268
-1.71476
-1.71476
-1.717
-1.717
-1.71955
-1.71955
-1.7204
-1.7204
-1.72783
-1.72783
-1.72886
-1.72886
-1.73152
-1.73152
-1.73358
-1.73358
-1.73769
-1.73769
-1.73815
-1.73815
-1.7449
-1.7449
-1.74685
-1.74685
-1.75189
-1.75189
-1.75436
-1.75436
-1.76095
-1.76095
-1.76288
-1.76288
-1.76448
-1.76448
-1.77178
-1.77178
-1.78124
-1.78124
-1.78524
-1.78524
-1.78883
-1.78883
-1.79257
-1.79257
-1.79636
-1.79636
-1.79779
-1.79779
-1.80084
-1.80084
-1.80513
-1.80513
-1.80614
-1.80614
-1.80695
-1.80695
-1.81166
-1.81166
-1.81313
-1.81313
-1.81745
-1.81745
-1.82215
-1.82215
-1.82546
-1.82546
-1.82663
-1.82663
-1.82755
-1.82755
-1.83092
-1.83092
-1.83219
-1.83219
-1.83518
-1.83518
-1.8372
-1.8372
-1.83815
-1.83815
-1.84135
-1.84135
-1.9608
-1.9608
