n=32
J=0.707107
eta=0
mu=0.1
beta-optimal=0
max-overlap=0
-1.1288
-1.1288
-1.12883
-1.12883
-1.12888
-1.12888
-1.13167
-1.13167
-1.132
-1.132
-1.13227
-1.13227
-1.13422
-1.13422
-1.13426
-1.13426
-1.13434
-1.13434
-1.13497
-1.13497
-1.13522
-1.13522
-1.13544
-1.13544
-1.1361
-1.1361
-1.13654
-1.13654
-1.13794
-1.13794
-1.13798
-1.13798
-1.13861
-1.13861
-1.13917
-1.13917
-1.13925
-1.13925
-1.13968
-1.13968
-1.14021
-1.14021
-1.14085
-1.14085
-1.14258
-1.14258
-1.1431
-1.1431
-1.14409
-1.14409
-1.14499
-1.14499
-1.14687
-1.14687
-1.14689
-1.14689
-1.14723
-1.14723
-1.14725
-1.14725
-1.14812
-1.14812
-1.14849
-1.14849
-1.14872
-1.14872
-1.14878
-1.14878
-1.15014
-1.15014
-1.15058
-1.15058
-1.15077
-1.15077
-1.15175
-1.15175
-1.15352
-1.15352
-1.15521
-1.15521
-1.15649
-1.15649
-1.15652
-1.15652
-1.15844
-1.15844
-1.15936
-1.15936
-1.16026
-1.16026
-1.16178
-1.16178
-1.16204
-1.16204
-1.16282
-1.16282
-1.16542
-1.16542
-1.16681
-1.16681
-1.16682
-1.16682
-1.16889
-1.16889
-1.16926
-1.16926
-1.16947
-1.16947
-1.1695
-1.1695
-1.17216
-1.17216
-1.17289
-1.17289
-1.17337
-1.17337
-1.17363
-1.17363
-1.17413
-1.17413
-1.17604
-1.17604
-1.17629
-1.17629
-1.17847
-1.17847
-1.17847
-1.17847
-1.17947
-1.17947
-1.18015
-1.18015
-1.1808
-1.1808
-1.18088
-1.18088
-1.18124
-1.18124
-1.18346
-1.18346
-1.18768
-1.18768
-1.18803
-1.18803
-1.19037
-1.19037
-1.19144
-1.19144
-1.19153
-1.19153
-1.19346
-1.19346
-1.19454
-1.19454
-1.19823
-1.19823
-1.19969
-1.19969
-1.20293
-1.20293
-1.20477
-1.20477
-1.20685
-1.20685
-1.20695
-1.20695
-1.21
-1.21
-1.216
-1.216
-1.22078
-1.22078
-1.22085
-1.22085
-1.22383
-1.22383
-1.22679
-1.22679
-1.22744
-1.22744
-1.22969
-1.22969
-1.2299
-1.2299
-1.23362
-1.23362
-1.23534
-1.23534
-1.23862
-1.23862
-1.24009
-1.24009
-1.2417
-1.2417
-1.24659
-1.24659
-1.26212
-1.26212
-1.37323
-1.37323
