n=32
J=0.707107
eta=0.20202
mu=0.1
beta-optimal=0
max-overlap=0
-1.13398
-1.13398
-1.13419
-1.13419
-1.13496
-1.13496
-1.13551
-1.13551
-1.13565
-1.13565
-1.13586
-1.13586
-1.13634
-1.13634
-1.13772
-1.13772
-1.13785
-1.13785
-1.13863
-1.13863
-1.13923
-1.13923
-1.13969
-1.13969
-1.1402
-1.1402
-1.14021
-1.14021
-1.1407
-1.1407
-1.14084
-1.14084
-1.14158
-1.14158
-1.14263
-1.14263
-1.14328
-1.14328
-1.14334
-1.14334
-1.14456
-1.14456
-1.14468
-1.14468
-1.1469
-1.1469
-1.14736
-1.14736
-1.14809
-1.14809
-1.14887
-1.14887
-1.14909
-1.14909
-1.15007
-1.15007
-1.15083
-1.15083
-1.15103
-1.15103
-1.15189
-1.15189
-1.15249
-1.15249
-1.15267
-1.15267
-1.15292
-1.15292
-1.1536
-1.1536
-1.15563
-1.15563
-1.15569
-1.15569
-1.15621
-1.15621
-1.15767
-1.15767
-1.1584
-1.1584
-1.16005
-1.16005
-1.16186
-1.16186
-1.16205
-1.16205
-1.16277
-1.16277
-1.16333
-1.16333
-1.16441
-1.16441
-1.16613
-1.16613
-1.16635
-1.16635
-1.16761
-1.16761
-1.16919
-1.16919
-1.17038
-1.17038
-1.17097
-1.17097
-1.17109
-1.17109
-1.17215
-1.17215
-1.17354
-1.17354
-1.17479
-1.17479
-1.17506
-1.17506
-1.17531
-1.17531
-1.1765
-1.1765
-1.17909
-1.17909
-1.17939
-1.17939
-1.1798
-1.1798
-1.18054
-1.18054
-1.18142
-1.18142
-1.18286
-1.18286
-1.18287
-1.18287
-1.18372
-1.18372
-1.18499
-1.18499
-1.18644
-1.18644
-1.1895
-1.1895
-1.1897
-1.1897
-1.19163
-1.19163
-1.19291
-1.19291
-1.19427
-1.19427
-1.19487
-1.19487
-1.19513
-1.19513
-1.19986
-1.19986
-1.2044
-1.2044
-1.20479
-1.20479
-1.20619
-1.20619
-1.2064
-1.2064
-1.20983
-1.20983
-1.21083
-1.21083
-1.21609
-1.21609
-1.21822
-1.21822
-1.22299
-1.22299
-1.22398
-1.22398
-1.22576
-1.22576
-1.2295
-1.2295
-1.23074
-1.23074
-1.23215
-1.23215
-1.23301
-1.23301
-1.23641
-1.23641
-1.23761
-1.23761
-1.24072
-1.24072
-1.24215
-1.24215
-1.24392
-1.24392
-1.24842
-1.24842
-1.2639
-1.2639
-1.37334
-1.37334
