n=32
J=0.707107
eta=0.30303
mu=0.2
beta-optimal=0
max-overlap=0
-1.49305
-1.49305
-1.49351
-1.49351
-1.49455
-1.49455
-1.49487
-1.49487
-1.49553
-1.49553
-1.49639
-1.49639
-1.49756
-1.49756
-1.49832
-1.49832
-1.50005
-1.50005
-1.50228
-1.50228
-1.50301
-1.50301
-1.50346
-1.50346
-1.50414
-1.50414
-1.50507
-1.50507
-1.50598
-1.50598
-1.50655
-1.50655
-1.50815
-1.50815
-1.50845
-1.50845
-1.50981
-1.50981
-1.51107
-1.51107
-1.51158
-1.51158
-1.51334
-1.51334
-1.51371
-1.51371
-1.51469
-1.51469
-1.51478
-1.51478
-1.51594
-1.51594
-1.5196
-1.5196
-1.5202
-1.5202
-1.52084
-1.52084
-1.52261
-1.52261
-1.52263
-1.52263
-1.52371
-1.52371
-1.52445
-1.52445
-1.52635
-1.52635
-1.52717
-1.52717
-1.53135
-1.53135
-1.53334
-1.53334
-1.53436
-1.53436
-1.53765
-1.53765
-1.53938
-1.53938
-1.53971
-1.53971
-1.54108
-1.54108
-1.54161
-1.54161
-1.54459
-1.54459
-1.54517
-1.54517
-1.54794
-1.54794
-1.54854
-1.54854
-1.5533
-1.5533
-1.55432
-1.55432
-1.55506
-1.55506
-1.55562
-1.55562
-1.55721
-1.55721
-1.56092
-1.56092
-1.561
-1.561
-1.56551
-1.56551
-1.56614
-1.56614
-1.57083
-1.57083
-1.57211
-1.57211
-1.57357
-1.57357
-1.5764
-1.5764
-1.57648
-1.57648
-1.57733
-1.57733
-1.58092
-1.58092
-1.58596
-1.58596
-1.58686
-1.58686
-1.58799
-1.58799
-1.58923
-1.58923
-1.5927
-1.5927
-1.59514
-1.59514
-1.60104
-1.60104
-1.60178
-1.60178
-1.60581
-1.60581
-1.60759
-1.60759
-1.60951
-1.60951
-1.61896
-1.61896
-1.62687
-1.62687
-1.64265
-1.64265
-1.6475
-1.6475
-1.65284
-1.65284
-1.66039
-1.66039
-1.67593
-1.67593
-1.67892
-1.67892
-1.68182
-1.68182
-1.68644
-1.68644
-1.68748
-1.68748
-1.69017
-1.69017
-1.69342
-1.69342
-1.69531
-1.69531
-1.6982
-1.6982
-1.69946
-1.69946
-1.70267
-1.70267
-1.70423
-1.70423
-1.70563
-1.70563
-1.71093
-1.71093
-1.71568
-1.71568
-1.7175
-1.7175
-1.71903
-1.71903
-1.72237
-1.72237
-1.72699
-1.72699
-1.96002
-1.96002
