n=32
J=0.707107
eta=0.949495
mu=0.3
beta-optimal=0
max-overlap=0
-2.08683
-2.08683
-2.08736
-2.08736
-2.08803
-2.08803
-2.09013
-2.09013
-2.09024
-2.09024
-2.09206
-2.09206
-2.09411
-2.09411
-2.09436
-2.09436
-2.09536
-2.09536
-2.09602
-2.09602
-2.10001
-2.10001
-2.10005
-2.10005
-2.10213
-2.10213
-2.10318
-2.10318
-2.10339
-2.10339
-2.10452
-2.10452
-2.10688
-2.10688
-2.10703
-2.10703
-2.11097
-2.11097
-2.1127
-2.1127
-2.11284
-2.11284
-2.11448
-2.11448
-2.11518
-2.11518
-2.11546
-2.11546
-2.11597
-2.11597
-2.12202
-2.12202
-2.12249
-2.12249
-2.12435
-2.12435
-2.1276
-2.1276
-2.128
-2.128
-2.12847
-2.12847
-2.13038
-2.13038
-2.13242
-2.13242
-2.13425
-2.13425
-2.13715
-2.13715
-2.13931
-2.13931
-2.14576
-2.14576
-2.14767
-2.14767
-2.14949
-2.14949
-2.15293
-2.15293
-2.15384
-2.15384
-2.15464
-2.15464
-2.1569
-2.1569
-2.15952
-2.15952
-2.16121
-2.16121
-2.16641
-2.16641
-2.1688
-2.1688
-2.17079
-2.17079
-2.17245
-2.17245
-2.17659
-2.17659
-2.18097
-2.18097
-2.18511
-2.18511
-2.18746
-2.18746
-2.19168
-2.19168
-2.19339
-2.19339
-2.19708
-2.19708
-2.19867
-2.19867
-2.20031
-2.20031
-2.20387
-2.20387
-2.20565
-2.20565
-2.20952
-2.20952
-2.2163
-2.2163
-2.22035
-2.22035
-2.22288
-2.22288
-2.22608
-2.22608
-2.22677
-2.22677
-2.2323
-2.2323
-2.23521
-2.23521
-2.24005
-2.24005
-2.24444
-2.24444
-2.24693
-2.24693
-2.25181
-2.25181
-2.25663
-2.25663
-2.26036
-2.26036
-2.26292
-2.26292
-2.2728
-2.2728
-2.27811
-2.27811
-2.28491
-2.28491
-2.28777
-2.28777
-2.29263
-2.29263
-2.30215
-2.30215
-2.30466
-2.30466
-2.31377
-2.31377
-2.3834
-2.3834
-2.38676
-2.38676
-2.38855
-2.38855
-2.39051
-2.39051
-2.39175
-2.39175
-2.39503
-2.39503
-2.39808
-2.39808
-2.39944
-2.39944
-2.4005
-2.4005
-2.40185
-2.40185
-2.40332
-2.40332
-2.40513
-2.40513
-2.40724
-2.40724
-2.40849
-2.40849
-2.40891
-2.40891
-2.41236
-2.41236
-2.65571
-2.65571
