n=32
J=0.707107
eta=0.606061
mu=0.2
beta-optimal=0
max-overlap=0
-1.535
-1.535
-1.53661
-1.53661
-1.53677
-1.53677
-1.53778
-1.53778
-1.5379
-1.5379
-1.53833
-1.53833
-1.53932
-1.53932
-1.53999
-1.53999
-1.5416
-1.5416
-1.54311
-1.54311
-1.54327
-1.54327
-1.54394
-1.54394
-1.5458
-1.5458
-1.54602
-1.54602
-1.54612
-1.54612
-1.5475
-1.5475
-1.54818
-1.54818
-1.54832
-1.54832
-1.54955
-1.54955
-1.55029
-1.55029
-1.55392
-1.55392
-1.55393
-1.55393
-1.55435
-1.55435
-1.55501
-1.55501
-1.55504
-1.55504
-1.55638
-1.55638
-1.55681
-1.55681
-1.56058
-1.56058
-1.56131
-1.56131
-1.5632
-1.5632
-1.56481
-1.56481
-1.56723
-1.56723
-1.56802
-1.56802
-1.56984
-1.56984
-1.57156
-1.57156
-1.57164
-1.57164
-1.57542
-1.57542
-1.5758
-1.5758
-1.5767
-1.5767
-1.57825
-1.57825
-1.58052
-1.58052
-1.58094
-1.58094
-1.58271
-1.58271
-1.58363
-1.58363
-1.58405
-1.58405
-1.58759
-1.58759
-1.58819
-1.58819
-1.58917
-1.58917
-1.59133
-1.59133
-1.5915
-1.5915
-1.59422
-1.59422
-1.59549
-1.59549
-1.59689
-1.59689
-1.60032
-1.60032
-1.60051
-1.60051
-1.60131
-1.60131
-1.60431
-1.60431
-1.60887
-1.60887
-1.61025
-1.61025
-1.61151
-1.61151
-1.6129
-1.6129
-1.6168
-1.6168
-1.61897
-1.61897
-1.62155
-1.62155
-1.62203
-1.62203
-1.62647
-1.62647
-1.62813
-1.62813
-1.62976
-1.62976
-1.632
-1.632
-1.63787
-1.63787
-1.63829
-1.63829
-1.64236
-1.64236
-1.64974
-1.64974
-1.65379
-1.65379
-1.65768
-1.65768
-1.66427
-1.66427
-1.68022
-1.68022
-1.68525
-1.68525
-1.68769
-1.68769
-1.69271
-1.69271
-1.70784
-1.70784
-1.71135
-1.71135
-1.72444
-1.72444
-1.72876
-1.72876
-1.73236
-1.73236
-1.73262
-1.73262
-1.73341
-1.73341
-1.73426
-1.73426
-1.73665
-1.73665
-1.73813
-1.73813
-1.73872
-1.73872
-1.73967
-1.73967
-1.74079
-1.74079
-1.74304
-1.74304
-1.74331
-1.74331
-1.74357
-1.74357
-1.74503
-1.74503
-1.74651
-1.74651
-1.74734
-1.74734
-1.96023
-1.96023
