n=32
J=0.707107
eta=0.787879
mu=0.3
beta-optimal=0
max-overlap=0
-2.04484
-2.04484
-2.04633
-2.04633
-2.04744
-2.04744
-2.04777
-2.04777
-2.04856
-2.04856
-2.05112
-2.05112
-2.05304
-2.05304
-2.05395
-2.05395
-2.05514
-2.05514
-2.05606
-2.05606
-2.05708
-2.05708
-2.05907
-2.05907
-2.06114
-2.06114
-2.0618
-2.0618
-2.06265
-2.06265
-2.06507
-2.06507
-2.06526
-2.06526
-2.06651
-2.06651
-2.06782
-2.06782
-2.06906
-2.06906
-2.07333
-2.07333
-2.07419
-2.07419
-2.07607
-2.07607
-2.07623
-2.07623
-2.077
-2.077
-2.07817
-2.07817
-2.07966
-2.07966
-2.08189
-2.08189
-2.08451
-2.08451
-2.08522
-2.08522
-2.08656
-2.08656
-2.08787
-2.08787
-2.08813
-2.08813
-2.0918
-2.0918
-2.09676
-2.09676
-2.09786
-2.09786
-2.0995
-2.0995
-2.10183
-2.10183
-2.10215
-2.10215
-2.10311
-2.10311
-2.10456
-2.10456
-2.10737
-2.10737
-2.1084
-2.1084
-2.11169
-2.11169
-2.11473
-2.11473
-2.11661
-2.11661
-2.12098
-2.12098
-2.12242
-2.12242
-2.12643
-2.12643
-2.12964
-2.12964
-2.13666
-2.13666
-2.1376
-2.1376
-2.14069
-2.14069
-2.14445
-2.14445
-2.14896
-2.14896
-2.15127
-2.15127
-2.15362
-2.15362
-2.15529
-2.15529
-2.15809
-2.15809
-2.16149
-2.16149
-2.16514
-2.16514
-2.17352
-2.17352
-2.17624
-2.17624
-2.17889
-2.17889
-2.18253
-2.18253
-2.18394
-2.18394
-2.18968
-2.18968
-2.19309
-2.19309
-2.19657
-2.19657
-2.20112
-2.20112
-2.20239
-2.20239
-2.20471
-2.20471
-2.21355
-2.21355
-2.21873
-2.21873
-2.22076
-2.22076
-2.22711
-2.22711
-2.24049
-2.24049
-2.24645
-2.24645
-2.24727
-2.24727
-2.25116
-2.25116
-2.26628
-2.26628
-2.26998
-2.26998
-2.27958
-2.27958
-2.36235
-2.36235
-2.36324
-2.36324
-2.36342
-2.36342
-2.36447
-2.36447
-2.36481
-2.36481
-2.36575
-2.36575
-2.36674
-2.36674
-2.36757
-2.36757
-2.36781
-2.36781
-2.36812
-2.36812
-2.36897
-2.36897
-2.36933
-2.36933
-2.3703
-2.3703
-2.3706
-2.3706
-2.3711
-2.3711
-2.37165
-2.37165
-2.65566
-2.65566
