n=32
J=0.707107
eta=0.363636
mu=0.1
beta-optimal=0
max-overlap=0
-1.14289
-1.14289
-1.1435
-1.1435
-1.14382
-1.14382
-1.14442
-1.14442
-1.14524
-1.14524
-1.14544
-1.14544
-1.14544
-1.14544
-1.14578
-1.14578
-1.14629
-1.14629
-1.14677
-1.14677
-1.14783
-1.14783
-1.14791
-1.14791
-1.14888
-1.14888
-1.14968
-1.14968
-1.14984
-1.14984
-1.15092
-1.15092
-1.15138
-1.15138
-1.15189
-1.15189
-1.15273
-1.15273
-1.15291
-1.15291
-1.15396
-1.15396
-1.15455
-1.15455
-1.15598
-1.15598
-1.15671
-1.15671
-1.15698
-1.15698
-1.15743
-1.15743
-1.15789
-1.15789
-1.15835
-1.15835
-1.15866
-1.15866
-1.1597
-1.1597
-1.16077
-1.16077
-1.16119
-1.16119
-1.16181
-1.16181
-1.16246
-1.16246
-1.16247
-1.16247
-1.16342
-1.16342
-1.16385
-1.16385
-1.1655
-1.1655
-1.16675
-1.16675
-1.16725
-1.16725
-1.16929
-1.16929
-1.16957
-1.16957
-1.16982
-1.16982
-1.17109
-1.17109
-1.17138
-1.17138
-1.17234
-1.17234
-1.17352
-1.17352
-1.17451
-1.17451
-1.17501
-1.17501
-1.17547
-1.17547
-1.1758
-1.1758
-1.17739
-1.17739
-1.17749
-1.17749
-1.18011
-1.18011
-1.18041
-1.18041
-1.18129
-1.18129
-1.18163
-1.18163
-1.18265
-1.18265
-1.18404
-1.18404
-1.18586
-1.18586
-1.18594
-1.18594
-1.18648
-1.18648
-1.18821
-1.18821
-1.18874
-1.18874
-1.19045
-1.19045
-1.19114
-1.19114
-1.1912
-1.1912
-1.19399
-1.19399
-1.19571
-1.19571
-1.19585
-1.19585
-1.19884
-1.19884
-1.1996
-1.1996
-1.19987
-1.19987
-1.20126
-1.20126
-1.20228
-1.20228
-1.20509
-1.20509
-1.20725
-1.20725
-1.21468
-1.21468
-1.21479
-1.21479
-1.21615
-1.21615
-1.21665
-1.21665
-1.21714
-1.21714
-1.21868
-1.21868
-1.224
-1.224
-1.22761
-1.22761
-1.22823
-1.22823
-1.23115
-1.23115
-1.23243
-1.23243
-1.23587
-1.23587
-1.23756
-1.23756
-1.23781
-1.23781
-1.24031
-1.24031
-1.24294
-1.24294
-1.24308
-1.24308
-1.24562
-1.24562
-1.24701
-1.24701
-1.24916
-1.24916
-1.25273
-1.25273
-1.26815
-1.26815
-1.37361
-1.37361
