n=32
J=0.707107
eta=0.565657
mu=0.3
beta-optimal=0
max-overlap=0
-1.99773
-1.99773
-1.99957
-1.99957
-2.00058
-2.00058
-2.00234
-2.00234
-2.00451
-2.00451
-2.00458
-2.00458
-2.00657
-2.00657
-2.00909
-2.00909
-2.00966
-2.00966
-2.01237
-2.01237
-2.01565
-2.01565
-2.01627
-2.01627
-2.01711
-2.01711
-2.01841
-2.01841
-2.01897
-2.01897
-2.02193
-2.02193
-2.02312
-2.02312
-2.02462
-2.02462
-2.02696
-2.02696
-2.02724
-2.02724
-2.02895
-2.02895
-2.02912
-2.02912
-2.03006
-2.03006
-2.03373
-2.03373
-2.03552
-2.03552
-2.03641
-2.03641
-2.03715
-2.03715
-2.04029
-2.04029
-2.04099
-2.04099
-2.0429
-2.0429
-2.04538
-2.04538
-2.04816
-2.04816
-2.04911
-2.04911
-2.04938
-2.04938
-2.05058
-2.05058
-2.05068
-2.05068
-2.05302
-2.05302
-2.054
-2.054
-2.05552
-2.05552
-2.05769
-2.05769
-2.05967
-2.05967
-2.06173
-2.06173
-2.0641
-2.0641
-2.06653
-2.06653
-2.07055
-2.07055
-2.07157
-2.07157
-2.07232
-2.07232
-2.07546
-2.07546
-2.07721
-2.07721
-2.07955
-2.07955
-2.08671
-2.08671
-2.0893
-2.0893
-2.09244
-2.09244
-2.09524
-2.09524
-2.10097
-2.10097
-2.10237
-2.10237
-2.10688
-2.10688
-2.10812
-2.10812
-2.10991
-2.10991
-2.11685
-2.11685
-2.12052
-2.12052
-2.12669
-2.12669
-2.13003
-2.13003
-2.13464
-2.13464
-2.1384
-2.1384
-2.13915
-2.13915
-2.14551
-2.14551
-2.14767
-2.14767
-2.15079
-2.15079
-2.15675
-2.15675
-2.1573
-2.1573
-2.16132
-2.16132
-2.16991
-2.16991
-2.17291
-2.17291
-2.1801
-2.1801
-2.18603
-2.18603
-2.20128
-2.20128
-2.20679
-2.20679
-2.20997
-2.20997
-2.2139
-2.2139
-2.23102
-2.23102
-2.237
-2.237
-2.24547
-2.24547
-2.32595
-2.32595
-2.3281
-2.3281
-2.32843
-2.32843
-2.32982
-2.32982
-2.33094
-2.33094
-2.33217
-2.33217
-2.33317
-2.33317
-2.33387
-2.33387
-2.33436
-2.33436
-2.33511
-2.33511
-2.33694
-2.33694
-2.3379
-2.3379
-2.33824
-2.33824
-2.33912
-2.33912
-2.34039
-2.34039
-2.34157
-2.34157
-2.65561
-2.65561
