n=32
J=0.707107
eta=0.606061
mu=0.3
beta-optimal=0
max-overlap=0
-2.0046
-2.0046
-2.00619
-2.00619
-2.00979
-2.00979
-2.00987
-2.00987
-2.01133
-2.01133
-2.0137
-2.0137
-2.01422
-2.01422
-2.0151
-2.0151
-2.01838
-2.01838
-2.02053
-2.02053
-2.0209
-2.0209
-2.02189
-2.02189
-2.02387
-2.02387
-2.02488
-2.02488
-2.02671
-2.02671
-2.02742
-2.02742
-2.03131
-2.03131
-2.03147
-2.03147
-2.03279
-2.03279
-2.03356
-2.03356
-2.03482
-2.03482
-2.03554
-2.03554
-2.03725
-2.03725
-2.04
-2.04
-2.04208
-2.04208
-2.04433
-2.04433
-2.04458
-2.04458
-2.04514
-2.04514
-2.04903
-2.04903
-2.04956
-2.04956
-2.05146
-2.05146
-2.05318
-2.05318
-2.05478
-2.05478
-2.05679
-2.05679
-2.05723
-2.05723
-2.05903
-2.05903
-2.06119
-2.06119
-2.0617
-2.0617
-2.06231
-2.06231
-2.06382
-2.06382
-2.06567
-2.06567
-2.06827
-2.06827
-2.07175
-2.07175
-2.07438
-2.07438
-2.07599
-2.07599
-2.07859
-2.07859
-2.07917
-2.07917
-2.08094
-2.08094
-2.08357
-2.08357
-2.08737
-2.08737
-2.09456
-2.09456
-2.09721
-2.09721
-2.09947
-2.09947
-2.10289
-2.10289
-2.1087
-2.1087
-2.1098
-2.1098
-2.11424
-2.11424
-2.11576
-2.11576
-2.11692
-2.11692
-2.12402
-2.12402
-2.12752
-2.12752
-2.13394
-2.13394
-2.1372
-2.1372
-2.1414
-2.1414
-2.14523
-2.14523
-2.14634
-2.14634
-2.15301
-2.15301
-2.15417
-2.15417
-2.15757
-2.15757
-2.16366
-2.16366
-2.1641
-2.1641
-2.16785
-2.16785
-2.17657
-2.17657
-2.17991
-2.17991
-2.18625
-2.18625
-2.19209
-2.19209
-2.20739
-2.20739
-2.21293
-2.21293
-2.2157
-2.2157
-2.21919
-2.21919
-2.23637
-2.23637
-2.24195
-2.24195
-2.25067
-2.25067
-2.3329
-2.3329
-2.33443
-2.33443
-2.33473
-2.33473
-2.33602
-2.33602
-2.33699
-2.33699
-2.33775
-2.33775
-2.3387
-2.3387
-2.33894
-2.33894
-2.3396
-2.3396
-2.34028
-2.34028
-2.34177
-2.34177
-2.342
-2.342
-2.34249
-2.34249
-2.34322
-2.34322
-2.34411
-2.34411
-2.34488
-2.34488
-2.65561
-2.65561
