n=32
J=0.707107
eta=0.929293
mu=0.3
beta-optimal=0
max-overlap=0
-2.08142
-2.08142
-2.08228
-2.08228
-2.08282
-2.08282
-2.08331
-2.08331
-2.085
-2.085
-2.08576
-2.08576
-2.08762
-2.08762
-2.08931
-2.08931
-2.0898
-2.0898
-2.09115
-2.09115
-2.09339
-2.09339
-2.09554
-2.09554
-2.09557
-2.09557
-2.09667
-2.09667
-2.09906
-2.09906
-2.10014
-2.10014
-2.10042
-2.10042
-2.10293
-2.10293
-2.10442
-2.10442
-2.10639
-2.10639
-2.10768
-2.10768
-2.10867
-2.10867
-2.10878
-2.10878
-2.10898
-2.10898
-2.112
-2.112
-2.11566
-2.11566
-2.11798
-2.11798
-2.11881
-2.11881
-2.12102
-2.12102
-2.1215
-2.1215
-2.12401
-2.12401
-2.12472
-2.12472
-2.1256
-2.1256
-2.12773
-2.12773
-2.1305
-2.1305
-2.13289
-2.13289
-2.13955
-2.13955
-2.14112
-2.14112
-2.14315
-2.14315
-2.14622
-2.14622
-2.14734
-2.14734
-2.14818
-2.14818
-2.15033
-2.15033
-2.15284
-2.15284
-2.15488
-2.15488
-2.15985
-2.15985
-2.1624
-2.1624
-2.1643
-2.1643
-2.16613
-2.16613
-2.17029
-2.17029
-2.17485
-2.17485
-2.17894
-2.17894
-2.18104
-2.18104
-2.18546
-2.18546
-2.18728
-2.18728
-2.1909
-2.1909
-2.19227
-2.19227
-2.19452
-2.19452
-2.19733
-2.19733
-2.19945
-2.19945
-2.20334
-2.20334
-2.21074
-2.21074
-2.21418
-2.21418
-2.2169
-2.2169
-2.22024
-2.22024
-2.22068
-2.22068
-2.22631
-2.22631
-2.22949
-2.22949
-2.23419
-2.23419
-2.23849
-2.23849
-2.24094
-2.24094
-2.2453
-2.2453
-2.25052
-2.25052
-2.25461
-2.25461
-2.25725
-2.25725
-2.26632
-2.26632
-2.27285
-2.27285
-2.27944
-2.27944
-2.2819
-2.2819
-2.28681
-2.28681
-2.29712
-2.29712
-2.29971
-2.29971
-2.30901
-2.30901
-2.38049
-2.38049
-2.38355
-2.38355
-2.38508
-2.38508
-2.38697
-2.38697
-2.38808
-2.38808
-2.39103
-2.39103
-2.39382
-2.39382
-2.39512
-2.39512
-2.3961
-2.3961
-2.39721
-2.39721
-2.39871
-2.39871
-2.40021
-2.40021
-2.40217
-2.40217
-2.40339
-2.40339
-2.40369
-2.40369
-2.4068
-2.4068
-2.65571
-2.65571
