n=32
J=0.707107
eta=0.323232
mu=0.3
beta-optimal=0
max-overlap=0
-1.96767
-1.96767
-1.96862
-1.96862
-1.9695
-1.9695
-1.97113
-1.97113
-1.97298
-1.97298
-1.97301
-1.97301
-1.97546
-1.97546
-1.97565
-1.97565
-1.97738
-1.97738
-1.97777
-1.97777
-1.98138
-1.98138
-1.98405
-1.98405
-1.98641
-1.98641
-1.98685
-1.98685
-1.98925
-1.98925
-1.992
-1.992
-1.99391
-1.99391
-1.99524
-1.99524
-1.99547
-1.99547
-1.99827
-1.99827
-1.99866
-1.99866
-2.00113
-2.00113
-2.00119
-2.00119
-2.00332
-2.00332
-2.00455
-2.00455
-2.00791
-2.00791
-2.0084
-2.0084
-2.00959
-2.00959
-2.00963
-2.00963
-2.01029
-2.01029
-2.01359
-2.01359
-2.01513
-2.01513
-2.01611
-2.01611
-2.01667
-2.01667
-2.01789
-2.01789
-2.02175
-2.02175
-2.02211
-2.02211
-2.02722
-2.02722
-2.02889
-2.02889
-2.03133
-2.03133
-2.03141
-2.03141
-2.03265
-2.03265
-2.03309
-2.03309
-2.03772
-2.03772
-2.03926
-2.03926
-2.04032
-2.04032
-2.04433
-2.04433
-2.0447
-2.0447
-2.05058
-2.05058
-2.05396
-2.05396
-2.0564
-2.0564
-2.06037
-2.06037
-2.06096
-2.06096
-2.06108
-2.06108
-2.06669
-2.06669
-2.0691
-2.0691
-2.07296
-2.07296
-2.07446
-2.07446
-2.07892
-2.07892
-2.08371
-2.08371
-2.08872
-2.08872
-2.09351
-2.09351
-2.09817
-2.09817
-2.10363
-2.10363
-2.10565
-2.10565
-2.10862
-2.10862
-2.11334
-2.11334
-2.11916
-2.11916
-2.12036
-2.12036
-2.12528
-2.12528
-2.12761
-2.12761
-2.13272
-2.13272
-2.14115
-2.14115
-2.14272
-2.14272
-2.1529
-2.1529
-2.15977
-2.15977
-2.17402
-2.17402
-2.1791
-2.1791
-2.18538
-2.18538
-2.19107
-2.19107
-2.20753
-2.20753
-2.21538
-2.21538
-2.22255
-2.22255
-2.29384
-2.29384
-2.29857
-2.29857
-2.29977
-2.29977
-2.30138
-2.30138
-2.30349
-2.30349
-2.3069
-2.3069
-2.30786
-2.30786
-2.30998
-2.30998
-2.31148
-2.31148
-2.31208
-2.31208
-2.31542
-2.31542
-2.31914
-2.31914
-2.32003
-2.32003
-2.32116
-2.32116
-2.32407
-2.32407
-2.3271
-2.3271
-2.65557
-2.65557
