n=32
J=0.707107
eta=0.646465
mu=0.2
beta-optimal=0
max-overlap=0
-1.54383
-1.54383
-1.54415
-1.54415
-1.54488
-1.54488
-1.54515
-1.54515
-1.54611
-1.54611
-1.54709
-1.54709
-1.548
-1.548
-1.54839
-1.54839
-1.54922
-1.54922
-1.55049
-1.55049
-1.55097
-1.55097
-1.55213
-1.55213
-1.5529
-1.5529
-1.55424
-1.55424
-1.55434
-1.55434
-1.55615
-1.55615
-1.5562
-1.5562
-1.55756
-1.55756
-1.55802
-1.55802
-1.56051
-1.56051
-1.56073
-1.56073
-1.56116
-1.56116
-1.5615
-1.5615
-1.56342
-1.56342
-1.56412
-1.56412
-1.5654
-1.5654
-1.5667
-1.5667
-1.56785
-1.56785
-1.57036
-1.57036
-1.57288
-1.57288
-1.57345
-1.57345
-1.57495
-1.57495
-1.57598
-1.57598
-1.5776
-1.5776
-1.57782
-1.57782
-1.58119
-1.58119
-1.58123
-1.58123
-1.58262
-1.58262
-1.58509
-1.58509
-1.58639
-1.58639
-1.58821
-1.58821
-1.58834
-1.58834
-1.58961
-1.58961
-1.58985
-1.58985
-1.59324
-1.59324
-1.59373
-1.59373
-1.59653
-1.59653
-1.59731
-1.59731
-1.59829
-1.59829
-1.60128
-1.60128
-1.60202
-1.60202
-1.60301
-1.60301
-1.60503
-1.60503
-1.60513
-1.60513
-1.6064
-1.6064
-1.60928
-1.60928
-1.61289
-1.61289
-1.61356
-1.61356
-1.61615
-1.61615
-1.6196
-1.6196
-1.6218
-1.6218
-1.62535
-1.62535
-1.62579
-1.62579
-1.62742
-1.62742
-1.63066
-1.63066
-1.63079
-1.63079
-1.63698
-1.63698
-1.63772
-1.63772
-1.64111
-1.64111
-1.64629
-1.64629
-1.64707
-1.64707
-1.65023
-1.65023
-1.65828
-1.65828
-1.6625
-1.6625
-1.66534
-1.66534
-1.67179
-1.67179
-1.68735
-1.68735
-1.6925
-1.6925
-1.69459
-1.69459
-1.69943
-1.69943
-1.71416
-1.71416
-1.71725
-1.71725
-1.73024
-1.73024
-1.73757
-1.73757
-1.73988
-1.73988
-1.74078
-1.74078
-1.74147
-1.74147
-1.74192
-1.74192
-1.74382
-1.74382
-1.74457
-1.74457
-1.74566
-1.74566
-1.74627
-1.74627
-1.74723
-1.74723
-1.74861
-1.74861
-1.74873
-1.74873
-1.7495
-1.7495
-1.7508
-1.7508
-1.75149
-1.75149
-1.75177
-1.75177
-1.96027
-1.96027
