n=32
J=0.707107
eta=0.992121
mu=0.2
beta-optimal=0
max-overlap=0
-1.64533
-1.64533
-1.64548
-1.64548
-1.64616
-1.64616
-1.64723
-1.64723
-1.64748
-1.64748
-1.6484
-1.6484
-1.64941
-1.64941
-1.65079
-1.65079
-1.6512
-1.6512
-1.65128
-1.65128
-1.65181
-1.65181
-1.65231
-1.65231
-1.65335
-1.65335
-1.65421
-1.65421
-1.65538
-1.65538
-1.65586
-1.65586
-1.6565
-1.6565
-1.65784
-1.65784
-1.65883
-1.65883
-1.66081
-1.66081
-1.66096
-1.66096
-1.66224
-1.66224
-1.66268
-1.66268
-1.66346
-1.66346
-1.66366
-1.66366
-1.66635
-1.66635
-1.66724
-1.66724
-1.66741
-1.66741
-1.66863
-1.66863
-1.67028
-1.67028
-1.67125
-1.67125
-1.67171
-1.67171
-1.67174
-1.67174
-1.67348
-1.67348
-1.67469
-1.67469
-1.67662
-1.67662
-1.67664
-1.67664
-1.67846
-1.67846
-1.67956
-1.67956
-1.68009
-1.68009
-1.68088
-1.68088
-1.68196
-1.68196
-1.68297
-1.68297
-1.68576
-1.68576
-1.68595
-1.68595
-1.68691
-1.68691
-1.68834
-1.68834
-1.6914
-1.6914
-1.69158
-1.69158
-1.69327
-1.69327
-1.69623
-1.69623
-1.69847
-1.69847
-1.70221
-1.70221
-1.7037
-1.7037
-1.70645
-1.70645
-1.71101
-1.71101
-1.71166
-1.71166
-1.71363
-1.71363
-1.71566
-1.71566
-1.71792
-1.71792
-1.72045
-1.72045
-1.72123
-1.72123
-1.7287
-1.7287
-1.72976
-1.72976
-1.73237
-1.73237
-1.73441
-1.73441
-1.73853
-1.73853
-1.73905
-1.73905
-1.74577
-1.74577
-1.74767
-1.74767
-1.75271
-1.75271
-1.75524
-1.75524
-1.76178
-1.76178
-1.76374
-1.76374
-1.76539
-1.76539
-1.77253
-1.77253
-1.7822
-1.7822
-1.78609
-1.78609
-1.78971
-1.78971
-1.79341
-1.79341
-1.79711
-1.79711
-1.79856
-1.79856
-1.80129
-1.80129
-1.8058
-1.8058
-1.80663
-1.80663
-1.80748
-1.80748
-1.81222
-1.81222
-1.81368
-1.81368
-1.81806
-1.81806
-1.8228
-1.8228
-1.82613
-1.82613
-1.82729
-1.82729
-1.82822
-1.82822
-1.83161
-1.83161
-1.83292
-1.83292
-1.83591
-1.83591
-1.83795
-1.83795
-1.83891
-1.83891
-1.84215
-1.84215
-1.9608
-1.9608
