n=32
J=0.707107
eta=0.141414
mu=0.1
beta-optimal=0
max-overlap=0
-1.13171
-1.13171
-1.13172
-1.13172
-1.13211
-1.13211
-1.13363
-1.13363
-1.13401
-1.13401
-1.13475
-1.13475
-1.13499
-1.13499
-1.13587
-1.13587
-1.13633
-1.13633
-1.13679
-1.13679
-1.13694
-1.13694
-1.13753
-1.13753
-1.13775
-1.13775
-1.13867
-1.13867
-1.13887
-1.13887
-1.13899
-1.13899
-1.13999
-1.13999
-1.14025
-1.14025
-1.14129
-1.14129
-1.1419
-1.1419
-1.14231
-1.14231
-1.14262
-1.14262
-1.14459
-1.14459
-1.14515
-1.14515
-1.14613
-1.14613
-1.14702
-1.14702
-1.14744
-1.14744
-1.14853
-1.14853
-1.1488
-1.1488
-1.14973
-1.14973
-1.1502
-1.1502
-1.15042
-1.15042
-1.15064
-1.15064
-1.15084
-1.15084
-1.15143
-1.15143
-1.15247
-1.15247
-1.15355
-1.15355
-1.15443
-1.15443
-1.15519
-1.15519
-1.15725
-1.15725
-1.15812
-1.15812
-1.15939
-1.15939
-1.16013
-1.16013
-1.16125
-1.16125
-1.16126
-1.16126
-1.16306
-1.16306
-1.1641
-1.1641
-1.16456
-1.16456
-1.16621
-1.16621
-1.16824
-1.16824
-1.16921
-1.16921
-1.16973
-1.16973
-1.17001
-1.17001
-1.17045
-1.17045
-1.1716
-1.1716
-1.17342
-1.17342
-1.17395
-1.17395
-1.17415
-1.17415
-1.17436
-1.17436
-1.17686
-1.17686
-1.1778
-1.1778
-1.17804
-1.17804
-1.17978
-1.17978
-1.17987
-1.17987
-1.18079
-1.18079
-1.18141
-1.18141
-1.18224
-1.18224
-1.18289
-1.18289
-1.18425
-1.18425
-1.18609
-1.18609
-1.18854
-1.18854
-1.18986
-1.18986
-1.19145
-1.19145
-1.19318
-1.19318
-1.19346
-1.19346
-1.19432
-1.19432
-1.19645
-1.19645
-1.20156
-1.20156
-1.20252
-1.20252
-1.20461
-1.20461
-1.20497
-1.20497
-1.20835
-1.20835
-1.20865
-1.20865
-1.21346
-1.21346
-1.21689
-1.21689
-1.22188
-1.22188
-1.22236
-1.22236
-1.22471
-1.22471
-1.22811
-1.22811
-1.22907
-1.22907
-1.23099
-1.23099
-1.23132
-1.23132
-1.23498
-1.23498
-1.23644
-1.23644
-1.23965
-1.23965
-1.24109
-1.24109
-1.24278
-1.24278
-1.24748
-1.24748
-1.26298
-1.26298
-1.37328
-1.37328
