n=32
J=0.707107
eta=0.363636
mu=0.2
beta-optimal=0
max-overlap=0
-1.49838
-1.49838
-1.49953
-1.49953
-1.49986
-1.49986
-1.50087
-1.50087
-1.50204
-1.50204
-1.50308
-1.50308
-1.50315
-1.50315
-1.50478
-1.50478
-1.50573
-1.50573
-1.5073
-1.5073
-1.50846
-1.50846
-1.50873
-1.50873
-1.51036
-1.51036
-1.51055
-1.51055
-1.51158
-1.51158
-1.51165
-1.51165
-1.51317
-1.51317
-1.51416
-1.51416
-1.51593
-1.51593
-1.51597
-1.51597
-1.51625
-1.51625
-1.51837
-1.51837
-1.51973
-1.51973
-1.5198
-1.5198
-1.52037
-1.52037
-1.5221
-1.5221
-1.52447
-1.52447
-1.52494
-1.52494
-1.52712
-1.52712
-1.52828
-1.52828
-1.52835
-1.52835
-1.5285
-1.5285
-1.53126
-1.53126
-1.53199
-1.53199
-1.53259
-1.53259
-1.53855
-1.53855
-1.53912
-1.53912
-1.54034
-1.54034
-1.54392
-1.54392
-1.54469
-1.54469
-1.5452
-1.5452
-1.54676
-1.54676
-1.54866
-1.54866
-1.54892
-1.54892
-1.55191
-1.55191
-1.55221
-1.55221
-1.55522
-1.55522
-1.55791
-1.55791
-1.55891
-1.55891
-1.55945
-1.55945
-1.5602
-1.5602
-1.56411
-1.56411
-1.56465
-1.56465
-1.56808
-1.56808
-1.56952
-1.56952
-1.57225
-1.57225
-1.57539
-1.57539
-1.57778
-1.57778
-1.5798
-1.5798
-1.58037
-1.58037
-1.58057
-1.58057
-1.58245
-1.58245
-1.58742
-1.58742
-1.58906
-1.58906
-1.59215
-1.59215
-1.59323
-1.59323
-1.59401
-1.59401
-1.59927
-1.59927
-1.60113
-1.60113
-1.60376
-1.60376
-1.60742
-1.60742
-1.60852
-1.60852
-1.61324
-1.61324
-1.61566
-1.61566
-1.62439
-1.62439
-1.63206
-1.63206
-1.64801
-1.64801
-1.65289
-1.65289
-1.65764
-1.65764
-1.6648
-1.6648
-1.68036
-1.68036
-1.68591
-1.68591
-1.68641
-1.68641
-1.69334
-1.69334
-1.69429
-1.69429
-1.69654
-1.69654
-1.69934
-1.69934
-1.69946
-1.69946
-1.7041
-1.7041
-1.70475
-1.70475
-1.708
-1.708
-1.70949
-1.70949
-1.71052
-1.71052
-1.71541
-1.71541
-1.71955
-1.71955
-1.72125
-1.72125
-1.72248
-1.72248
-1.72569
-1.72569
-1.72981
-1.72981
-1.96005
-1.96005
