n=32
J=0.707107
eta=0.747475
mu=0.3
beta-optimal=0
max-overlap=0
-2.03524
-2.03524
-2.03566
-2.03566
-2.03587
-2.03587
-2.04072
-2.04072
-2.04143
-2.04143
-2.04182
-2.04182
-2.04432
-2.04432
-2.0445
-2.0445
-2.04636
-2.04636
-2.04702
-2.04702
-2.04972
-2.04972
-2.04976
-2.04976
-2.05088
-2.05088
-2.05267
-2.05267
-2.05365
-2.05365
-2.05498
-2.05498
-2.05545
-2.05545
-2.05773
-2.05773
-2.05889
-2.05889
-2.0628
-2.0628
-2.06317
-2.06317
-2.06517
-2.06517
-2.06597
-2.06597
-2.06726
-2.06726
-2.06891
-2.06891
-2.07027
-2.07027
-2.07088
-2.07088
-2.07222
-2.07222
-2.07505
-2.07505
-2.07617
-2.07617
-2.0772
-2.0772
-2.07871
-2.07871
-2.08133
-2.08133
-2.08241
-2.08241
-2.08655
-2.08655
-2.08907
-2.08907
-2.09106
-2.09106
-2.09149
-2.09149
-2.09237
-2.09237
-2.09385
-2.09385
-2.09633
-2.09633
-2.09676
-2.09676
-2.09752
-2.09752
-2.10191
-2.10191
-2.10369
-2.10369
-2.10607
-2.10607
-2.11031
-2.11031
-2.11189
-2.11189
-2.11608
-2.11608
-2.11923
-2.11923
-2.12646
-2.12646
-2.12776
-2.12776
-2.13017
-2.13017
-2.13415
-2.13415
-2.13925
-2.13925
-2.14094
-2.14094
-2.14434
-2.14434
-2.14502
-2.14502
-2.14799
-2.14799
-2.15236
-2.15236
-2.15582
-2.15582
-2.16369
-2.16369
-2.16674
-2.16674
-2.16944
-2.16944
-2.17324
-2.17324
-2.17476
-2.17476
-2.18074
-2.18074
-2.18374
-2.18374
-2.18661
-2.18661
-2.19193
-2.19193
-2.19254
-2.19254
-2.19532
-2.19532
-2.20438
-2.20438
-2.2092
-2.2092
-2.21196
-2.21196
-2.21806
-2.21806
-2.23234
-2.23234
-2.23805
-2.23805
-2.2395
-2.2395
-2.24266
-2.24266
-2.25876
-2.25876
-2.26287
-2.26287
-2.27234
-2.27234
-2.35753
-2.35753
-2.3577
-2.3577
-2.35813
-2.35813
-2.3585
-2.3585
-2.35857
-2.35857
-2.35942
-2.35942
-2.35988
-2.35988
-2.36034
-2.36034
-2.36058
-2.36058
-2.36086
-2.36086
-2.36112
-2.36112
-2.36183
-2.36183
-2.36244
-2.36244
-2.36273
-2.36273
-2.3629
-2.3629
-2.36348
-2.36348
-2.65565
-2.65565
