n=32
J=0.707107
eta=1.02606
mu=0.2
beta-optimal=0
max-overlap=0
-1.65882
-1.65882
-1.65928
-1.65928
-1.65973
-1.65973
-1.66066
-1.66066
-1.66171
-1.66171
-1.66214
-1.66214
-1.66318
-1.66318
-1.66409
-1.66409
-1.66445
-1.66445
-1.66473
-1.66473
-1.66495
-1.66495
-1.66496
-1.66496
-1.66584
-1.66584
-1.66747
-1.66747
-1.668
-1.668
-1.66843
-1.66843
-1.671
-1.671
-1.67105
-1.67105
-1.67224
-1.67224
-1.67229
-1.67229
-1.67403
-1.67403
-1.67433
-1.67433
-1.67517
-1.67517
-1.67733
-1.67733
-1.67752
-1.67752
-1.67826
-1.67826
-1.67883
-1.67883
-1.68077
-1.68077
-1.68204
-1.68204
-1.68284
-1.68284
-1.68307
-1.68307
-1.68512
-1.68512
-1.68545
-1.68545
-1.68653
-1.68653
-1.6875
-1.6875
-1.68764
-1.68764
-1.68986
-1.68986
-1.69056
-1.69056
-1.69099
-1.69099
-1.69292
-1.69292
-1.6948
-1.6948
-1.69572
-1.69572
-1.69656
-1.69656
-1.69753
-1.69753
-1.69951
-1.69951
-1.70059
-1.70059
-1.70089
-1.70089
-1.70253
-1.70253
-1.70547
-1.70547
-1.70747
-1.70747
-1.71057
-1.71057
-1.71189
-1.71189
-1.71648
-1.71648
-1.7174
-1.7174
-1.72032
-1.72032
-1.725
-1.725
-1.72559
-1.72559
-1.72834
-1.72834
-1.72973
-1.72973
-1.73204
-1.73204
-1.73411
-1.73411
-1.73487
-1.73487
-1.74233
-1.74233
-1.74381
-1.74381
-1.74559
-1.74559
-1.7474
-1.7474
-1.75172
-1.75172
-1.75315
-1.75315
-1.75935
-1.75935
-1.76049
-1.76049
-1.76563
-1.76563
-1.76892
-1.76892
-1.77449
-1.77449
-1.77734
-1.77734
-1.77982
-1.77982
-1.78448
-1.78448
-1.79718
-1.79718
-1.79969
-1.79969
-1.8037
-1.8037
-1.80658
-1.80658
-1.80849
-1.80849
-1.8091
-1.8091
-1.81087
-1.81087
-1.81445
-1.81445
-1.8158
-1.8158
-1.8164
-1.8164
-1.82098
-1.82098
-1.82245
-1.82245
-1.82756
-1.82756
-1.83297
-1.83297
-1.8366
-1.8366
-1.83768
-1.83768
-1.83884
-1.83884
-1.84234
-1.84234
-1.84427
-1.84427
-1.84727
-1.84727
-1.84975
-1.84975
-1.85083
-1.85083
-1.85473
-1.85473
-1.96088
-1.96088
