n=32
J=0.707107
eta=1.01121
mu=0.2
beta-optimal=0
max-overlap=0
-1.65279
-1.65279
-1.65283
-1.65283
-1.6537
-1.6537
-1.65473
-1.65473
-1.65532
-1.65532
-1.65641
-1.65641
-1.65664
-1.65664
-1.65842
-1.65842
-1.6586
-1.6586
-1.65886
-1.65886
-1.6589
-1.6589
-1.65929
-1.65929
-1.66012
-1.66012
-1.66202
-1.66202
-1.66214
-1.66214
-1.66243
-1.66243
-1.66464
-1.66464
-1.66557
-1.66557
-1.66585
-1.66585
-1.66712
-1.66712
-1.66875
-1.66875
-1.6689
-1.6689
-1.66945
-1.66945
-1.67097
-1.67097
-1.67182
-1.67182
-1.67239
-1.67239
-1.67362
-1.67362
-1.67568
-1.67568
-1.67609
-1.67609
-1.67648
-1.67648
-1.67794
-1.67794
-1.67919
-1.67919
-1.67998
-1.67998
-1.68045
-1.68045
-1.68136
-1.68136
-1.68262
-1.68262
-1.68437
-1.68437
-1.68522
-1.68522
-1.68643
-1.68643
-1.68654
-1.68654
-1.68831
-1.68831
-1.6901
-1.6901
-1.69113
-1.69113
-1.69129
-1.69129
-1.69344
-1.69344
-1.69455
-1.69455
-1.69622
-1.69622
-1.69671
-1.69671
-1.69923
-1.69923
-1.70122
-1.70122
-1.70422
-1.70422
-1.70592
-1.70592
-1.71014
-1.71014
-1.71133
-1.71133
-1.71419
-1.71419
-1.71885
-1.71885
-1.71937
-1.71937
-1.72189
-1.72189
-1.72347
-1.72347
-1.72583
-1.72583
-1.72822
-1.72822
-1.72861
-1.72861
-1.73629
-1.73629
-1.73757
-1.73757
-1.73973
-1.73973
-1.74166
-1.74166
-1.74585
-1.74585
-1.74689
-1.74689
-1.75335
-1.75335
-1.7548
-1.7548
-1.75989
-1.75989
-1.76288
-1.76288
-1.76887
-1.76887
-1.77128
-1.77128
-1.77342
-1.77342
-1.77914
-1.77914
-1.79055
-1.79055
-1.79363
-1.79363
-1.79747
-1.79747
-1.80071
-1.80071
-1.80375
-1.80375
-1.80528
-1.80528
-1.80535
-1.80535
-1.81097
-1.81097
-1.81167
-1.81167
-1.81209
-1.81209
-1.81709
-1.81709
-1.81855
-1.81855
-1.82335
-1.82335
-1.82846
-1.82846
-1.83199
-1.83199
-1.83306
-1.83306
-1.83412
-1.83412
-1.83758
-1.83758
-1.83924
-1.83924
-1.84224
-1.84224
-1.84452
-1.84452
-1.84556
-1.84556
-1.84916
-1.84916
-1.96084
-1.96084
