n=32
J=0.707107
eta=1.03242
mu=0.2
beta-optimal=0
max-overlap=0
-1.66145
-1.66145
-1.66219
-1.66219
-1.66234
-1.66234
-1.66329
-1.66329
-1.66446
-1.66446
-1.66468
-1.66468
-1.66601
-1.66601
-1.6665
-1.6665
-1.66693
-1.66693
-1.66735
-1.66735
-1.66741
-1.66741
-1.66766
-1.66766
-1.66839
-1.66839
-1.66984
-1.66984
-1.67056
-1.67056
-1.67115
-1.67115
-1.67346
-1.67346
-1.67371
-1.67371
-1.67458
-1.67458
-1.67504
-1.67504
-1.67635
-1.67635
-1.67652
-1.67652
-1.67789
-1.67789
-1.67952
-1.67952
-1.68033
-1.68033
-1.68105
-1.68105
-1.68114
-1.68114
-1.68282
-1.68282
-1.68476
-1.68476
-1.68535
-1.68535
-1.68564
-1.68564
-1.68718
-1.68718
-1.68815
-1.68815
-1.68936
-1.68936
-1.68965
-1.68965
-1.69037
-1.69037
-1.69191
-1.69191
-1.69301
-1.69301
-1.69326
-1.69326
-1.69567
-1.69567
-1.69762
-1.69762
-1.69769
-1.69769
-1.69935
-1.69935
-1.70028
-1.70028
-1.70215
-1.70215
-1.70273
-1.70273
-1.7032
-1.7032
-1.70528
-1.70528
-1.70818
-1.70818
-1.71017
-1.71017
-1.71331
-1.71331
-1.7145
-1.7145
-1.71924
-1.71924
-1.72004
-1.72004
-1.72298
-1.72298
-1.72764
-1.72764
-1.72832
-1.72832
-1.73109
-1.73109
-1.73246
-1.73246
-1.73473
-1.73473
-1.73666
-1.73666
-1.73763
-1.73763
-1.74496
-1.74496
-1.74651
-1.74651
-1.74813
-1.74813
-1.74989
-1.74989
-1.75427
-1.75427
-1.75588
-1.75588
-1.76194
-1.76194
-1.76298
-1.76298
-1.76814
-1.76814
-1.77152
-1.77152
-1.77695
-1.77695
-1.77998
-1.77998
-1.78259
-1.78259
-1.78682
-1.78682
-1.80005
-1.80005
-1.80234
-1.80234
-1.80642
-1.80642
-1.80915
-1.80915
-1.80989
-1.80989
-1.81146
-1.81146
-1.8133
-1.8133
-1.81597
-1.81597
-1.81742
-1.81742
-1.81846
-1.81846
-1.82267
-1.82267
-1.82415
-1.82415
-1.8294
-1.8294
-1.83493
-1.83493
-1.83858
-1.83858
-1.8397
-1.8397
-1.8409
-1.8409
-1.8444
-1.8444
-1.84647
-1.84647
-1.84945
-1.84945
-1.85202
-1.85202
-1.85312
-1.85312
-1.85715
-1.85715
-1.96089
-1.96089
