n=32
J=0.707107
eta=1.02394
mu=0.3
beta-optimal=0
max-overlap=0
-2.10845
-2.10845
-2.10889
-2.10889
-2.11089
-2.11089
-2.11194
-2.11194
-2.11285
-2.11285
-2.113
-2.113
-2.11556
-2.11556
-2.11819
-2.11819
-2.11868
-2.11868
-2.11985
-2.11985
-2.12066
-2.12066
-2.12157
-2.12157
-2.12181
-2.12181
-2.12365
-2.12365
-2.12462
-2.12462
-2.12719
-2.12719
-2.12932
-2.12932
-2.12949
-2.12949
-2.13201
-2.13201
-2.13206
-2.13206
-2.1361
-2.1361
-2.13751
-2.13751
-2.13753
-2.13753
-2.1395
-2.1395
-2.14012
-2.14012
-2.14092
-2.14092
-2.14369
-2.14369
-2.14648
-2.14648
-2.14886
-2.14886
-2.15173
-2.15173
-2.15355
-2.15355
-2.15527
-2.15527
-2.15935
-2.15935
-2.15949
-2.15949
-2.16255
-2.16255
-2.16435
-2.16435
-2.16966
-2.16966
-2.17235
-2.17235
-2.174
-2.174
-2.17771
-2.17771
-2.17888
-2.17888
-2.18096
-2.18096
-2.18212
-2.18212
-2.18519
-2.18519
-2.18643
-2.18643
-2.19119
-2.19119
-2.19329
-2.19329
-2.19515
-2.19515
-2.19771
-2.19771
-2.20103
-2.20103
-2.20498
-2.20498
-2.20815
-2.20815
-2.21257
-2.21257
-2.21514
-2.21514
-2.21674
-2.21674
-2.22182
-2.22182
-2.22312
-2.22312
-2.22408
-2.22408
-2.22881
-2.22881
-2.2307
-2.2307
-2.23371
-2.23371
-2.2377
-2.2377
-2.24461
-2.24461
-2.24619
-2.24619
-2.24885
-2.24885
-2.25051
-2.25051
-2.25616
-2.25616
-2.25737
-2.25737
-2.26313
-2.26313
-2.26722
-2.26722
-2.27071
-2.27071
-2.27571
-2.27571
-2.28185
-2.28185
-2.28339
-2.28339
-2.28476
-2.28476
-2.29641
-2.29641
-2.30097
-2.30097
-2.30721
-2.30721
-2.31138
-2.31138
-2.31572
-2.31572
-2.3223
-2.3223
-2.32469
-2.32469
-2.3326
-2.3326
-2.39486
-2.39486
-2.39936
-2.39936
-2.40217
-2.40217
-2.40436
-2.40436
-2.40615
-2.40615
-2.4106
-2.4106
-2.41472
-2.41472
-2.4163
-2.4163
-2.41757
-2.41757
-2.41999
-2.41999
-2.4212
-2.4212
-2.42431
-2.42431
-2.42698
-2.42698
-2.42826
-2.42826
-2.42921
-2.42921
-2.43387
-2.43387
-2.65574
-2.65574
