n=32
J=0.707107
eta=0.828283
mu=0.3
beta-optimal=0
max-overlap=0
-2.14687
-2.14687
-2.14867
-2.14867
-2.15164
-2.15164
-2.15543
-2.15543
-2.15918
-2.15918
-2.16215
-2.16215
-2.16351
-2.16351
-2.16624
-2.16624
-2.16843
-2.16843
-2.17131
-2.17131
-2.17513
-2.17513
-2.18384
-2.18384
-2.1862
-2.1862
-2.18903
-2.18903
-2.19249
-2.19249
-2.19364
-2.19364
-2.19925
-2.19925
-2.20286
-2.20286
-2.20688
-2.20688
-2.21094
-2.21094
-2.21296
-2.21296
-2.21498
-2.21498
-2.22328
-2.22328
-2.22847
-2.22847
-2.23042
-2.23042
-2.23707
-2.23707
-2.2491
-2.2491
-2.25532
-2.25532
-2.25581
-2.25581
-2.26043
-2.26043
-2.27435
-2.27435
-2.27767
-2.27767
-2.28732
-2.28732
-2.36717
-2.36717
-2.36879
-2.36879
-2.36909
-2.36909
-2.37056
-2.37056
-2.37109
-2.37109
-2.37248
-2.37248
-2.37402
-2.37402
-2.37499
-2.37499
-2.37553
-2.37553
-2.3758
-2.3758
-2.37711
-2.37711
-2.3774
-2.3774
-2.37872
-2.37872
-2.37933
-2.37933
-2.37975
-2.37975
-2.38094
-2.38094
-2.65567
-2.65567
