n=32
J=0.707107
eta=0.424242
mu=0.1
beta-optimal=0
max-overlap=0
-1.17995
-1.17995
-1.18145
-1.18145
-1.18172
-1.18172
-1.18378
-1.18378
-1.18394
-1.18394
-1.18539
-1.18539
-1.18605
-1.18605
-1.18661
-1.18661
-1.18685
-1.18685
-1.18896
-1.18896
-1.18979
-1.18979
-1.1904
-1.1904
-1.19237
-1.19237
-1.19259
-1.19259
-1.19493
-1.19493
-1.19516
-1.19516
-1.19541
-1.19541
-1.19849
-1.19849
-1.19892
-1.19892
-1.19966
-1.19966
-1.20177
-1.20177
-1.20394
-1.20394
-1.20593
-1.20593
-1.20628
-1.20628
-1.20719
-1.20719
-1.20803
-1.20803
-1.21364
-1.21364
-1.21925
-1.21925
-1.21929
-1.21929
-1.22046
-1.22046
-1.22062
-1.22062
-1.22336
-1.22336
-1.22365
-1.22365
-1.22891
-1.22891
-1.23124
-1.23124
-1.23186
-1.23186
-1.23585
-1.23585
-1.23677
-1.23677
-1.2393
-1.2393
-1.24072
-1.24072
-1.24146
-1.24146
-1.24404
-1.24404
-1.24617
-1.24617
-1.24652
-1.24652
-1.24834
-1.24834
-1.24974
-1.24974
-1.25204
-1.25204
-1.25511
-1.25511
-1.27054
-1.27054
-1.37377
-1.37377
