n=32
J=0.707107
eta=0.545455
mu=0.2
beta-optimal=0
max-overlap=0
-1.58293
-1.58293
-1.58448
-1.58448
-1.58848
-1.58848
-1.5901
-1.5901
-1.59245
-1.59245
-1.59399
-1.59399
-1.59456
-1.59456
-1.59754
-1.59754
-1.60064
-1.60064
-1.60266
-1.60266
-1.60526
-1.60526
-1.60537
-1.60537
-1.60754
-1.60754
-1.6101
-1.6101
-1.61571
-1.61571
-1.61594
-1.61594
-1.61894
-1.61894
-1.62002
-1.62002
-1.62077
-1.62077
-1.62645
-1.62645
-1.62664
-1.62664
-1.6317
-1.6317
-1.63824
-1.63824
-1.64206
-1.64206
-1.64745
-1.64745
-1.65428
-1.65428
-1.67049
-1.67049
-1.67545
-1.67545
-1.67838
-1.67838
-1.68393
-1.68393
-1.69936
-1.69936
-1.70347
-1.70347
-1.71639
-1.71639
-1.71668
-1.71668
-1.72106
-1.72106
-1.72166
-1.72166
-1.72225
-1.72225
-1.72392
-1.72392
-1.72694
-1.72694
-1.72825
-1.72825
-1.72981
-1.72981
-1.73049
-1.73049
-1.73161
-1.73161
-1.73465
-1.73465
-1.73592
-1.73592
-1.73683
-1.73683
-1.73774
-1.73774
-1.73996
-1.73996
-1.74189
-1.74189
-1.96017
-1.96017
