n=32
J=0.707107
eta=0.505051
mu=0.2
beta-optimal=0
max-overlap=0
-1.57648
-1.57648
-1.58047
-1.58047
-1.5812
-1.5812
-1.5852
-1.5852
-1.58613
-1.58613
-1.58991
-1.58991
-1.59029
-1.59029
-1.59062
-1.59062
-1.59324
-1.59324
-1.59829
-1.59829
-1.59902
-1.59902
-1.60072
-1.60072
-1.6018
-1.6018
-1.6028
-1.6028
-1.60819
-1.60819
-1.61241
-1.61241
-1.61266
-1.61266
-1.61305
-1.61305
-1.61746
-1.61746
-1.61942
-1.61942
-1.61991
-1.61991
-1.62532
-1.62532
-1.63151
-1.63151
-1.6351
-1.6351
-1.64138
-1.64138
-1.6484
-1.6484
-1.66463
-1.66463
-1.66958
-1.66958
-1.67287
-1.67287
-1.67882
-1.67882
-1.69435
-1.69435
-1.69882
-1.69882
-1.70878
-1.70878
-1.71209
-1.71209
-1.71401
-1.71401
-1.71475
-1.71475
-1.71565
-1.71565
-1.71766
-1.71766
-1.72114
-1.72114
-1.72208
-1.72208
-1.72428
-1.72428
-1.72511
-1.72511
-1.72604
-1.72604
-1.72957
-1.72957
-1.73162
-1.73162
-1.73283
-1.73283
-1.73357
-1.73357
-1.73618
-1.73618
-1.73869
-1.73869
-1.96014
-1.96014
