n=32
J=0.707107
eta=0.222222
mu=0.3
beta-optimal=0
max-overlap=0
-2.05168
-2.05168
-2.05252
-2.05252
-2.0528
-2.0528
-2.05718
-2.05718
-2.05824
-2.05824
-2.0607
-2.0607
-2.06418
-2.06418
-2.06632
-2.06632
-2.071
-2.071
-2.07527
-2.07527
-2.08056
-2.08056
-2.08501
-2.08501
-2.09015
-2.09015
-2.09519
-2.09519
-2.09773
-2.09773
-2.10126
-2.10126
-2.10552
-2.10552
-2.11202
-2.11202
-2.11261
-2.11261
-2.11731
-2.11731
-2.12033
-2.12033
-2.1257
-2.1257
-2.13405
-2.13405
-2.13557
-2.13557
-2.14613
-2.14613
-2.15335
-2.15335
-2.1672
-2.1672
-2.17217
-2.17217
-2.17939
-2.17939
-2.18547
-2.18547
-2.20175
-2.20175
-2.21008
-2.21008
-2.21689
-2.21689
-2.28553
-2.28553
-2.29095
-2.29095
-2.29242
-2.29242
-2.29407
-2.29407
-2.29653
-2.29653
-2.30039
-2.30039
-2.30148
-2.30148
-2.30381
-2.30381
-2.30574
-2.30574
-2.3063
-2.3063
-2.31003
-2.31003
-2.31441
-2.31441
-2.31549
-2.31549
-2.31672
-2.31672
-2.32001
-2.32001
-2.32351
-2.32351
-2.65556
-2.65556
