n=32
J=0.707107
eta=0.141414
mu=0.2
beta-optimal=0
max-overlap=0
-1.54821
-1.54821
-1.54843
-1.54843
-1.54905
-1.54905
-1.5537
-1.5537
-1.55481
-1.55481
-1.55821
-1.55821
-1.56038
-1.56038
-1.56131
-1.56131
-1.56594
-1.56594
-1.56662
-1.56662
-1.5696
-1.5696
-1.57085
-1.57085
-1.57227
-1.57227
-1.57549
-1.57549
-1.57742
-1.57742
-1.58068
-1.58068
-1.58112
-1.58112
-1.58437
-1.58437
-1.58467
-1.58467
-1.59206
-1.59206
-1.59646
-1.59646
-1.5979
-1.5979
-1.59883
-1.59883
-1.6013
-1.6013
-1.6095
-1.6095
-1.61786
-1.61786
-1.63328
-1.63328
-1.63807
-1.63807
-1.64455
-1.64455
-1.65276
-1.65276
-1.66538
-1.66538
-1.66823
-1.66823
-1.67399
-1.67399
-1.67474
-1.67474
-1.67529
-1.67529
-1.6787
-1.6787
-1.68261
-1.68261
-1.68772
-1.68772
-1.68834
-1.68834
-1.69015
-1.69015
-1.69323
-1.69323
-1.69488
-1.69488
-1.69706
-1.69706
-1.70314
-1.70314
-1.70891
-1.70891
-1.71095
-1.71095
-1.71307
-1.71307
-1.71659
-1.71659
-1.7221
-1.7221
-1.95997
-1.95997
