n=32
J=0.707107
eta=0.949495
mu=0.3
beta-optimal=0
max-overlap=0
-2.18097
-2.18097
-2.18511
-2.18511
-2.18746
-2.18746
-2.19168
-2.19168
-2.19339
-2.19339
-2.19708
-2.19708
-2.19867
-2.19867
-2.20031
-2.20031
-2.20387
-2.20387
-2.20565
-2.20565
-2.20952
-2.20952
-2.2163
-2.2163
-2.22035
-2.22035
-2.22288
-2.22288
-2.22608
-2.22608
-2.22677
-2.22677
-2.2323
-2.2323
-2.23521
-2.23521
-2.24005
-2.24005
-2.24444
-2.24444
-2.24693
-2.24693
-2.25181
-2.25181
-2.25663
-2.25663
-2.26036
-2.26036
-2.26292
-2.26292
-2.2728
-2.2728
-2.27811
-2.27811
-2.28491
-2.28491
-2.28777
-2.28777
-2.29263
-2.29263
-2.30215
-2.30215
-2.30466
-2.30466
-2.31377
-2.31377
-2.3834
-2.3834
-2.38676
-2.38676
-2.38855
-2.38855
-2.39051
-2.39051
-2.39175
-2.39175
-2.39503
-2.39503
-2.39808
-2.39808
-2.39944
-2.39944
-2.4005
-2.4005
-2.40185
-2.40185
-2.40332
-2.40332
-2.40513
-2.40513
-2.40724
-2.40724
-2.40849
-2.40849
-2.40891
-2.40891
-2.41236
-2.41236
-2.65571
-2.65571
