n=32
J=0.707107
eta=0.626263
mu=0
beta-optimal=0
max-overlap=0
-1.04911
-1.04911
-1.04971
-1.04971
-1.05059
-1.05059
-1.05064
-1.05064
-1.05139
-1.05139
-1.05176
-1.05176
-1.05182
-1.05182
-1.05252
-1.05252
-1.05301
-1.05301
-1.05435
-1.05435
-1.05486
-1.05486
-1.05493
-1.05493
-1.05573
-1.05573
-1.0558
-1.0558
-1.0562
-1.0562
-1.0568
-1.0568
-1.05733
-1.05733
-1.05852
-1.05852
-1.05863
-1.05863
-1.05962
-1.05962
-1.06068
-1.06068
-1.06094
-1.06094
-1.06104
-1.06104
-1.0613
-1.0613
-1.0623
-1.0623
-1.06248
-1.06248
-1.06366
-1.06366
-1.06428
-1.06428
-1.06532
-1.06532
-1.06618
-1.06618
-1.06671
-1.06671
-1.0671
-1.0671
-1.07002
-1.07002
-1.07039
-1.07039
-1.07046
-1.07046
-1.07191
-1.07191
-1.07345
-1.07345
-1.07348
-1.07348
-1.07463
-1.07463
-1.07483
-1.07483
-1.07543
-1.07543
-1.07715
-1.07715
-1.07931
-1.07931
-1.08143
-1.08143
-1.08534
-1.08534
-1.09054
-1.09054
-1.09208
-1.09208
-1.09326
-1.09326
-1.09578
-1.09578
-1.10006
-1.10006
