n=32
J=0.707107
eta=0.181818
mu=0.6
beta-optimal=0
max-overlap=0
-3.76565
-3.76565
-3.77131
-3.77131
-3.77778
-3.77778
-3.77857
-3.77857
-3.78246
-3.78246
-3.78732
-3.78732
-3.78803
-3.78803
-3.79324
-3.79324
-3.79533
-3.79533
-3.80287
-3.80287
-3.80767
-3.80767
-3.81172
-3.81172
-3.81637
-3.81637
-3.82188
-3.82188
-3.82357
-3.82357
-3.82681
-3.82681
-3.83084
-3.83084
-3.83716
-3.83716
-3.83767
-3.83767
-3.84282
-3.84282
-3.84586
-3.84586
-3.84953
-3.84953
-3.85914
-3.85914
-3.86195
-3.86195
-3.87174
-3.87174
-3.87744
-3.87744
-3.88945
-3.88945
-3.89351
-3.89351
-3.90233
-3.90233
-3.90699
-3.90699
-3.92261
-3.92261
-3.9317
-3.9317
-3.93466
-3.93466
-4.29281
-4.29281
-4.2954
-4.2954
-4.29621
-4.29621
-4.29783
-4.29783
-4.29966
-4.29966
-4.30098
-4.30098
-4.30183
-4.30183
-4.3029
-4.3029
-4.30356
-4.30356
-4.30426
-4.30426
-4.30631
-4.30631
-4.30819
-4.30819
-4.309
-4.309
-4.30977
-4.30977
-4.31163
-4.31163
-4.31321
-4.31321
-4.9335
-4.9335
