n=32
J=0.707107
eta=0.161616
mu=0.1
beta-optimal=0
max-overlap=0
-1.16979
-1.16979
-1.16988
-1.16988
-1.17033
-1.17033
-1.17091
-1.17091
-1.17219
-1.17219
-1.17382
-1.17382
-1.17435
-1.17435
-1.17446
-1.17446
-1.17485
-1.17485
-1.17755
-1.17755
-1.17825
-1.17825
-1.17859
-1.17859
-1.18005
-1.18005
-1.18025
-1.18025
-1.18142
-1.18142
-1.18183
-1.18183
-1.18268
-1.18268
-1.18351
-1.18351
-1.18487
-1.18487
-1.18713
-1.18713
-1.18886
-1.18886
-1.19038
-1.19038
-1.19186
-1.19186
-1.19368
-1.19368
-1.19368
-1.19368
-1.19453
-1.19453
-1.19749
-1.19749
-1.20246
-1.20246
-1.20328
-1.20328
-1.20513
-1.20513
-1.20517
-1.20517
-1.20878
-1.20878
-1.2093
-1.2093
-1.21432
-1.21432
-1.21722
-1.21722
-1.22221
-1.22221
-1.22284
-1.22284
-1.225
-1.225
-1.22851
-1.22851
-1.22957
-1.22957
-1.23133
-1.23133
-1.23182
-1.23182
-1.2354
-1.2354
-1.23678
-1.23678
-1.23996
-1.23996
-1.2414
-1.2414
-1.24312
-1.24312
-1.24775
-1.24775
-1.26325
-1.26325
-1.3733
-1.3733
