n=32
J=0.707107
eta=0.10101
mu=0.3
beta-optimal=0
max-overlap=0
-2.0455
-2.0455
-2.04703
-2.04703
-2.0498
-2.0498
-2.05228
-2.05228
-2.05445
-2.05445
-2.05477
-2.05477
-2.058
-2.058
-2.06056
-2.06056
-2.06534
-2.06534
-2.06932
-2.06932
-2.07474
-2.07474
-2.079
-2.079
-2.08448
-2.08448
-2.08913
-2.08913
-2.09222
-2.09222
-2.09609
-2.09609
-2.10002
-2.10002
-2.10686
-2.10686
-2.1072
-2.1072
-2.1117
-2.1117
-2.11523
-2.11523
-2.12078
-2.12078
-2.12899
-2.12899
-2.13067
-2.13067
-2.14137
-2.14137
-2.14885
-2.14885
-2.16239
-2.16239
-2.16729
-2.16729
-2.1752
-2.1752
-2.18153
-2.18153
-2.19768
-2.19768
-2.20635
-2.20635
-2.21292
-2.21292
-2.2796
-2.2796
-2.28552
-2.28552
-2.28719
-2.28719
-2.28886
-2.28886
-2.29158
-2.29158
-2.29576
-2.29576
-2.29698
-2.29698
-2.29943
-2.29943
-2.30167
-2.30167
-2.30222
-2.30222
-2.30622
-2.30622
-2.31106
-2.31106
-2.31227
-2.31227
-2.31359
-2.31359
-2.31715
-2.31715
-2.32098
-2.32098
-2.65556
-2.65556
