n=32
J=0.707107
eta=0.808081
mu=0.1
beta-optimal=0
max-overlap=0
-1.23217
-1.23217
-1.23304
-1.23304
-1.23316
-1.23316
-1.23387
-1.23387
-1.23416
-1.23416
-1.23609
-1.23609
-1.23642
-1.23642
-1.2372
-1.2372
-1.23816
-1.23816
-1.23822
-1.23822
-1.24026
-1.24026
-1.24037
-1.24037
-1.24169
-1.24169
-1.24201
-1.24201
-1.24217
-1.24217
-1.24244
-1.24244
-1.24568
-1.24568
-1.24898
-1.24898
-1.2491
-1.2491
-1.24964
-1.24964
-1.25134
-1.25134
-1.25442
-1.25442
-1.25469
-1.25469
-1.25744
-1.25744
-1.25915
-1.25915
-1.26295
-1.26295
-1.26957
-1.26957
-1.27635
-1.27635
-1.27841
-1.27841
-1.27864
-1.27864
-1.27906
-1.27906
-1.28056
-1.28056
-1.2824
-1.2824
-1.28261
-1.28261
-1.2836
-1.2836
-1.28385
-1.28385
-1.28421
-1.28421
-1.28495
-1.28495
-1.28621
-1.28621
-1.28681
-1.28681
-1.28681
-1.28681
-1.28928
-1.28928
-1.28945
-1.28945
-1.28994
-1.28994
-1.2924
-1.2924
-1.29338
-1.29338
-1.29412
-1.29412
-1.29809
-1.29809
-1.30431
-1.30431
-1.37573
-1.37573
