n=32
J=0.707107
eta=0.020202
mu=0.1
beta-optimal=0
max-overlap=0
-1.16689
-1.16689
-1.16892
-1.16892
-1.16927
-1.16927
-1.16948
-1.16948
-1.16956
-1.16956
-1.17219
-1.17219
-1.17288
-1.17288
-1.1734
-1.1734
-1.1736
-1.1736
-1.17422
-1.17422
-1.17609
-1.17609
-1.17632
-1.17632
-1.17844
-1.17844
-1.17858
-1.17858
-1.17947
-1.17947
-1.18017
-1.18017
-1.18084
-1.18084
-1.1809
-1.1809
-1.18135
-1.18135
-1.18349
-1.18349
-1.18769
-1.18769
-1.18807
-1.18807
-1.19038
-1.19038
-1.19153
-1.19153
-1.19157
-1.19157
-1.19347
-1.19347
-1.19453
-1.19453
-1.19831
-1.19831
-1.19975
-1.19975
-1.20296
-1.20296
-1.20478
-1.20478
-1.20687
-1.20687
-1.20698
-1.20698
-1.21009
-1.21009
-1.21602
-1.21602
-1.22081
-1.22081
-1.22087
-1.22087
-1.22384
-1.22384
-1.22682
-1.22682
-1.22747
-1.22747
-1.22972
-1.22972
-1.22993
-1.22993
-1.23365
-1.23365
-1.23536
-1.23536
-1.23864
-1.23864
-1.24011
-1.24011
-1.24172
-1.24172
-1.2466
-1.2466
-1.26214
-1.26214
-1.37323
-1.37323
