n=32
J=0.707107
eta=0.808081
mu=0.2
beta-optimal=0
max-overlap=0
-1.63806
-1.63806
-1.6399
-1.6399
-1.64071
-1.64071
-1.6446
-1.6446
-1.64523
-1.64523
-1.64754
-1.64754
-1.64813
-1.64813
-1.64951
-1.64951
-1.65101
-1.65101
-1.65304
-1.65304
-1.6548
-1.6548
-1.6622
-1.6622
-1.66431
-1.66431
-1.66704
-1.66704
-1.66944
-1.66944
-1.67161
-1.67161
-1.67667
-1.67667
-1.67778
-1.67778
-1.68372
-1.68372
-1.68775
-1.68775
-1.68888
-1.68888
-1.69255
-1.69255
-1.69778
-1.69778
-1.70302
-1.70302
-1.70503
-1.70503
-1.71177
-1.71177
-1.72136
-1.72136
-1.72829
-1.72829
-1.7289
-1.7289
-1.73482
-1.73482
-1.74567
-1.74567
-1.74712
-1.74712
-1.75913
-1.75913
-1.76957
-1.76957
-1.77003
-1.77003
-1.7713
-1.7713
-1.77217
-1.77217
-1.77308
-1.77308
-1.77445
-1.77445
-1.77555
-1.77555
-1.77691
-1.77691
-1.77793
-1.77793
-1.77915
-1.77915
-1.77986
-1.77986
-1.78088
-1.78088
-1.78216
-1.78216
-1.78302
-1.78302
-1.78363
-1.78363
-1.78399
-1.78399
-1.96047
-1.96047
