n=32
J=0.707107
eta=0.969697
mu=0.6
beta-optimal=0
max-overlap=0
-3.85727
-3.85727
-3.85988
-3.85988
-3.86254
-3.86254
-3.8679
-3.8679
-3.87292
-3.87292
-3.87503
-3.87503
-3.87688
-3.87688
-3.88034
-3.88034
-3.88265
-3.88265
-3.88752
-3.88752
-3.89126
-3.89126
-3.89818
-3.89818
-3.90288
-3.90288
-3.9053
-3.9053
-3.90906
-3.90906
-3.90998
-3.90998
-3.9151
-3.9151
-3.92076
-3.92076
-3.92269
-3.92269
-3.92776
-3.92776
-3.92877
-3.92877
-3.9325
-3.9325
-3.94095
-3.94095
-3.94619
-3.94619
-3.94948
-3.94948
-3.95472
-3.95472
-3.96758
-3.96758
-3.97338
-3.97338
-3.97511
-3.97511
-3.97663
-3.97663
-3.99338
-3.99338
-3.99828
-3.99828
-4.00617
-4.00617
-4.35225
-4.35225
-4.35396
-4.35396
-4.3557
-4.3557
-4.35645
-4.35645
-4.35688
-4.35688
-4.35912
-4.35912
-4.3609
-4.3609
-4.36124
-4.36124
-4.36212
-4.36212
-4.3632
-4.3632
-4.36387
-4.36387
-4.36544
-4.36544
-4.36665
-4.36665
-4.36776
-4.36776
-4.36831
-4.36831
-4.37071
-4.37071
-4.9335
-4.9335
