n=32
J=0.707107
eta=0.727273
mu=0.1
beta-optimal=0
max-overlap=0
-1.21687
-1.21687
-1.21727
-1.21727
-1.21751
-1.21751
-1.21808
-1.21808
-1.21951
-1.21951
-1.21992
-1.21992
-1.22081
-1.22081
-1.22221
-1.22221
-1.22238
-1.22238
-1.22241
-1.22241
-1.22364
-1.22364
-1.22396
-1.22396
-1.22499
-1.22499
-1.22764
-1.22764
-1.22777
-1.22777
-1.22945
-1.22945
-1.22962
-1.22962
-1.22996
-1.22996
-1.23046
-1.23046
-1.23456
-1.23456
-1.23783
-1.23783
-1.23903
-1.23903
-1.23908
-1.23908
-1.23931
-1.23931
-1.2434
-1.2434
-1.24435
-1.24435
-1.25398
-1.25398
-1.25916
-1.25916
-1.25965
-1.25965
-1.2622
-1.2622
-1.26275
-1.26275
-1.26499
-1.26499
-1.26644
-1.26644
-1.26781
-1.26781
-1.26863
-1.26863
-1.26887
-1.26887
-1.2697
-1.2697
-1.27094
-1.27094
-1.27223
-1.27223
-1.27237
-1.27237
-1.27293
-1.27293
-1.27378
-1.27378
-1.27455
-1.27455
-1.27518
-1.27518
-1.27649
-1.27649
-1.27768
-1.27768
-1.27918
-1.27918
-1.28234
-1.28234
-1.2931
-1.2931
-1.37511
-1.37511
