n=32
J=0.707107
eta=0.0808081
mu=0.1
beta-optimal=0
max-overlap=0
-1.16773
-1.16773
-1.16927
-1.16927
-1.16952
-1.16952
-1.16957
-1.16957
-1.17025
-1.17025
-1.17256
-1.17256
-1.17301
-1.17301
-1.17362
-1.17362
-1.17372
-1.17372
-1.1752
-1.1752
-1.17672
-1.17672
-1.17679
-1.17679
-1.17879
-1.17879
-1.17935
-1.17935
-1.17955
-1.17955
-1.18053
-1.18053
-1.18128
-1.18128
-1.1815
-1.1815
-1.18258
-1.18258
-1.18405
-1.18405
-1.18789
-1.18789
-1.18868
-1.18868
-1.19064
-1.19064
-1.19207
-1.19207
-1.1926
-1.1926
-1.19375
-1.19375
-1.19467
-1.19467
-1.19941
-1.19941
-1.20067
-1.20067
-1.20347
-1.20347
-1.20481
-1.20481
-1.20731
-1.20731
-1.2074
-1.2074
-1.2113
-1.2113
-1.21626
-1.21626
-1.22118
-1.22118
-1.2213
-1.2213
-1.2241
-1.2241
-1.22722
-1.22722
-1.22798
-1.22798
-1.23022
-1.23022
-1.23026
-1.23026
-1.23406
-1.23406
-1.23569
-1.23569
-1.23895
-1.23895
-1.24042
-1.24042
-1.24205
-1.24205
-1.24688
-1.24688
-1.2624
-1.2624
-1.37324
-1.37324
