n=32
J=0.707107
eta=0.949495
mu=0.6
beta-optimal=0
max-overlap=0
-3.85325
-3.85325
-3.85629
-3.85629
-3.85859
-3.85859
-3.86386
-3.86386
-3.86916
-3.86916
-3.87103
-3.87103
-3.87327
-3.87327
-3.87646
-3.87646
-3.87876
-3.87876
-3.88406
-3.88406
-3.88759
-3.88759
-3.89438
-3.89438
-3.89911
-3.89911
-3.90165
-3.90165
-3.90539
-3.90539
-3.90638
-3.90638
-3.91152
-3.91152
-3.91705
-3.91705
-3.91859
-3.91859
-3.92417
-3.92417
-3.92483
-3.92483
-3.92867
-3.92867
-3.93728
-3.93728
-3.94236
-3.94236
-3.94593
-3.94593
-3.95101
-3.95101
-3.96417
-3.96417
-3.97008
-3.97008
-3.97167
-3.97167
-3.97304
-3.97304
-3.99019
-3.99019
-3.9952
-3.9952
-4.00298
-4.00298
-4.35054
-4.35054
-4.35212
-4.35212
-4.35371
-4.35371
-4.35438
-4.35438
-4.35479
-4.35479
-4.35684
-4.35684
-4.35845
-4.35845
-4.35875
-4.35875
-4.35958
-4.35958
-4.36056
-4.36056
-4.36118
-4.36118
-4.36261
-4.36261
-4.36371
-4.36371
-4.3647
-4.3647
-4.3652
-4.3652
-4.36741
-4.36741
-4.9335
-4.9335
