n=32
J=0.707107
eta=0.282828
mu=0.3
beta-optimal=0
max-overlap=0
-2.05466
-2.05466
-2.05651
-2.05651
-2.05732
-2.05732
-2.05934
-2.05934
-2.06292
-2.06292
-2.06536
-2.06536
-2.06905
-2.06905
-2.07083
-2.07083
-2.07541
-2.07541
-2.07995
-2.07995
-2.0851
-2.0851
-2.08973
-2.08973
-2.0946
-2.0946
-2.0999
-2.0999
-2.10209
-2.10209
-2.10534
-2.10534
-2.10985
-2.10985
-2.11599
-2.11599
-2.11692
-2.11692
-2.12173
-2.12173
-2.12436
-2.12436
-2.12958
-2.12958
-2.13799
-2.13799
-2.1395
-2.1395
-2.14988
-2.14988
-2.1569
-2.1569
-2.17098
-2.17098
-2.17601
-2.17601
-2.1827
-2.1827
-2.18857
-2.18857
-2.20495
-2.20495
-2.21301
-2.21301
-2.22003
-2.22003
-2.29015
-2.29015
-2.29519
-2.29519
-2.2965
-2.2965
-2.29813
-2.29813
-2.30039
-2.30039
-2.30401
-2.30401
-2.30502
-2.30502
-2.30723
-2.30723
-2.30893
-2.30893
-2.30951
-2.30951
-2.31302
-2.31302
-2.31703
-2.31703
-2.31801
-2.31801
-2.31918
-2.31918
-2.32226
-2.32226
-2.3255
-2.3255
-2.65557
-2.65557
