n=32
J=0.707107
eta=0.383838
mu=0.3
beta-optimal=0
max-overlap=0
-2.06094
-2.06094
-2.06418
-2.06418
-2.06694
-2.06694
-2.06754
-2.06754
-2.07334
-2.07334
-2.07566
-2.07566
-2.07983
-2.07983
-2.08086
-2.08086
-2.08507
-2.08507
-2.09031
-2.09031
-2.09505
-2.09505
-2.10013
-2.10013
-2.10443
-2.10443
-2.11001
-2.11001
-2.11205
-2.11205
-2.11443
-2.11443
-2.1195
-2.1195
-2.12473
-2.12473
-2.12639
-2.12639
-2.13152
-2.13152
-2.13336
-2.13336
-2.13826
-2.13826
-2.1467
-2.1467
-2.14847
-2.14847
-2.15821
-2.15821
-2.16484
-2.16484
-2.17936
-2.17936
-2.18454
-2.18454
-2.1901
-2.1901
-2.19549
-2.19549
-2.21209
-2.21209
-2.21957
-2.21957
-2.22701
-2.22701
-2.30027
-2.30027
-2.30448
-2.30448
-2.30548
-2.30548
-2.30706
-2.30706
-2.30892
-2.30892
-2.31194
-2.31194
-2.31286
-2.31286
-2.31478
-2.31478
-2.31595
-2.31595
-2.31661
-2.31661
-2.31964
-2.31964
-2.32284
-2.32284
-2.32358
-2.32358
-2.32465
-2.32465
-2.32725
-2.32725
-2.32992
-2.32992
-2.65558
-2.65558
