n=32
J=0.707107
eta=0.848485
mu=0.1
beta-optimal=0
max-overlap=0
-1.24197
-1.24197
-1.24283
-1.24283
-1.24333
-1.24333
-1.24363
-1.24363
-1.24474
-1.24474
-1.24475
-1.24475
-1.24585
-1.24585
-1.24646
-1.24646
-1.24683
-1.24683
-1.24807
-1.24807
-1.2496
-1.2496
-1.25002
-1.25002
-1.25023
-1.25023
-1.251
-1.251
-1.25237
-1.25237
-1.25312
-1.25312
-1.25548
-1.25548
-1.25753
-1.25753
-1.25961
-1.25961
-1.26121
-1.26121
-1.26213
-1.26213
-1.2628
-1.2628
-1.26456
-1.26456
-1.268
-1.268
-1.27069
-1.27069
-1.27618
-1.27618
-1.27912
-1.27912
-1.28626
-1.28626
-1.28667
-1.28667
-1.28687
-1.28687
-1.28783
-1.28783
-1.28863
-1.28863
-1.28971
-1.28971
-1.29048
-1.29048
-1.29255
-1.29255
-1.29319
-1.29319
-1.29362
-1.29362
-1.29446
-1.29446
-1.29578
-1.29578
-1.29631
-1.29631
-1.29698
-1.29698
-1.29834
-1.29834
-1.29901
-1.29901
-1.30027
-1.30027
-1.30159
-1.30159
-1.30327
-1.30327
-1.3041
-1.3041
-1.30724
-1.30724
-1.31137
-1.31137
-1.37611
-1.37611
