n=32
J=0.707107
eta=0.444444
mu=0.3
beta-optimal=0
max-overlap=0
-2.06788
-2.06788
-2.06912
-2.06912
-2.07439
-2.07439
-2.07552
-2.07552
-2.08124
-2.08124
-2.08338
-2.08338
-2.08788
-2.08788
-2.08847
-2.08847
-2.09226
-2.09226
-2.09805
-2.09805
-2.10245
-2.10245
-2.10788
-2.10788
-2.11181
-2.11181
-2.11726
-2.11726
-2.11981
-2.11981
-2.12135
-2.12135
-2.12684
-2.12684
-2.13131
-2.13131
-2.13346
-2.13346
-2.13885
-2.13885
-2.14019
-2.14019
-2.14485
-2.14485
-2.15328
-2.15328
-2.15539
-2.15539
-2.16449
-2.16449
-2.17086
-2.17086
-2.18568
-2.18568
-2.19096
-2.19096
-2.19574
-2.19574
-2.20073
-2.20073
-2.21751
-2.21751
-2.22454
-2.22454
-2.2323
-2.2323
-2.30778
-2.30778
-2.31139
-2.31139
-2.31216
-2.31216
-2.3137
-2.3137
-2.31529
-2.31529
-2.31783
-2.31783
-2.31875
-2.31875
-2.32041
-2.32041
-2.32121
-2.32121
-2.32194
-2.32194
-2.32462
-2.32462
-2.32721
-2.32721
-2.32777
-2.32777
-2.32879
-2.32879
-2.33102
-2.33102
-2.33326
-2.33326
-2.65559
-2.65559
