n=32
J=0.707107
eta=0.262626
mu=0.1
beta-optimal=0
max-overlap=0
-1.17171
-1.17171
-1.17271
-1.17271
-1.17293
-1.17293
-1.17478
-1.17478
-1.17597
-1.17597
-1.17649
-1.17649
-1.17669
-1.17669
-1.17732
-1.17732
-1.17969
-1.17969
-1.18125
-1.18125
-1.18157
-1.18157
-1.18201
-1.18201
-1.18217
-1.18217
-1.18368
-1.18368
-1.18499
-1.18499
-1.18551
-1.18551
-1.1858
-1.1858
-1.1878
-1.1878
-1.18971
-1.18971
-1.19143
-1.19143
-1.19309
-1.19309
-1.19403
-1.19403
-1.19496
-1.19496
-1.19582
-1.19582
-1.19713
-1.19713
-1.19721
-1.19721
-1.20321
-1.20321
-1.20683
-1.20683
-1.20841
-1.20841
-1.20888
-1.20888
-1.20947
-1.20947
-1.21188
-1.21188
-1.21355
-1.21355
-1.21851
-1.21851
-1.22104
-1.22104
-1.22454
-1.22454
-1.22608
-1.22608
-1.22748
-1.22748
-1.23142
-1.23142
-1.23294
-1.23294
-1.23375
-1.23375
-1.23528
-1.23528
-1.23837
-1.23837
-1.23923
-1.23923
-1.2422
-1.2422
-1.2436
-1.2436
-1.2455
-1.2455
-1.24971
-1.24971
-1.26516
-1.26516
-1.37342
-1.37342
