n=32
J=0.707107
eta=0.888889
mu=0.1
beta-optimal=0
max-overlap=0
-1.25394
-1.25394
-1.25405
-1.25405
-1.25421
-1.25421
-1.25507
-1.25507
-1.25571
-1.25571
-1.25658
-1.25658
-1.25688
-1.25688
-1.25759
-1.25759
-1.25823
-1.25823
-1.25895
-1.25895
-1.25896
-1.25896
-1.25968
-1.25968
-1.26268
-1.26268
-1.26311
-1.26311
-1.26327
-1.26327
-1.26524
-1.26524
-1.26601
-1.26601
-1.26901
-1.26901
-1.27081
-1.27081
-1.2717
-1.2717
-1.27471
-1.27471
-1.27632
-1.27632
-1.27744
-1.27744
-1.28054
-1.28054
-1.28347
-1.28347
-1.28962
-1.28962
-1.29183
-1.29183
-1.29362
-1.29362
-1.29505
-1.29505
-1.29621
-1.29621
-1.29744
-1.29744
-1.2987
-1.2987
-1.29985
-1.29985
-1.3006
-1.3006
-1.3025
-1.3025
-1.30308
-1.30308
-1.30417
-1.30417
-1.30452
-1.30452
-1.30629
-1.30629
-1.30852
-1.30852
-1.3087
-1.3087
-1.30943
-1.30943
-1.31034
-1.31034
-1.31209
-1.31209
-1.31266
-1.31266
-1.31431
-1.31431
-1.3153
-1.3153
-1.31738
-1.31738
-1.31968
-1.31968
-1.37656
-1.37656
