n=32
J=0.707107
eta=0.181818
mu=0.1
beta-optimal=0
max-overlap=0
-1.17009
-1.17009
-1.17038
-1.17038
-1.17069
-1.17069
-1.17147
-1.17147
-1.17284
-1.17284
-1.17427
-1.17427
-1.17469
-1.17469
-1.17484
-1.17484
-1.1756
-1.1756
-1.1783
-1.1783
-1.17877
-1.17877
-1.17918
-1.17918
-1.18027
-1.18027
-1.1808
-1.1808
-1.18211
-1.18211
-1.18232
-1.18232
-1.18317
-1.18317
-1.18421
-1.18421
-1.18559
-1.18559
-1.18828
-1.18828
-1.18925
-1.18925
-1.19097
-1.19097
-1.19235
-1.19235
-1.19394
-1.19394
-1.19424
-1.19424
-1.19479
-1.19479
-1.19864
-1.19864
-1.20344
-1.20344
-1.20403
-1.20403
-1.20554
-1.20554
-1.20573
-1.20573
-1.20928
-1.20928
-1.21003
-1.21003
-1.21521
-1.21521
-1.21765
-1.21765
-1.22258
-1.22258
-1.22338
-1.22338
-1.22535
-1.22535
-1.22898
-1.22898
-1.23012
-1.23012
-1.23171
-1.23171
-1.23238
-1.23238
-1.23587
-1.23587
-1.23717
-1.23717
-1.24032
-1.24032
-1.24175
-1.24175
-1.2435
-1.2435
-1.24807
-1.24807
-1.26355
-1.26355
-1.37332
-1.37332
