n=32
J=0.707107
eta=0.242424
mu=0
beta-optimal=0
max-overlap=0
-1.02753
-1.02753
-1.03108
-1.03108
-1.03146
-1.03146
-1.0318
-1.0318
-1.03195
-1.03195
-1.03325
-1.03325
-1.03468
-1.03468
-1.03492
-1.03492
-1.03539
-1.03539
-1.0359
-1.0359
-1.03732
-1.03732
-1.03856
-1.03856
-1.03917
-1.03917
-1.03992
-1.03992
-1.04243
-1.04243
-1.04367
-1.04367
-1.04377
-1.04377
-1.04618
-1.04618
-1.0476
-1.0476
-1.04891
-1.04891
-1.04911
-1.04911
-1.05013
-1.05013
-1.05111
-1.05111
-1.05222
-1.05222
-1.05422
-1.05422
-1.05462
-1.05462
-1.05598
-1.05598
-1.05733
-1.05733
-1.058
-1.058
-1.05815
-1.05815
-1.05973
-1.05973
-1.05973
-1.05973
-1.06126
-1.06126
-1.06366
-1.06366
-1.06484
-1.06484
-1.06653
-1.06653
-1.06841
-1.06841
-1.06877
-1.06877
-1.06965
-1.06965
-1.07021
-1.07021
-1.07204
-1.07204
-1.07352
-1.07352
-1.07715
-1.07715
-1.07745
-1.07745
-1.08076
-1.08076
-1.08388
-1.08388
-1.08583
-1.08583
-1.08627
-1.08627
-1.09138
-1.09138
-1.10006
-1.10006
