n=32
J=0.707107
eta=0.222222
mu=0.6
beta-optimal=0
max-overlap=0
-3.76728
-3.76728
-3.77289
-3.77289
-3.77924
-3.77924
-3.7801
-3.7801
-3.78409
-3.78409
-3.7888
-3.7888
-3.7897
-3.7897
-3.79474
-3.79474
-3.79682
-3.79682
-3.80438
-3.80438
-3.80919
-3.80919
-3.81329
-3.81329
-3.81787
-3.81787
-3.82344
-3.82344
-3.82505
-3.82505
-3.8282
-3.8282
-3.83232
-3.83232
-3.83854
-3.83854
-3.83911
-3.83911
-3.84432
-3.84432
-3.84724
-3.84724
-3.85089
-3.85089
-3.86056
-3.86056
-3.86329
-3.86329
-3.87308
-3.87308
-3.8787
-3.8787
-3.89081
-3.89081
-3.8949
-3.8949
-3.90353
-3.90353
-3.90813
-3.90813
-3.92382
-3.92382
-3.93282
-3.93282
-3.93589
-3.93589
-4.29422
-4.29422
-4.29671
-4.29671
-4.2975
-4.2975
-4.29907
-4.29907
-4.30084
-4.30084
-4.3021
-4.3021
-4.30293
-4.30293
-4.30396
-4.30396
-4.30458
-4.30458
-4.30527
-4.30527
-4.30726
-4.30726
-4.30905
-4.30905
-4.30984
-4.30984
-4.31059
-4.31059
-4.31237
-4.31237
-4.3139
-4.3139
-4.9335
-4.9335
