n=32
J=0.707107
eta=0.727273
mu=0.6
beta-optimal=0
max-overlap=0
-3.81529
-3.81529
-3.82038
-3.82038
-3.82237
-3.82237
-3.82617
-3.82617
-3.83273
-3.83273
-3.83331
-3.83331
-3.83804
-3.83804
-3.8405
-3.8405
-3.84103
-3.84103
-3.85006
-3.85006
-3.85265
-3.85265
-3.85914
-3.85914
-3.86289
-3.86289
-3.86706
-3.86706
-3.87061
-3.87061
-3.87163
-3.87163
-3.87751
-3.87751
-3.87923
-3.87923
-3.88282
-3.88282
-3.88891
-3.88891
-3.88994
-3.88994
-3.89274
-3.89274
-3.90298
-3.90298
-3.90584
-3.90584
-3.91321
-3.91321
-3.91753
-3.91753
-3.93159
-3.93159
-3.93702
-3.93702
-3.94017
-3.94017
-3.94267
-3.94267
-3.96032
-3.96032
-3.96679
-3.96679
-3.97292
-3.97292
-4.3342
-4.3342
-4.33431
-4.33431
-4.33442
-4.33442
-4.33448
-4.33448
-4.33464
-4.33464
-4.33481
-4.33481
-4.33492
-4.33492
-4.33508
-4.33508
-4.33514
-4.33514
-4.3352
-4.3352
-4.33533
-4.33533
-4.3354
-4.3354
-4.33553
-4.33553
-4.33562
-4.33562
-4.3358
-4.3358
-4.33597
-4.33597
-4.9335
-4.9335
