n=32
J=0.707107
eta=0.020202
mu=0
beta-optimal=0
max-overlap=0
-1.02249
-1.02249
-1.0238
-1.0238
-1.02387
-1.02387
-1.02559
-1.02559
-1.02709
-1.02709
-1.02751
-1.02751
-1.03038
-1.03038
-1.03117
-1.03117
-1.0322
-1.0322
-1.03282
-1.03282
-1.0339
-1.0339
-1.03398
-1.03398
-1.0349
-1.0349
-1.03546
-1.03546
-1.03549
-1.03549
-1.03893
-1.03893
-1.03966
-1.03966
-1.04203
-1.04203
-1.04289
-1.04289
-1.04342
-1.04342
-1.04566
-1.04566
-1.04864
-1.04864
-1.04911
-1.04911
-1.04977
-1.04977
-1.05314
-1.05314
-1.0533
-1.0533
-1.05623
-1.05623
-1.05653
-1.05653
-1.05733
-1.05733
-1.05986
-1.05986
-1.06043
-1.06043
-1.06056
-1.06056
-1.06145
-1.06145
-1.06285
-1.06285
-1.06341
-1.06341
-1.06366
-1.06366
-1.06704
-1.06704
-1.06744
-1.06744
-1.07027
-1.07027
-1.07054
-1.07054
-1.07407
-1.07407
-1.0751
-1.0751
-1.07715
-1.07715
-1.07827
-1.07827
-1.07913
-1.07913
-1.08149
-1.08149
-1.08223
-1.08223
-1.08838
-1.08838
-1.08884
-1.08884
-1.10006
-1.10006
