n=32
J=0.707107
eta=0.646465
mu=0
beta-optimal=0
max-overlap=0
-1.05046
-1.05046
-1.05056
-1.05056
-1.05096
-1.05096
-1.05117
-1.05117
-1.05168
-1.05168
-1.05279
-1.05279
-1.05314
-1.05314
-1.05406
-1.05406
-1.05509
-1.05509
-1.05556
-1.05556
-1.05588
-1.05588
-1.05606
-1.05606
-1.05616
-1.05616
-1.05733
-1.05733
-1.05733
-1.05733
-1.05737
-1.05737
-1.0579
-1.0579
-1.05811
-1.05811
-1.05845
-1.05845
-1.06084
-1.06084
-1.06109
-1.06109
-1.06158
-1.06158
-1.06181
-1.06181
-1.06254
-1.06254
-1.06339
-1.06339
-1.06366
-1.06366
-1.06434
-1.06434
-1.06489
-1.06489
-1.06604
-1.06604
-1.06621
-1.06621
-1.06727
-1.06727
-1.06888
-1.06888
-1.07009
-1.07009
-1.07165
-1.07165
-1.07199
-1.07199
-1.0722
-1.0722
-1.07365
-1.07365
-1.07477
-1.07477
-1.07492
-1.07492
-1.07619
-1.07619
-1.07676
-1.07676
-1.07715
-1.07715
-1.08043
-1.08043
-1.0812
-1.0812
-1.08613
-1.08613
-1.09105
-1.09105
-1.09251
-1.09251
-1.09363
-1.09363
-1.09601
-1.09601
-1.10006
-1.10006
