n=32
J=0.707107
eta=0.787879
mu=0
beta-optimal=0
max-overlap=0
-1.06187
-1.06187
-1.06211
-1.06211
-1.06217
-1.06217
-1.06246
-1.06246
-1.06253
-1.06253
-1.06274
-1.06274
-1.06299
-1.06299
-1.06315
-1.06315
-1.06366
-1.06366
-1.0645
-1.0645
-1.06481
-1.06481
-1.06489
-1.06489
-1.06509
-1.06509
-1.06526
-1.06526
-1.0656
-1.0656
-1.06584
-1.06584
-1.06644
-1.06644
-1.06752
-1.06752
-1.06778
-1.06778
-1.06781
-1.06781
-1.06837
-1.06837
-1.06955
-1.06955
-1.0698
-1.0698
-1.07073
-1.07073
-1.07123
-1.07123
-1.07308
-1.07308
-1.07336
-1.07336
-1.07418
-1.07418
-1.07445
-1.07445
-1.07505
-1.07505
-1.07572
-1.07572
-1.07711
-1.07711
-1.07715
-1.07715
-1.07806
-1.07806
-1.07863
-1.07863
-1.07958
-1.07958
-1.07975
-1.07975
-1.08135
-1.08135
-1.08301
-1.08301
-1.08322
-1.08322
-1.08498
-1.08498
-1.08574
-1.08574
-1.08608
-1.08608
-1.08828
-1.08828
-1.0917
-1.0917
-1.09466
-1.09466
-1.09553
-1.09553
-1.0962
-1.0962
-1.09763
-1.09763
-1.10006
-1.10006
