n=32
J=0.707107
eta=0.464646
mu=0
beta-optimal=0
max-overlap=0
-1.03905
-1.03905
-1.04026
-1.04026
-1.04078
-1.04078
-1.04165
-1.04165
-1.04214
-1.04214
-1.04235
-1.04235
-1.04368
-1.04368
-1.04453
-1.04453
-1.04521
-1.04521
-1.04597
-1.04597
-1.04714
-1.04714
-1.04768
-1.04768
-1.048
-1.048
-1.0488
-1.0488
-1.04911
-1.04911
-1.05131
-1.05131
-1.05231
-1.05231
-1.05285
-1.05285
-1.053
-1.053
-1.05356
-1.05356
-1.05513
-1.05513
-1.05661
-1.05661
-1.05703
-1.05703
-1.05733
-1.05733
-1.05756
-1.05756
-1.05903
-1.05903
-1.05976
-1.05976
-1.06197
-1.06197
-1.06199
-1.06199
-1.06219
-1.06219
-1.06264
-1.06264
-1.06275
-1.06275
-1.06366
-1.06366
-1.06391
-1.06391
-1.06478
-1.06478
-1.06727
-1.06727
-1.06877
-1.06877
-1.06965
-1.06965
-1.07034
-1.07034
-1.07185
-1.07185
-1.0734
-1.0734
-1.07354
-1.07354
-1.07715
-1.07715
-1.07897
-1.07897
-1.08329
-1.08329
-1.08642
-1.08642
-1.08862
-1.08862
-1.09032
-1.09032
-1.09393
-1.09393
-1.10006
-1.10006
