n=32
J=0.707107
eta=0.484848
mu=0
beta-optimal=0
max-overlap=0
-1.03974
-1.03974
-1.04155
-1.04155
-1.04165
-1.04165
-1.04193
-1.04193
-1.04216
-1.04216
-1.04432
-1.04432
-1.04443
-1.04443
-1.04642
-1.04642
-1.04663
-1.04663
-1.04801
-1.04801
-1.04804
-1.04804
-1.04827
-1.04827
-1.0491
-1.0491
-1.04911
-1.04911
-1.05074
-1.05074
-1.05122
-1.05122
-1.05274
-1.05274
-1.05285
-1.05285
-1.05445
-1.05445
-1.05463
-1.05463
-1.05521
-1.05521
-1.05633
-1.05633
-1.05733
-1.05733
-1.05865
-1.05865
-1.05896
-1.05896
-1.05916
-1.05916
-1.05991
-1.05991
-1.06203
-1.06203
-1.06223
-1.06223
-1.06244
-1.06244
-1.06276
-1.06276
-1.06343
-1.06343
-1.06366
-1.06366
-1.06528
-1.06528
-1.06611
-1.06611
-1.06713
-1.06713
-1.06834
-1.06834
-1.06993
-1.06993
-1.07146
-1.07146
-1.07205
-1.07205
-1.07303
-1.07303
-1.07368
-1.07368
-1.07715
-1.07715
-1.07976
-1.07976
-1.08305
-1.08305
-1.08694
-1.08694
-1.08906
-1.08906
-1.09068
-1.09068
-1.09416
-1.09416
-1.10006
-1.10006
