n=32
J=0.707107
eta=0.848485
mu=0
beta-optimal=0
max-overlap=0
-1.06714
-1.06714
-1.06722
-1.06722
-1.0677
-1.0677
-1.06811
-1.06811
-1.06844
-1.06844
-1.06866
-1.06866
-1.0689
-1.0689
-1.06941
-1.06941
-1.07048
-1.07048
-1.07056
-1.07056
-1.07105
-1.07105
-1.07201
-1.07201
-1.07292
-1.07292
-1.073
-1.073
-1.0732
-1.0732
-1.0737
-1.0737
-1.07488
-1.07488
-1.07494
-1.07494
-1.07503
-1.07503
-1.07562
-1.07562
-1.07565
-1.07565
-1.07604
-1.07604
-1.07613
-1.07613
-1.07701
-1.07701
-1.07715
-1.07715
-1.07742
-1.07742
-1.07827
-1.07827
-1.07845
-1.07845
-1.07889
-1.07889
-1.07911
-1.07911
-1.08079
-1.08079
-1.08099
-1.08099
-1.08177
-1.08177
-1.08367
-1.08367
-1.08435
-1.08435
-1.08475
-1.08475
-1.08555
-1.08555
-1.0867
-1.0867
-1.08788
-1.08788
-1.08803
-1.08803
-1.08929
-1.08929
-1.08983
-1.08983
-1.09008
-1.09008
-1.09165
-1.09165
-1.09409
-1.09409
-1.0962
-1.0962
-1.09682
-1.09682
-1.0973
-1.0973
-1.09833
-1.09833
-1.10006
-1.10006
