n=32
J=0.707107
eta=0.909091
mu=0.2
beta-optimal=0
max-overlap=0
-1.66805
-1.66805
-1.67022
-1.67022
-1.67201
-1.67201
-1.67254
-1.67254
-1.67455
-1.67455
-1.67898
-1.67898
-1.67973
-1.67973
-1.68089
-1.68089
-1.68406
-1.68406
-1.6849
-1.6849
-1.6886
-1.6886
-1.69258
-1.69258
-1.69769
-1.69769
-1.69889
-1.69889
-1.70238
-1.70238
-1.70414
-1.70414
-1.70803
-1.70803
-1.70909
-1.70909
-1.71526
-1.71526
-1.71871
-1.71871
-1.7223
-1.7223
-1.72561
-1.72561
-1.7303
-1.7303
-1.73393
-1.73393
-1.73529
-1.73529
-1.74569
-1.74569
-1.74922
-1.74922
-1.75675
-1.75675
-1.75926
-1.75926
-1.76442
-1.76442
-1.77138
-1.77138
-1.7725
-1.7725
-1.78265
-1.78265
-1.78564
-1.78564
-1.78903
-1.78903
-1.78948
-1.78948
-1.79272
-1.79272
-1.79421
-1.79421
-1.79673
-1.79673
-1.79984
-1.79984
-1.80217
-1.80217
-1.80375
-1.80375
-1.80461
-1.80461
-1.807
-1.807
-1.80757
-1.80757
-1.81012
-1.81012
-1.81136
-1.81136
-1.81183
-1.81183
-1.8136
-1.8136
-1.96063
-1.96063
