n=32
J=0.707107
eta=0.0606061
mu=0.3
beta-optimal=0
max-overlap=0
-2.04448
-2.04448
-2.04607
-2.04607
-2.04936
-2.04936
-2.05129
-2.05129
-2.05378
-2.05378
-2.054
-2.054
-2.05698
-2.05698
-2.0596
-2.0596
-2.06439
-2.06439
-2.06834
-2.06834
-2.07376
-2.07376
-2.078
-2.078
-2.08354
-2.08354
-2.08812
-2.08812
-2.09131
-2.09131
-2.09523
-2.09523
-2.09911
-2.09911
-2.10597
-2.10597
-2.10632
-2.10632
-2.11077
-2.11077
-2.11438
-2.11438
-2.11997
-2.11997
-2.12815
-2.12815
-2.12987
-2.12987
-2.14058
-2.14058
-2.1481
-2.1481
-2.16159
-2.16159
-2.16648
-2.16648
-2.1745
-2.1745
-2.18088
-2.18088
-2.19701
-2.19701
-2.20574
-2.20574
-2.21226
-2.21226
-2.27861
-2.27861
-2.28461
-2.28461
-2.28632
-2.28632
-2.28799
-2.28799
-2.29076
-2.29076
-2.29498
-2.29498
-2.29623
-2.29623
-2.2987
-2.2987
-2.30099
-2.30099
-2.30154
-2.30154
-2.30559
-2.30559
-2.31051
-2.31051
-2.31174
-2.31174
-2.31307
-2.31307
-2.31667
-2.31667
-2.32056
-2.32056
-2.65555
-2.65555
