n=32
J=0.707107
eta=0.888889
mu=0.2
beta-optimal=0
max-overlap=0
-1.66205
-1.66205
-1.663
-1.663
-1.66534
-1.66534
-1.66729
-1.66729
-1.66784
-1.66784
-1.67171
-1.67171
-1.67226
-1.67226
-1.674
-1.674
-1.67685
-1.67685
-1.67744
-1.67744
-1.68141
-1.68141
-1.68616
-1.68616
-1.69064
-1.69064
-1.69208
-1.69208
-1.69553
-1.69553
-1.69712
-1.69712
-1.70126
-1.70126
-1.70244
-1.70244
-1.7085
-1.7085
-1.71217
-1.71217
-1.71514
-1.71514
-1.71913
-1.71913
-1.72286
-1.72286
-1.72727
-1.72727
-1.72894
-1.72894
-1.73885
-1.73885
-1.74274
-1.74274
-1.75045
-1.75045
-1.75263
-1.75263
-1.75802
-1.75802
-1.7658
-1.7658
-1.76691
-1.76691
-1.77756
-1.77756
-1.78219
-1.78219
-1.78499
-1.78499
-1.78561
-1.78561
-1.78836
-1.78836
-1.78984
-1.78984
-1.79193
-1.79193
-1.79464
-1.79464
-1.79678
-1.79678
-1.79835
-1.79835
-1.79928
-1.79928
-1.8013
-1.8013
-1.80196
-1.80196
-1.80424
-1.80424
-1.80538
-1.80538
-1.8057
-1.8057
-1.80716
-1.80716
-1.9606
-1.9606
