n=32
J=0.707107
eta=0.787879
mu=0.1
beta-optimal=0
max-overlap=0
-1.22751
-1.22751
-1.22822
-1.22822
-1.22907
-1.22907
-1.2291
-1.2291
-1.23012
-1.23012
-1.2319
-1.2319
-1.2326
-1.2326
-1.23311
-1.23311
-1.23343
-1.23343
-1.23423
-1.23423
-1.23534
-1.23534
-1.23661
-1.23661
-1.2368
-1.2368
-1.23749
-1.23749
-1.23863
-1.23863
-1.23898
-1.23898
-1.24036
-1.24036
-1.24391
-1.24391
-1.24405
-1.24405
-1.24629
-1.24629
-1.24649
-1.24649
-1.24991
-1.24991
-1.25181
-1.25181
-1.25256
-1.25256
-1.25381
-1.25381
-1.25717
-1.25717
-1.26528
-1.26528
-1.27168
-1.27168
-1.27387
-1.27387
-1.27408
-1.27408
-1.27568
-1.27568
-1.27657
-1.27657
-1.27832
-1.27832
-1.27927
-1.27927
-1.27937
-1.27937
-1.27956
-1.27956
-1.28017
-1.28017
-1.28061
-1.28061
-1.28197
-1.28197
-1.28279
-1.28279
-1.28289
-1.28289
-1.28494
-1.28494
-1.28535
-1.28535
-1.28548
-1.28548
-1.2883
-1.2883
-1.28891
-1.28891
-1.28965
-1.28965
-1.29384
-1.29384
-1.30118
-1.30118
-1.37556
-1.37556
