n=32
J=0.707107
eta=0.707071
mu=0
beta-optimal=0
max-overlap=0
-1.05468
-1.05468
-1.05549
-1.05549
-1.05613
-1.05613
-1.05629
-1.05629
-1.05657
-1.05657
-1.05696
-1.05696
-1.05725
-1.05725
-1.05733
-1.05733
-1.05745
-1.05745
-1.05793
-1.05793
-1.05826
-1.05826
-1.05828
-1.05828
-1.05955
-1.05955
-1.05968
-1.05968
-1.06024
-1.06024
-1.06073
-1.06073
-1.0612
-1.0612
-1.06153
-1.06153
-1.06273
-1.06273
-1.0628
-1.0628
-1.06319
-1.06319
-1.06359
-1.06359
-1.06366
-1.06366
-1.06425
-1.06425
-1.06469
-1.06469
-1.06563
-1.06563
-1.06837
-1.06837
-1.06897
-1.06897
-1.06899
-1.06899
-1.06968
-1.06968
-1.07047
-1.07047
-1.07201
-1.07201
-1.07305
-1.07305
-1.07423
-1.07423
-1.07425
-1.07425
-1.07518
-1.07518
-1.07652
-1.07652
-1.07681
-1.07681
-1.07715
-1.07715
-1.07923
-1.07923
-1.08028
-1.08028
-1.08051
-1.08051
-1.08076
-1.08076
-1.0838
-1.0838
-1.08852
-1.08852
-1.0926
-1.0926
-1.0938
-1.0938
-1.09473
-1.09473
-1.09671
-1.09671
-1.10006
-1.10006
