n=32
J=0.707107
eta=0.424242
mu=0.3
beta-optimal=0
max-overlap=0
-2.06626
-2.06626
-2.06658
-2.06658
-2.0718
-2.0718
-2.07272
-2.07272
-2.07846
-2.07846
-2.08068
-2.08068
-2.08507
-2.08507
-2.08579
-2.08579
-2.08974
-2.08974
-2.09535
-2.09535
-2.09986
-2.09986
-2.10518
-2.10518
-2.10922
-2.10922
-2.11474
-2.11474
-2.11708
-2.11708
-2.11891
-2.11891
-2.12426
-2.12426
-2.129
-2.129
-2.13099
-2.13099
-2.13628
-2.13628
-2.13779
-2.13779
-2.14253
-2.14253
-2.15097
-2.15097
-2.15295
-2.15295
-2.16229
-2.16229
-2.16875
-2.16875
-2.18346
-2.18346
-2.18871
-2.18871
-2.19376
-2.19376
-2.19889
-2.19889
-2.21561
-2.21561
-2.22279
-2.22279
-2.23044
-2.23044
-2.30516
-2.30516
-2.30898
-2.30898
-2.30982
-2.30982
-2.31138
-2.31138
-2.31306
-2.31306
-2.31577
-2.31577
-2.31668
-2.31668
-2.31844
-2.31844
-2.31937
-2.31937
-2.32007
-2.32007
-2.32288
-2.32288
-2.32568
-2.32568
-2.3263
-2.3263
-2.32734
-2.32734
-2.3297
-2.3297
-2.33209
-2.33209
-2.65558
-2.65558
