n=32
J=0.707107
eta=0.121212
mu=0.6
beta-optimal=0
max-overlap=0
-3.76382
-3.76382
-3.76955
-3.76955
-3.77614
-3.77614
-3.77684
-3.77684
-3.78062
-3.78062
-3.78567
-3.78567
-3.78615
-3.78615
-3.79155
-3.79155
-3.79365
-3.79365
-3.80118
-3.80118
-3.80596
-3.80596
-3.80996
-3.80996
-3.81469
-3.81469
-3.82012
-3.82012
-3.82191
-3.82191
-3.82525
-3.82525
-3.82917
-3.82917
-3.83557
-3.83557
-3.83611
-3.83611
-3.84114
-3.84114
-3.84431
-3.84431
-3.848
-3.848
-3.85755
-3.85755
-3.86046
-3.86046
-3.87025
-3.87025
-3.87602
-3.87602
-3.88792
-3.88792
-3.89195
-3.89195
-3.90099
-3.90099
-3.90572
-3.90572
-3.92125
-3.92125
-3.93045
-3.93045
-3.93329
-3.93329
-4.29122
-4.29122
-4.29392
-4.29392
-4.29477
-4.29477
-4.29644
-4.29644
-4.29833
-4.29833
-4.29972
-4.29972
-4.3006
-4.3006
-4.30171
-4.30171
-4.3024
-4.3024
-4.30312
-4.30312
-4.30525
-4.30525
-4.30722
-4.30722
-4.30805
-4.30805
-4.30886
-4.30886
-4.31078
-4.31078
-4.31243
-4.31243
-4.9335
-4.9335
