n=32
J=0.707107
eta=0.040404
mu=0
beta-optimal=0
max-overlap=0
-1.02388
-1.02388
-1.02456
-1.02456
-1.02483
-1.02483
-1.0249
-1.0249
-1.02607
-1.02607
-1.02785
-1.02785
-1.02981
-1.02981
-1.03131
-1.03131
-1.03149
-1.03149
-1.03182
-1.03182
-1.03462
-1.03462
-1.03487
-1.03487
-1.03527
-1.03527
-1.03574
-1.03574
-1.03682
-1.03682
-1.03857
-1.03857
-1.04002
-1.04002
-1.0416
-1.0416
-1.0423
-1.0423
-1.04331
-1.04331
-1.04679
-1.04679
-1.04808
-1.04808
-1.04911
-1.04911
-1.05033
-1.05033
-1.05305
-1.05305
-1.05339
-1.05339
-1.05609
-1.05609
-1.05668
-1.05668
-1.05733
-1.05733
-1.05907
-1.05907
-1.06037
-1.06037
-1.06062
-1.06062
-1.06225
-1.06225
-1.06256
-1.06256
-1.06366
-1.06366
-1.0637
-1.0637
-1.06684
-1.06684
-1.06764
-1.06764
-1.07013
-1.07013
-1.07068
-1.07068
-1.07355
-1.07355
-1.07561
-1.07561
-1.07715
-1.07715
-1.07783
-1.07783
-1.07956
-1.07956
-1.08112
-1.08112
-1.0826
-1.0826
-1.08814
-1.08814
-1.08907
-1.08907
-1.10006
-1.10006
