n=32
J=0.707107
eta=0.808081
mu=0
beta-optimal=0
max-overlap=0
-1.06305
-1.06305
-1.06332
-1.06332
-1.06366
-1.06366
-1.06393
-1.06393
-1.06412
-1.06412
-1.06452
-1.06452
-1.06495
-1.06495
-1.0657
-1.0657
-1.06578
-1.06578
-1.06604
-1.06604
-1.06639
-1.06639
-1.06667
-1.06667
-1.0667
-1.0667
-1.06715
-1.06715
-1.06817
-1.06817
-1.06824
-1.06824
-1.0687
-1.0687
-1.0691
-1.0691
-1.06964
-1.06964
-1.07086
-1.07086
-1.07138
-1.07138
-1.07179
-1.07179
-1.07246
-1.07246
-1.07268
-1.07268
-1.07352
-1.07352
-1.07446
-1.07446
-1.07525
-1.07525
-1.07565
-1.07565
-1.07586
-1.07586
-1.0759
-1.0759
-1.07689
-1.07689
-1.07715
-1.07715
-1.0793
-1.0793
-1.07935
-1.07935
-1.08015
-1.08015
-1.08067
-1.08067
-1.08169
-1.08169
-1.08314
-1.08314
-1.08464
-1.08464
-1.08482
-1.08482
-1.08641
-1.08641
-1.0871
-1.0871
-1.08741
-1.08741
-1.08941
-1.08941
-1.0925
-1.0925
-1.09517
-1.09517
-1.09596
-1.09596
-1.09657
-1.09657
-1.09786
-1.09786
-1.10006
-1.10006
