n=32
J=0.707107
eta=0.161616
mu=0.3
beta-optimal=0
max-overlap=0
-2.04801
-2.04801
-2.04937
-2.04937
-2.0509
-2.0509
-2.0547
-2.0547
-2.05555
-2.05555
-2.05717
-2.05717
-2.06051
-2.06051
-2.0629
-2.0629
-2.06764
-2.06764
-2.07173
-2.07173
-2.07711
-2.07711
-2.08144
-2.08144
-2.08678
-2.08678
-2.09159
-2.09159
-2.09445
-2.09445
-2.09819
-2.09819
-2.10225
-2.10225
-2.10899
-2.10899
-2.10937
-2.10937
-2.11397
-2.11397
-2.11729
-2.11729
-2.12277
-2.12277
-2.13105
-2.13105
-2.13264
-2.13264
-2.1433
-2.1433
-2.15067
-2.15067
-2.16434
-2.16434
-2.16927
-2.16927
-2.1769
-2.1769
-2.18312
-2.18312
-2.19933
-2.19933
-2.20786
-2.20786
-2.21453
-2.21453
-2.28201
-2.28201
-2.28773
-2.28773
-2.28932
-2.28932
-2.29098
-2.29098
-2.29359
-2.29359
-2.29764
-2.29764
-2.2988
-2.2988
-2.3012
-2.3012
-2.30332
-2.30332
-2.30387
-2.30387
-2.30777
-2.30777
-2.31242
-2.31242
-2.31358
-2.31358
-2.31486
-2.31486
-2.31831
-2.31831
-2.322
-2.322
-2.65556
-2.65556
