n=32
J=0.707107
eta=0.666667
mu=0
beta-optimal=0
max-overlap=0
-1.05153
-1.05153
-1.05157
-1.05157
-1.05212
-1.05212
-1.05251
-1.05251
-1.05378
-1.05378
-1.05397
-1.05397
-1.05418
-1.05418
-1.05451
-1.05451
-1.05596
-1.05596
-1.05659
-1.05659
-1.05727
-1.05727
-1.05733
-1.05733
-1.0576
-1.0576
-1.05766
-1.05766
-1.0581
-1.0581
-1.05839
-1.05839
-1.05846
-1.05846
-1.059
-1.059
-1.05981
-1.05981
-1.06064
-1.06064
-1.06123
-1.06123
-1.06247
-1.06247
-1.0626
-1.0626
-1.06366
-1.06366
-1.064
-1.064
-1.06446
-1.06446
-1.06549
-1.06549
-1.06591
-1.06591
-1.06638
-1.06638
-1.06784
-1.06784
-1.06815
-1.06815
-1.06973
-1.06973
-1.07066
-1.07066
-1.07248
-1.07248
-1.07327
-1.07327
-1.0736
-1.0736
-1.07385
-1.07385
-1.0749
-1.0749
-1.07636
-1.07636
-1.07715
-1.07715
-1.07755
-1.07755
-1.07809
-1.07809
-1.08097
-1.08097
-1.08155
-1.08155
-1.08693
-1.08693
-1.09157
-1.09157
-1.09294
-1.09294
-1.09399
-1.09399
-1.09624
-1.09624
-1.10006
-1.10006
