n=32
J=0.707107
eta=0.646465
mu=0.2
beta-optimal=0
max-overlap=0
-1.60202
-1.60202
-1.60301
-1.60301
-1.60503
-1.60503
-1.60513
-1.60513
-1.6064
-1.6064
-1.60928
-1.60928
-1.61289
-1.61289
-1.61356
-1.61356
-1.61615
-1.61615
-1.6196
-1.6196
-1.6218
-1.6218
-1.62535
-1.62535
-1.62579
-1.62579
-1.62742
-1.62742
-1.63066
-1.63066
-1.63079
-1.63079
-1.63698
-1.63698
-1.63772
-1.63772
-1.64111
-1.64111
-1.64629
-1.64629
-1.64707
-1.64707
-1.65023
-1.65023
-1.65828
-1.65828
-1.6625
-1.6625
-1.66534
-1.66534
-1.67179
-1.67179
-1.68735
-1.68735
-1.6925
-1.6925
-1.69459
-1.69459
-1.69943
-1.69943
-1.71416
-1.71416
-1.71725
-1.71725
-1.73024
-1.73024
-1.73757
-1.73757
-1.73988
-1.73988
-1.74078
-1.74078
-1.74147
-1.74147
-1.74192
-1.74192
-1.74382
-1.74382
-1.74457
-1.74457
-1.74566
-1.74566
-1.74627
-1.74627
-1.74723
-1.74723
-1.74861
-1.74861
-1.74873
-1.74873
-1.7495
-1.7495
-1.7508
-1.7508
-1.75149
-1.75149
-1.75177
-1.75177
-1.96027
-1.96027
