n=32
J=0.707107
eta=0.767677
mu=0.3
beta-optimal=0
max-overlap=0
-2.13155
-2.13155
-2.13253
-2.13253
-2.13537
-2.13537
-2.13922
-2.13922
-2.14405
-2.14405
-2.14603
-2.14603
-2.14891
-2.14891
-2.15006
-2.15006
-2.153
-2.153
-2.15685
-2.15685
-2.1604
-2.1604
-2.16853
-2.16853
-2.17144
-2.17144
-2.17408
-2.17408
-2.17781
-2.17781
-2.17928
-2.17928
-2.18513
-2.18513
-2.18837
-2.18837
-2.19153
-2.19153
-2.19646
-2.19646
-2.19736
-2.19736
-2.19992
-2.19992
-2.2089
-2.2089
-2.21392
-2.21392
-2.21626
-2.21626
-2.22247
-2.22247
-2.23636
-2.23636
-2.24217
-2.24217
-2.24332
-2.24332
-2.24681
-2.24681
-2.26245
-2.26245
-2.26635
-2.26635
-2.2759
-2.2759
-2.36001
-2.36001
-2.36041
-2.36041
-2.3608
-2.3608
-2.36147
-2.36147
-2.36168
-2.36168
-2.36256
-2.36256
-2.36325
-2.36325
-2.36395
-2.36395
-2.3641
-2.3641
-2.36441
-2.36441
-2.36501
-2.36501
-2.36554
-2.36554
-2.36629
-2.36629
-2.36653
-2.36653
-2.36693
-2.36693
-2.3674
-2.3674
-2.65565
-2.65565
