n=32
J=0.707107
eta=1.19192
mu=0.2
beta-optimal=0
max-overlap=0
-1.78557
-1.78557
-1.79061
-1.79061
-1.79214
-1.79214
-1.79599
-1.79599
-1.79873
-1.79873
-1.80002
-1.80002
-1.80209
-1.80209
-1.80352
-1.80352
-1.80621
-1.80621
-1.80826
-1.80826
-1.81016
-1.81016
-1.81424
-1.81424
-1.81719
-1.81719
-1.8186
-1.8186
-1.82012
-1.82012
-1.82283
-1.82283
-1.82648
-1.82648
-1.83232
-1.83232
-1.83277
-1.83277
-1.83582
-1.83582
-1.83771
-1.83771
-1.84463
-1.84463
-1.8479
-1.8479
-1.85224
-1.85224
-1.8538
-1.8538
-1.85678
-1.85678
-1.86036
-1.86036
-1.86073
-1.86073
-1.86497
-1.86497
-1.87142
-1.87142
-1.87354
-1.87354
-1.87467
-1.87467
-1.8771
-1.8771
-1.87891
-1.87891
-1.88139
-1.88139
-1.88168
-1.88168
-1.88492
-1.88492
-1.88546
-1.88546
-1.88941
-1.88941
-1.89047
-1.89047
-1.89264
-1.89264
-1.89702
-1.89702
-1.89854
-1.89854
-1.90311
-1.90311
-1.9081
-1.9081
-1.91026
-1.91026
-1.91525
-1.91525
-1.91683
-1.91683
-1.92397
-1.92397
-1.96137
-1.96137
