n=32
J=0.707107
eta=1.23232
mu=0.3
beta-optimal=0
max-overlap=0
-2.2815
-2.2815
-2.2854
-2.2854
-2.28935
-2.28935
-2.29141
-2.29141
-2.29458
-2.29458
-2.29902
-2.29902
-2.30241
-2.30241
-2.30491
-2.30491
-2.3085
-2.3085
-2.30952
-2.30952
-2.31103
-2.31103
-2.31529
-2.31529
-2.32132
-2.32132
-2.32398
-2.32398
-2.32528
-2.32528
-2.32728
-2.32728
-2.33106
-2.33106
-2.33666
-2.33666
-2.33947
-2.33947
-2.34147
-2.34147
-2.3469
-2.3469
-2.35275
-2.35275
-2.35759
-2.35759
-2.36249
-2.36249
-2.36562
-2.36562
-2.36978
-2.36978
-2.38538
-2.38538
-2.38637
-2.38637
-2.39376
-2.39376
-2.39411
-2.39411
-2.39673
-2.39673
-2.39824
-2.39824
-2.40047
-2.40047
-2.43413
-2.43413
-2.44198
-2.44198
-2.44806
-2.44806
-2.45062
-2.45062
-2.45441
-2.45441
-2.46176
-2.46176
-2.46948
-2.46948
-2.47183
-2.47183
-2.47316
-2.47316
-2.47901
-2.47901
-2.47979
-2.47979
-2.48685
-2.48685
-2.49089
-2.49089
-2.49212
-2.49212
-2.49499
-2.49499
-2.50291
-2.50291
-2.65585
-2.65585
