n=32
J=0.707107
eta=1.9798
mu=0.2
beta-optimal=0
max-overlap=0
-2.35588
-2.35588
-2.35694
-2.35694
-2.35806
-2.35806
-2.35899
-2.35899
-2.3617
-2.3617
-2.36573
-2.36573
-2.36628
-2.36628
-2.36788
-2.36788
-2.36897
-2.36897
-2.37019
-2.37019
-2.37111
-2.37111
-2.37291
-2.37291
-2.37353
-2.37353
-2.37402
-2.37402
-2.37762
-2.37762
-2.37813
-2.37813
-2.37926
-2.37926
-2.37993
-2.37993
-2.38203
-2.38203
-2.38308
-2.38308
-2.38671
-2.38671
-2.39059
-2.39059
-2.39258
-2.39258
-2.39298
-2.39298
-2.39458
-2.39458
-2.39827
-2.39827
-2.39986
-2.39986
-2.40011
-2.40011
-2.40072
-2.40072
-2.41024
-2.41024
-2.41153
-2.41153
-2.4131
-2.4131
-2.41433
-2.41433
-2.4167
-2.4167
-2.41672
-2.41672
-2.42308
-2.42308
-2.42645
-2.42645
-2.4281
-2.4281
-2.43473
-2.43473
-2.43539
-2.43539
-2.43839
-2.43839
-2.43842
-2.43842
-2.44376
-2.44376
-2.44674
-2.44674
-2.45196
-2.45196
-2.45219
-2.45219
-2.45706
-2.45706
-2.4611
-2.4611
-2.46977
-2.46977
-2.48302
-2.48302
