n=32
J=0.707107
eta=1.0303
mu=0.6
beta-optimal=0
max-overlap=0
-3.86987
-3.86987
-3.87123
-3.87123
-3.87481
-3.87481
-3.88067
-3.88067
-3.88467
-3.88467
-3.88753
-3.88753
-3.88824
-3.88824
-3.89266
-3.89266
-3.89455
-3.89455
-3.89858
-3.89858
-3.90275
-3.90275
-3.91024
-3.91024
-3.91447
-3.91447
-3.91687
-3.91687
-3.92059
-3.92059
-3.92137
-3.92137
-3.92643
-3.92643
-3.93232
-3.93232
-3.9353
-3.9353
-3.93916
-3.93916
-3.94151
-3.94151
-3.9444
-3.9444
-3.95256
-3.95256
-3.95794
-3.95794
-3.96088
-3.96088
-3.96663
-3.96663
-3.97825
-3.97825
-3.98372
-3.98372
-3.98613
-3.98613
-3.9882
-3.9882
-4.00347
-4.00347
-4.00806
-4.00806
-4.01623
-4.01623
-4.3576
-4.3576
-4.35975
-4.35975
-4.36197
-4.36197
-4.36295
-4.36295
-4.36347
-4.36347
-4.36627
-4.36627
-4.36855
-4.36855
-4.36906
-4.36906
-4.37005
-4.37005
-4.37147
-4.37147
-4.37231
-4.37231
-4.37429
-4.37429
-4.37583
-4.37583
-4.37731
-4.37731
-4.37803
-4.37803
-4.38103
-4.38103
-4.93351
-4.93351
