n=32
J=0.707107
eta=1.49495
mu=0
beta-optimal=0
max-overlap=0
-1.57292
-1.57292
-1.57316
-1.57316
-1.57358
-1.57358
-1.5757
-1.5757
-1.57611
-1.57611
-1.57634
-1.57634
-1.57737
-1.57737
-1.57771
-1.57771
-1.57788
-1.57788
-1.57789
-1.57789
-1.57797
-1.57797
-1.57857
-1.57857
-1.57872
-1.57872
-1.58078
-1.58078
-1.58319
-1.58319
-1.58349
-1.58349
-1.58359
-1.58359
-1.58661
-1.58661
-1.58744
-1.58744
-1.5881
-1.5881
-1.58824
-1.58824
-1.58835
-1.58835
-1.58854
-1.58854
-1.58867
-1.58867
-1.58999
-1.58999
-1.59108
-1.59108
-1.59223
-1.59223
-1.59294
-1.59294
-1.59455
-1.59455
-1.59613
-1.59613
-1.59687
-1.59687
-1.59747
-1.59747
-1.59766
-1.59766
-1.60042
-1.60042
-1.60344
-1.60344
-1.60491
-1.60491
-1.6055
-1.6055
-1.60594
-1.60594
-1.60791
-1.60791
-1.61296
-1.61296
-1.61602
-1.61602
-1.61711
-1.61711
-1.61857
-1.61857
-1.62152
-1.62152
-1.62312
-1.62312
-1.629
-1.629
-1.63202
-1.63202
-1.63408
-1.63408
-1.63649
-1.63649
-1.64154
-1.64154
