n=32
J=0.707107
eta=1.07071
mu=0.1
beta-optimal=0
max-overlap=0
-1.33523
-1.33523
-1.33524
-1.33524
-1.33591
-1.33591
-1.33595
-1.33595
-1.3365
-1.3365
-1.3368
-1.3368
-1.33812
-1.33812
-1.33818
-1.33818
-1.33884
-1.33884
-1.34042
-1.34042
-1.34121
-1.34121
-1.34263
-1.34263
-1.34352
-1.34352
-1.34399
-1.34399
-1.34494
-1.34494
-1.34599
-1.34599
-1.34764
-1.34764
-1.34875
-1.34875
-1.35037
-1.35037
-1.35088
-1.35088
-1.35339
-1.35339
-1.35396
-1.35396
-1.35418
-1.35418
-1.35535
-1.35535
-1.35719
-1.35719
-1.35756
-1.35756
-1.36096
-1.36096
-1.36134
-1.36134
-1.36408
-1.36408
-1.36431
-1.36431
-1.36603
-1.36603
-1.36824
-1.36824
-1.36873
-1.36873
-1.36985
-1.36985
-1.37542
-1.37542
-1.37904
-1.37904
-1.38006
-1.38006
-1.38017
-1.38017
-1.38076
-1.38076
-1.3809
-1.3809
-1.38124
-1.38124
-1.38221
-1.38221
-1.38267
-1.38267
-1.3837
-1.3837
-1.3843
-1.3843
-1.38467
-1.38467
-1.3862
-1.3862
-1.38649
-1.38649
-1.38784
-1.38784
-1.39062
-1.39062
