n=32
J=0.707107
eta=1.61616
mu=0.1
beta-optimal=0
max-overlap=0
-1.79017
-1.79017
-1.79149
-1.79149
-1.7927
-1.7927
-1.7938
-1.7938
-1.79434
-1.79434
-1.79571
-1.79571
-1.79589
-1.79589
-1.79631
-1.79631
-1.79763
-1.79763
-1.79908
-1.79908
-1.79997
-1.79997
-1.80035
-1.80035
-1.80061
-1.80061
-1.80192
-1.80192
-1.80373
-1.80373
-1.80459
-1.80459
-1.80615
-1.80615
-1.80659
-1.80659
-1.80779
-1.80779
-1.80874
-1.80874
-1.81029
-1.81029
-1.81045
-1.81045
-1.81126
-1.81126
-1.81387
-1.81387
-1.81451
-1.81451
-1.81534
-1.81534
-1.81631
-1.81631
-1.81733
-1.81733
-1.81873
-1.81873
-1.82107
-1.82107
-1.82234
-1.82234
-1.82352
-1.82352
-1.82656
-1.82656
-1.82761
-1.82761
-1.83078
-1.83078
-1.83095
-1.83095
-1.8331
-1.8331
-1.83654
-1.83654
-1.83751
-1.83751
-1.84026
-1.84026
-1.84047
-1.84047
-1.84394
-1.84394
-1.84539
-1.84539
-1.85008
-1.85008
-1.85154
-1.85154
-1.85304
-1.85304
-1.85855
-1.85855
-1.85859
-1.85859
-1.85919
-1.85919
-1.85972
-1.85972
