n=32
J=0.707107
eta=1.31313
mu=0.1
beta-optimal=0
max-overlap=0
-1.51968
-1.51968
-1.52001
-1.52001
-1.52029
-1.52029
-1.52029
-1.52029
-1.52208
-1.52208
-1.52341
-1.52341
-1.52412
-1.52412
-1.52504
-1.52504
-1.52517
-1.52517
-1.52564
-1.52564
-1.5266
-1.5266
-1.5276
-1.5276
-1.52883
-1.52883
-1.52962
-1.52962
-1.52976
-1.52976
-1.53045
-1.53045
-1.53054
-1.53054
-1.53124
-1.53124
-1.53176
-1.53176
-1.53275
-1.53275
-1.53333
-1.53333
-1.53477
-1.53477
-1.5348
-1.5348
-1.53572
-1.53572
-1.53693
-1.53693
-1.5385
-1.5385
-1.53989
-1.53989
-1.54054
-1.54054
-1.54135
-1.54135
-1.5426
-1.5426
-1.54283
-1.54283
-1.54503
-1.54503
-1.54591
-1.54591
-1.54705
-1.54705
-1.54793
-1.54793
-1.54947
-1.54947
-1.55032
-1.55032
-1.55172
-1.55172
-1.55222
-1.55222
-1.55255
-1.55255
-1.55606
-1.55606
-1.55612
-1.55612
-1.5581
-1.5581
-1.55869
-1.55869
-1.56106
-1.56106
-1.56163
-1.56163
-1.56452
-1.56452
-1.56656
-1.56656
-1.56878
-1.56878
-1.57285
-1.57285
