n=32
J=0.707107
eta=1.47475
mu=0.2
beta-optimal=0
max-overlap=0
-1.95996
-1.95996
-1.9617
-1.9617
-1.96226
-1.96226
-1.96302
-1.96302
-1.96351
-1.96351
-1.9676
-1.9676
-1.9679
-1.9679
-1.96946
-1.96946
-1.97106
-1.97106
-1.97204
-1.97204
-1.97425
-1.97425
-1.97643
-1.97643
-1.97856
-1.97856
-1.97993
-1.97993
-1.98358
-1.98358
-1.98437
-1.98437
-1.98582
-1.98582
-1.98616
-1.98616
-1.98718
-1.98718
-1.99209
-1.99209
-1.99403
-1.99403
-1.99788
-1.99788
-1.99994
-1.99994
-2.00021
-2.00021
-2.00307
-2.00307
-2.00617
-2.00617
-2.00717
-2.00717
-2.01053
-2.01053
-2.01319
-2.01319
-2.01499
-2.01499
-2.0208
-2.0208
-2.0208
-2.0208
-2.02485
-2.02485
-2.02777
-2.02777
-2.03043
-2.03043
-2.03089
-2.03089
-2.03406
-2.03406
-2.03474
-2.03474
-2.04225
-2.04225
-2.04632
-2.04632
-2.04729
-2.04729
-2.04959
-2.04959
-2.05282
-2.05282
-2.05493
-2.05493
-2.05779
-2.05779
-2.06205
-2.06205
-2.06386
-2.06386
-2.06711
-2.06711
-2.07571
-2.07571
-2.07586
-2.07586
