n=32
J=0.707107
eta=1.59596
mu=0.6
beta-optimal=0
max-overlap=0
-4.0166
-4.0166
-4.02084
-4.02084
-4.02433
-4.02433
-4.0255
-4.0255
-4.02873
-4.02873
-4.03635
-4.03635
-4.04095
-4.04095
-4.04435
-4.04435
-4.0485
-4.0485
-4.05155
-4.05155
-4.05239
-4.05239
-4.05635
-4.05635
-4.06137
-4.06137
-4.06623
-4.06623
-4.06812
-4.06812
-4.07174
-4.07174
-4.07469
-4.07469
-4.08149
-4.08149
-4.08448
-4.08448
-4.08712
-4.08712
-4.09263
-4.09263
-4.10213
-4.10213
-4.10505
-4.10505
-4.11152
-4.11152
-4.11422
-4.11422
-4.12041
-4.12041
-4.13304
-4.13304
-4.13542
-4.13542
-4.14599
-4.14599
-4.14761
-4.14761
-4.15066
-4.15066
-4.15291
-4.15291
-4.15662
-4.15662
-4.42579
-4.42579
-4.43321
-4.43321
-4.44093
-4.44093
-4.44479
-4.44479
-4.44665
-4.44665
-4.45527
-4.45527
-4.4639
-4.4639
-4.46673
-4.46673
-4.46828
-4.46828
-4.47378
-4.47378
-4.47701
-4.47701
-4.48356
-4.48356
-4.48866
-4.48866
-4.49462
-4.49462
-4.49732
-4.49732
-4.50638
-4.50638
-4.93352
-4.93352
