n=32
J=0.707107
eta=1.85859
mu=0.6
beta-optimal=0
max-overlap=0
-4.10555
-4.10555
-4.11289
-4.11289
-4.11648
-4.11648
-4.11729
-4.11729
-4.12564
-4.12564
-4.12702
-4.12702
-4.13273
-4.13273
-4.13538
-4.13538
-4.13648
-4.13648
-4.13951
-4.13951
-4.14563
-4.14563
-4.15295
-4.15295
-4.15461
-4.15461
-4.15684
-4.15684
-4.16135
-4.16135
-4.16578
-4.16578
-4.17157
-4.17157
-4.1753
-4.1753
-4.17931
-4.17931
-4.18638
-4.18638
-4.19114
-4.19114
-4.19969
-4.19969
-4.20346
-4.20346
-4.21291
-4.21291
-4.21806
-4.21806
-4.22292
-4.22292
-4.22995
-4.22995
-4.23924
-4.23924
-4.24243
-4.24243
-4.25361
-4.25361
-4.25847
-4.25847
-4.2632
-4.2632
-4.27365
-4.27365
-4.47002
-4.47002
-4.48051
-4.48051
-4.49128
-4.49128
-4.49693
-4.49693
-4.4997
-4.4997
-4.51103
-4.51103
-4.52355
-4.52355
-4.52782
-4.52782
-4.52955
-4.52955
-4.53716
-4.53716
-4.54221
-4.54221
-4.55123
-4.55123
-4.5579
-4.5579
-4.56655
-4.56655
-4.57045
-4.57045
-4.58219
-4.58219
-4.93353
-4.93353
