n=32
J=0.707107
eta=1.33333
mu=0
beta-optimal=0
max-overlap=0
-1.40986
-1.40986
-1.40986
-1.40986
-1.41148
-1.41148
-1.41188
-1.41188
-1.41253
-1.41253
-1.41311
-1.41311
-1.41334
-1.41334
-1.41381
-1.41381
-1.41403
-1.41403
-1.41452
-1.41452
-1.41488
-1.41488
-1.41585
-1.41585
-1.41646
-1.41646
-1.41695
-1.41695
-1.41723
-1.41723
-1.41886
-1.41886
-1.41896
-1.41896
-1.42082
-1.42082
-1.42155
-1.42155
-1.42186
-1.42186
-1.42187
-1.42187
-1.42226
-1.42226
-1.42233
-1.42233
-1.42254
-1.42254
-1.42452
-1.42452
-1.4256
-1.4256
-1.42563
-1.42563
-1.42874
-1.42874
-1.42891
-1.42891
-1.42956
-1.42956
-1.43152
-1.43152
-1.43159
-1.43159
-1.43298
-1.43298
-1.4346
-1.4346
-1.43465
-1.43465
-1.43505
-1.43505
-1.43518
-1.43518
-1.438
-1.438
-1.44006
-1.44006
-1.44076
-1.44076
-1.44754
-1.44754
-1.44828
-1.44828
-1.44926
-1.44926
-1.45125
-1.45125
-1.45233
-1.45233
-1.45628
-1.45628
-1.45832
-1.45832
-1.4597
-1.4597
-1.46133
-1.46133
-1.46473
-1.46473
