n=32
J=0.707107
eta=1.13131
mu=0.1
beta-optimal=0
max-overlap=0
-1.37708
-1.37708
-1.37739
-1.37739
-1.37788
-1.37788
-1.37827
-1.37827
-1.37931
-1.37931
-1.37952
-1.37952
-1.38035
-1.38035
-1.38074
-1.38074
-1.38115
-1.38115
-1.38231
-1.38231
-1.38236
-1.38236
-1.38287
-1.38287
-1.38321
-1.38321
-1.38329
-1.38329
-1.3839
-1.3839
-1.3844
-1.3844
-1.38483
-1.38483
-1.38546
-1.38546
-1.38734
-1.38734
-1.38799
-1.38799
-1.38801
-1.38801
-1.39012
-1.39012
-1.39079
-1.39079
-1.39147
-1.39147
-1.39395
-1.39395
-1.39419
-1.39419
-1.39597
-1.39597
-1.39647
-1.39647
-1.39699
-1.39699
-1.39864
-1.39864
-1.40139
-1.40139
-1.40234
-1.40234
-1.40262
-1.40262
-1.4051
-1.4051
-1.40521
-1.40521
-1.40693
-1.40693
-1.41162
-1.41162
-1.41203
-1.41203
-1.41365
-1.41365
-1.41587
-1.41587
-1.41597
-1.41597
-1.41744
-1.41744
-1.41842
-1.41842
-1.41896
-1.41896
-1.42079
-1.42079
-1.42224
-1.42224
-1.42272
-1.42272
-1.42419
-1.42419
-1.42664
-1.42664
-1.42721
-1.42721
