n=32
J=0.707107
eta=1.47475
mu=0.6
beta-optimal=0
max-overlap=0
-3.9807
-3.9807
-3.9815
-3.9815
-3.98869
-3.98869
-3.98964
-3.98964
-3.99056
-3.99056
-3.99841
-3.99841
-4.00325
-4.00325
-4.00614
-4.00614
-4.01144
-4.01144
-4.01363
-4.01363
-4.01464
-4.01464
-4.01498
-4.01498
-4.02462
-4.02462
-4.02895
-4.02895
-4.02965
-4.02965
-4.03208
-4.03208
-4.03796
-4.03796
-4.04175
-4.04175
-4.04666
-4.04666
-4.04959
-4.04959
-4.05457
-4.05457
-4.06216
-4.06216
-4.0665
-4.0665
-4.07051
-4.07051
-4.0731
-4.0731
-4.081
-4.081
-4.09164
-4.09164
-4.0947
-4.0947
-4.10466
-4.10466
-4.10583
-4.10583
-4.10792
-4.10792
-4.11244
-4.11244
-4.1156
-4.1156
-4.40823
-4.40823
-4.41435
-4.41435
-4.42075
-4.42075
-4.42388
-4.42388
-4.42538
-4.42538
-4.43271
-4.43271
-4.43974
-4.43974
-4.44194
-4.44194
-4.44348
-4.44348
-4.44798
-4.44798
-4.45054
-4.45054
-4.45602
-4.45602
-4.46033
-4.46033
-4.46518
-4.46518
-4.4674
-4.4674
-4.47514
-4.47514
-4.93351
-4.93351
