n=32
J=0.707107
eta=1.67677
mu=0.6
beta-optimal=0
max-overlap=0
-4.04238
-4.04238
-4.04889
-4.04889
-4.05055
-4.05055
-4.05087
-4.05087
-4.05685
-4.05685
-4.06293
-4.06293
-4.06782
-4.06782
-4.07099
-4.07099
-4.07396
-4.07396
-4.07754
-4.07754
-4.08041
-4.08041
-4.08542
-4.08542
-4.08746
-4.08746
-4.09273
-4.09273
-4.0948
-4.0948
-4.10043
-4.10043
-4.10255
-4.10255
-4.1089
-4.1089
-4.11056
-4.11056
-4.11564
-4.11564
-4.12038
-4.12038
-4.13097
-4.13097
-4.13309
-4.13309
-4.14064
-4.14064
-4.14411
-4.14411
-4.14986
-4.14986
-4.1617
-4.1617
-4.1648
-4.1648
-4.17371
-4.17371
-4.178
-4.178
-4.18168
-4.18168
-4.18394
-4.18394
-4.18969
-4.18969
-4.43847
-4.43847
-4.4468
-4.4468
-4.45544
-4.45544
-4.45982
-4.45982
-4.46193
-4.46193
-4.47141
-4.47141
-4.48118
-4.48118
-4.48445
-4.48445
-4.48601
-4.48601
-4.49219
-4.49219
-4.49591
-4.49591
-4.5032
-4.5032
-4.50881
-4.50881
-4.51556
-4.51556
-4.5186
-4.5186
-4.52852
-4.52852
-4.93352
-4.93352
