n=32
J=0.707107
eta=1.81818
mu=0.1
beta-optimal=0
max-overlap=0
-1.98145
-1.98145
-1.98355
-1.98355
-1.98397
-1.98397
-1.98548
-1.98548
-1.98616
-1.98616
-1.98682
-1.98682
-1.98772
-1.98772
-1.9879
-1.9879
-1.98998
-1.98998
-1.99155
-1.99155
-1.99206
-1.99206
-1.99254
-1.99254
-1.99442
-1.99442
-1.99625
-1.99625
-1.99655
-1.99655
-1.99791
-1.99791
-1.99792
-1.99792
-1.99896
-1.99896
-2.00241
-2.00241
-2.00291
-2.00291
-2.00361
-2.00361
-2.00395
-2.00395
-2.00659
-2.00659
-2.00673
-2.00673
-2.01042
-2.01042
-2.01198
-2.01198
-2.01218
-2.01218
-2.01398
-2.01398
-2.01586
-2.01586
-2.01825
-2.01825
-2.01985
-2.01985
-2.02295
-2.02295
-2.02377
-2.02377
-2.02734
-2.02734
-2.02933
-2.02933
-2.03013
-2.03013
-2.03364
-2.03364
-2.03624
-2.03624
-2.03863
-2.03863
-2.04001
-2.04001
-2.04034
-2.04034
-2.04391
-2.04391
-2.04743
-2.04743
-2.05163
-2.05163
-2.05579
-2.05579
-2.05605
-2.05605
-2.06239
-2.06239
-2.06545
-2.06545
-2.06557
-2.06557
-2.06759
-2.06759
