n=32
J=0.707107
eta=1.51515
mu=0.2
beta-optimal=0
max-overlap=0
-1.98814
-1.98814
-1.98854
-1.98854
-1.99055
-1.99055
-1.99079
-1.99079
-1.99234
-1.99234
-1.99466
-1.99466
-1.99858
-1.99858
-1.99879
-1.99879
-1.99952
-1.99952
-2.00056
-2.00056
-2.00333
-2.00333
-2.00504
-2.00504
-2.00533
-2.00533
-2.00703
-2.00703
-2.01052
-2.01052
-2.01115
-2.01115
-2.01315
-2.01315
-2.01353
-2.01353
-2.0146
-2.0146
-2.01647
-2.01647
-2.02187
-2.02187
-2.02491
-2.02491
-2.02521
-2.02521
-2.02709
-2.02709
-2.02756
-2.02756
-2.03391
-2.03391
-2.03457
-2.03457
-2.03485
-2.03485
-2.04098
-2.04098
-2.04332
-2.04332
-2.04424
-2.04424
-2.04712
-2.04712
-2.05104
-2.05104
-2.05206
-2.05206
-2.05532
-2.05532
-2.05822
-2.05822
-2.0592
-2.0592
-2.06232
-2.06232
-2.0698
-2.0698
-2.07056
-2.07056
-2.0733
-2.0733
-2.07445
-2.07445
-2.08013
-2.08013
-2.08096
-2.08096
-2.08577
-2.08577
-2.08768
-2.08768
-2.09247
-2.09247
-2.09299
-2.09299
-2.1014
-2.1014
-2.10567
-2.10567
