n=32
J=0.707107
eta=1.77778
mu=0.6
beta-optimal=0
max-overlap=0
-4.0767
-4.0767
-4.08415
-4.08415
-4.08583
-4.08583
-4.08668
-4.08668
-4.09434
-4.09434
-4.09766
-4.09766
-4.10323
-4.10323
-4.10595
-4.10595
-4.10783
-4.10783
-4.11112
-4.11112
-4.11621
-4.11621
-4.12278
-4.12278
-4.12317
-4.12317
-4.12764
-4.12764
-4.1305
-4.1305
-4.13631
-4.13631
-4.1409
-4.1409
-4.14426
-4.14426
-4.14682
-4.14682
-4.15397
-4.15397
-4.15839
-4.15839
-4.16842
-4.16842
-4.17111
-4.17111
-4.17951
-4.17951
-4.18412
-4.18412
-4.18962
-4.18962
-4.19868
-4.19868
-4.20478
-4.20478
-4.21047
-4.21047
-4.21887
-4.21887
-4.22309
-4.22309
-4.22673
-4.22673
-4.23496
-4.23496
-4.45546
-4.45546
-4.46498
-4.46498
-4.47479
-4.47479
-4.47986
-4.47986
-4.48233
-4.48233
-4.49285
-4.49285
-4.50412
-4.50412
-4.50795
-4.50795
-4.50956
-4.50956
-4.51656
-4.51656
-4.52099
-4.52099
-4.52922
-4.52922
-4.53544
-4.53544
-4.54323
-4.54323
-4.54673
-4.54673
-4.55768
-4.55768
-4.93352
-4.93352
