n=32
J=0.707107
eta=1.83838
mu=0
beta-optimal=0
max-overlap=0
-1.92271
-1.92271
-1.9237
-1.9237
-1.92422
-1.92422
-1.92445
-1.92445
-1.92543
-1.92543
-1.92669
-1.92669
-1.92674
-1.92674
-1.92716
-1.92716
-1.92882
-1.92882
-1.93168
-1.93168
-1.9323
-1.9323
-1.93374
-1.93374
-1.9344
-1.9344
-1.93538
-1.93538
-1.93639
-1.93639
-1.94049
-1.94049
-1.94152
-1.94152
-1.9416
-1.9416
-1.9426
-1.9426
-1.94293
-1.94293
-1.94337
-1.94337
-1.94398
-1.94398
-1.94435
-1.94435
-1.94494
-1.94494
-1.94584
-1.94584
-1.94807
-1.94807
-1.94947
-1.94947
-1.95084
-1.95084
-1.95296
-1.95296
-1.95355
-1.95355
-1.95522
-1.95522
-1.95662
-1.95662
-1.95696
-1.95696
-1.95704
-1.95704
-1.96351
-1.96351
-1.96559
-1.96559
-1.96862
-1.96862
-1.97211
-1.97211
-1.97403
-1.97403
-1.97588
-1.97588
-1.9762
-1.9762
-1.97835
-1.97835
-1.98335
-1.98335
-1.98475
-1.98475
-1.98606
-1.98606
-1.99602
-1.99602
-2.00113
-2.00113
-2.00462
-2.00462
-2.00871
-2.00871
-2.01726
-2.01726
