n=32
J=0.707107
eta=1.91919
mu=0
beta-optimal=0
max-overlap=0
-2.00612
-2.00612
-2.00612
-2.00612
-2.00642
-2.00642
-2.00688
-2.00688
-2.00716
-2.00716
-2.008
-2.008
-2.0091
-2.0091
-2.00987
-2.00987
-2.01361
-2.01361
-2.0141
-2.0141
-2.01535
-2.01535
-2.01743
-2.01743
-2.01833
-2.01833
-2.02001
-2.02001
-2.02191
-2.02191
-2.02271
-2.02271
-2.02381
-2.02381
-2.02417
-2.02417
-2.02483
-2.02483
-2.02562
-2.02562
-2.02686
-2.02686
-2.02924
-2.02924
-2.02944
-2.02944
-2.02957
-2.02957
-2.03129
-2.03129
-2.03392
-2.03392
-2.03485
-2.03485
-2.03505
-2.03505
-2.03765
-2.03765
-2.03803
-2.03803
-2.03867
-2.03867
-2.03956
-2.03956
-2.04315
-2.04315
-2.0433
-2.0433
-2.04894
-2.04894
-2.05253
-2.05253
-2.05455
-2.05455
-2.05826
-2.05826
-2.05837
-2.05837
-2.0603
-2.0603
-2.06285
-2.06285
-2.06301
-2.06301
-2.06848
-2.06848
-2.07146
-2.07146
-2.07223
-2.07223
-2.08237
-2.08237
-2.08798
-2.08798
-2.09181
-2.09181
-2.09629
-2.09629
-2.10566
-2.10566
