n=32
J=0.707107
eta=1.89899
mu=0.2
beta-optimal=0
max-overlap=0
-2.28675
-2.28675
-2.28893
-2.28893
-2.28964
-2.28964
-2.29146
-2.29146
-2.2925
-2.2925
-2.29591
-2.29591
-2.29726
-2.29726
-2.2992
-2.2992
-2.30025
-2.30025
-2.30209
-2.30209
-2.30306
-2.30306
-2.30363
-2.30363
-2.3043
-2.3043
-2.30762
-2.30762
-2.3087
-2.3087
-2.30934
-2.30934
-2.31008
-2.31008
-2.31206
-2.31206
-2.31285
-2.31285
-2.31497
-2.31497
-2.31567
-2.31567
-2.32036
-2.32036
-2.32306
-2.32306
-2.32515
-2.32515
-2.32646
-2.32646
-2.32927
-2.32927
-2.33078
-2.33078
-2.33091
-2.33091
-2.33278
-2.33278
-2.33987
-2.33987
-2.34289
-2.34289
-2.3441
-2.3441
-2.34416
-2.34416
-2.34793
-2.34793
-2.35039
-2.35039
-2.35169
-2.35169
-2.35612
-2.35612
-2.35869
-2.35869
-2.36228
-2.36228
-2.36578
-2.36578
-2.36595
-2.36595
-2.36886
-2.36886
-2.37278
-2.37278
-2.37766
-2.37766
-2.38171
-2.38171
-2.38359
-2.38359
-2.38573
-2.38573
-2.39221
-2.39221
-2.39864
-2.39864
-2.41369
-2.41369
