n=32
J=0.707107
eta=1.11111
mu=0.2
beta-optimal=0
max-overlap=0
-1.74747
-1.74747
-1.75027
-1.75027
-1.75404
-1.75404
-1.75555
-1.75555
-1.75803
-1.75803
-1.76172
-1.76172
-1.76394
-1.76394
-1.76515
-1.76515
-1.7681
-1.7681
-1.76986
-1.76986
-1.77023
-1.77023
-1.77384
-1.77384
-1.7792
-1.7792
-1.7809
-1.7809
-1.78143
-1.78143
-1.78354
-1.78354
-1.78838
-1.78838
-1.79152
-1.79152
-1.79413
-1.79413
-1.79716
-1.79716
-1.8011
-1.8011
-1.8049
-1.8049
-1.8101
-1.8101
-1.81465
-1.81465
-1.8176
-1.8176
-1.81995
-1.81995
-1.82893
-1.82893
-1.83624
-1.83624
-1.83675
-1.83675
-1.83717
-1.83717
-1.83912
-1.83912
-1.84223
-1.84223
-1.84286
-1.84286
-1.84445
-1.84445
-1.84516
-1.84516
-1.84596
-1.84596
-1.8468
-1.8468
-1.84748
-1.84748
-1.85357
-1.85357
-1.86073
-1.86073
-1.86404
-1.86404
-1.86644
-1.86644
-1.86798
-1.86798
-1.8715
-1.8715
-1.87521
-1.87521
-1.87797
-1.87797
-1.88169
-1.88169
-1.88297
-1.88297
-1.88858
-1.88858
-1.9611
-1.9611
