n=32
J=0.707107
eta=1.9596
mu=0.6
beta-optimal=0
max-overlap=0
-4.14305
-4.14305
-4.15116
-4.15116
-4.15653
-4.15653
-4.15689
-4.15689
-4.16412
-4.16412
-4.16719
-4.16719
-4.17079
-4.17079
-4.17393
-4.17393
-4.17479
-4.17479
-4.17772
-4.17772
-4.18424
-4.18424
-4.19233
-4.19233
-4.19507
-4.19507
-4.19576
-4.19576
-4.20186
-4.20186
-4.20496
-4.20496
-4.21118
-4.21118
-4.21706
-4.21706
-4.2231
-4.2231
-4.22874
-4.22874
-4.23446
-4.23446
-4.24098
-4.24098
-4.24593
-4.24593
-4.25754
-4.25754
-4.26244
-4.26244
-4.26494
-4.26494
-4.27298
-4.27298
-4.28449
-4.28449
-4.28617
-4.28617
-4.29946
-4.29946
-4.30529
-4.30529
-4.31117
-4.31117
-4.32462
-4.32462
-4.48946
-4.48946
-4.50121
-4.50121
-4.5132
-4.5132
-4.5196
-4.5196
-4.5228
-4.5228
-4.53508
-4.53508
-4.54922
-4.54922
-4.55401
-4.55401
-4.55604
-4.55604
-4.56431
-4.56431
-4.57023
-4.57023
-4.58024
-4.58024
-4.58745
-4.58745
-4.59722
-4.59722
-4.60165
-4.60165
-4.6143
-4.6143
-4.93353
-4.93353
