n=32
J=0.707107
eta=1.89899
mu=0.6
beta-optimal=0
max-overlap=0
-4.12036
-4.12036
-4.12788
-4.12788
-4.13232
-4.13232
-4.13296
-4.13296
-4.14105
-4.14105
-4.14274
-4.14274
-4.1478
-4.1478
-4.15056
-4.15056
-4.15146
-4.15146
-4.15438
-4.15438
-4.1608
-4.1608
-4.16847
-4.16847
-4.17081
-4.17081
-4.17195
-4.17195
-4.17733
-4.17733
-4.18105
-4.18105
-4.18711
-4.18711
-4.1917
-4.1917
-4.19649
-4.19649
-4.20309
-4.20309
-4.20817
-4.20817
-4.21589
-4.21589
-4.22018
-4.22018
-4.23041
-4.23041
-4.23558
-4.23558
-4.23971
-4.23971
-4.24656
-4.24656
-4.25716
-4.25716
-4.25935
-4.25935
-4.27163
-4.27163
-4.27687
-4.27687
-4.28209
-4.28209
-4.29371
-4.29371
-4.47762
-4.47762
-4.48861
-4.48861
-4.49987
-4.49987
-4.50581
-4.50581
-4.50875
-4.50875
-4.52047
-4.52047
-4.53363
-4.53363
-4.53812
-4.53812
-4.53994
-4.53994
-4.54784
-4.54784
-4.55322
-4.55322
-4.56263
-4.56263
-4.56953
-4.56953
-4.57862
-4.57862
-4.58273
-4.58273
-4.59484
-4.59484
-4.93353
-4.93353
