n=32
J=0.707107
eta=1.9596
mu=0.2
beta-optimal=0
max-overlap=0
-2.33864
-2.33864
-2.33967
-2.33967
-2.34087
-2.34087
-2.34187
-2.34187
-2.34424
-2.34424
-2.34847
-2.34847
-2.34859
-2.34859
-2.35062
-2.35062
-2.35168
-2.35168
-2.35315
-2.35315
-2.35402
-2.35402
-2.35563
-2.35563
-2.3559
-2.3559
-2.35717
-2.35717
-2.36057
-2.36057
-2.36077
-2.36077
-2.3615
-2.3615
-2.36282
-2.36282
-2.36464
-2.36464
-2.36585
-2.36585
-2.36882
-2.36882
-2.37291
-2.37291
-2.37505
-2.37505
-2.37601
-2.37601
-2.37728
-2.37728
-2.38094
-2.38094
-2.38248
-2.38248
-2.38283
-2.38283
-2.38337
-2.38337
-2.39247
-2.39247
-2.3942
-2.3942
-2.39571
-2.39571
-2.39669
-2.39669
-2.39931
-2.39931
-2.39994
-2.39994
-2.40502
-2.40502
-2.40889
-2.40889
-2.41051
-2.41051
-2.41698
-2.41698
-2.41731
-2.41731
-2.42019
-2.42019
-2.42078
-2.42078
-2.42577
-2.42577
-2.42929
-2.42929
-2.43435
-2.43435
-2.43471
-2.43471
-2.439
-2.439
-2.4437
-2.4437
-2.45182
-2.45182
-2.46557
-2.46557
