n=32
J=0.707107
eta=1.11111
mu=0.3
beta-optimal=0
max-overlap=0
-2.23607
-2.23607
-2.23697
-2.23697
-2.2434
-2.2434
-2.2449
-2.2449
-2.24646
-2.24646
-2.25289
-2.25289
-2.25426
-2.25426
-2.25636
-2.25636
-2.26048
-2.26048
-2.26318
-2.26318
-2.2649
-2.2649
-2.26532
-2.26532
-2.27579
-2.27579
-2.27656
-2.27656
-2.27826
-2.27826
-2.28034
-2.28034
-2.28567
-2.28567
-2.28762
-2.28762
-2.29339
-2.29339
-2.29589
-2.29589
-2.30127
-2.30127
-2.30529
-2.30529
-2.31236
-2.31236
-2.31419
-2.31419
-2.31547
-2.31547
-2.32388
-2.32388
-2.33439
-2.33439
-2.33763
-2.33763
-2.34311
-2.34311
-2.34621
-2.34621
-2.3495
-2.3495
-2.35228
-2.35228
-2.3575
-2.3575
-2.40991
-2.40991
-2.41579
-2.41579
-2.4199
-2.4199
-2.42231
-2.42231
-2.42485
-2.42485
-2.4306
-2.4306
-2.43612
-2.43612
-2.43799
-2.43799
-2.43938
-2.43938
-2.44334
-2.44334
-2.44397
-2.44397
-2.44884
-2.44884
-2.45215
-2.45215
-2.45342
-2.45342
-2.4551
-2.4551
-2.46116
-2.46116
-2.65578
-2.65578
