n=32
J=0.707107
eta=1.93939
mu=0.1
beta-optimal=0
max-overlap=0
-2.09977
-2.09977
-2.10048
-2.10048
-2.10061
-2.10061
-2.10265
-2.10265
-2.10335
-2.10335
-2.10375
-2.10375
-2.10571
-2.10571
-2.10633
-2.10633
-2.10776
-2.10776
-2.108
-2.108
-2.11004
-2.11004
-2.1107
-2.1107
-2.11247
-2.11247
-2.11363
-2.11363
-2.11603
-2.11603
-2.11633
-2.11633
-2.1167
-2.1167
-2.1176
-2.1176
-2.12017
-2.12017
-2.12191
-2.12191
-2.12295
-2.12295
-2.12298
-2.12298
-2.1254
-2.1254
-2.12632
-2.12632
-2.12968
-2.12968
-2.1317
-2.1317
-2.13195
-2.13195
-2.13488
-2.13488
-2.13672
-2.13672
-2.13809
-2.13809
-2.14012
-2.14012
-2.14321
-2.14321
-2.14623
-2.14623
-2.14879
-2.14879
-2.15028
-2.15028
-2.15116
-2.15116
-2.15697
-2.15697
-2.15799
-2.15799
-2.15962
-2.15962
-2.16229
-2.16229
-2.16369
-2.16369
-2.16588
-2.16588
-2.17015
-2.17015
-2.1743
-2.1743
-2.17892
-2.17892
-2.1803
-2.1803
-2.18634
-2.18634
-2.19067
-2.19067
-2.19146
-2.19146
-2.1947
-2.1947
