n=32
J=0.707107
eta=1.47475
mu=0.1
beta-optimal=0
max-overlap=0
-1.66092
-1.66092
-1.66138
-1.66138
-1.66257
-1.66257
-1.66304
-1.66304
-1.6634
-1.6634
-1.66536
-1.66536
-1.66628
-1.66628
-1.66677
-1.66677
-1.66741
-1.66741
-1.66773
-1.66773
-1.66837
-1.66837
-1.66927
-1.66927
-1.67158
-1.67158
-1.67221
-1.67221
-1.67318
-1.67318
-1.67388
-1.67388
-1.67514
-1.67514
-1.67577
-1.67577
-1.67645
-1.67645
-1.67759
-1.67759
-1.67902
-1.67902
-1.67924
-1.67924
-1.68018
-1.68018
-1.68039
-1.68039
-1.68122
-1.68122
-1.68346
-1.68346
-1.68367
-1.68367
-1.68413
-1.68413
-1.68466
-1.68466
-1.68635
-1.68635
-1.68885
-1.68885
-1.6896
-1.6896
-1.69139
-1.69139
-1.69283
-1.69283
-1.69424
-1.69424
-1.69545
-1.69545
-1.69829
-1.69829
-1.69996
-1.69996
-1.70026
-1.70026
-1.70448
-1.70448
-1.70527
-1.70527
-1.70683
-1.70683
-1.70824
-1.70824
-1.7106
-1.7106
-1.7115
-1.7115
-1.71391
-1.71391
-1.71734
-1.71734
-1.71789
-1.71789
-1.71994
-1.71994
-1.72038
-1.72038
