n=32
J=0.707107
eta=2
mu=0.3
beta-optimal=0
max-overlap=0
-2.71009
-2.71009
-2.71044
-2.71044
-2.7137
-2.7137
-2.71731
-2.71731
-2.71811
-2.71811
-2.72279
-2.72279
-2.7243
-2.7243
-2.7287
-2.7287
-2.72975
-2.72975
-2.73198
-2.73198
-2.73428
-2.73428
-2.7349
-2.7349
-2.7372
-2.7372
-2.74247
-2.74247
-2.74712
-2.74712
-2.74818
-2.74818
-2.74875
-2.74875
-2.75283
-2.75283
-2.75469
-2.75469
-2.75482
-2.75482
-2.76121
-2.76121
-2.76629
-2.76629
-2.76817
-2.76817
-2.77236
-2.77236
-2.77457
-2.77457
-2.77993
-2.77993
-2.78008
-2.78008
-2.78196
-2.78196
-2.78805
-2.78805
-2.79608
-2.79608
-2.79712
-2.79712
-2.79951
-2.79951
-2.80718
-2.80718
-2.80761
-2.80761
-2.81182
-2.81182
-2.81866
-2.81866
-2.81994
-2.81994
-2.82276
-2.82276
-2.83222
-2.83222
-2.83285
-2.83285
-2.83566
-2.83566
-2.84191
-2.84191
-2.84974
-2.84974
-2.85112
-2.85112
-2.85628
-2.85628
-2.86554
-2.86554
-2.86681
-2.86681
-2.87208
-2.87208
-2.88307
-2.88307
-2.89107
-2.89107
